,0,1,2,3,4,5,6,7,8,9,10,11
0,-0.37181792749620035,-0.09445531662161326,0.27736258326085295,-0.3248098632681004,0.08927406562553107,0.23142137710441144,-0.39710991039146964,-0.19596867646448662,-1.3223389443121967,-0.6149173055180053,-0.18837914556167368,-0.10981716963435728
1,-0.36145160841567303,-0.02821695669638047,0.3332346240783582,-0.3465129778194933,0.15295154848689374,0.19427409048343397,-0.41851983083602134,-0.221097042467948,-1.3381516403865232,-0.6282054532373709,-0.201707909117656,-0.11608598054175882
2,-0.35061368187687986,-0.05335425472224421,0.2972594364737899,-0.32012550969515685,0.12195258621619573,0.19817295143642377,-0.41921201337083136,-0.2210390619344076,-1.3338563587369512,-0.6173849834455636,-0.190550908390993,-0.10670850944448843
3,-0.34822730316728473,-0.08807344572789143,0.26015385092374105,-0.3028070354243874,0.0863373978542947,0.2173047241949172,-0.40762403580312867,-0.2096290875118953,-1.3160540352659191,-0.5996586490718915,-0.17328961810162538,-0.09592594330371454
4,-0.3558421757489365,-0.03420964212190316,0.3216325397722058,-0.3399710147624097,0.14177422108117874,0.1938912698929482,-0.42689713807713686,-0.22858279668734258,-1.3285370476649563,-0.6130403545832845,-0.18611847219922986,-0.11056598802189443
5,-0.3567394438686439,-0.023539591988683925,0.33319987514976673,-0.3439039454560086,0.15104951394423552,0.18570758153115208,-0.43016278367826405,-0.2326892008936554,-1.3282125006161472,-0.6123332791059477,-0.1869482327358757,-0.11054634371257142
6,-0.35061368187687986,-0.0685983268343744,0.28201535038292835,-0.3125034852880345,0.10670850944448843,0.2057949944818545,-0.411589988963709,-0.21341701888897685,-1.3109902855155842,-0.5945188729475798,-0.17530684093843993,-0.09908647571821189
7,-0.34984907858755454,-0.03211058329817705,0.3177385005492902,-0.32954601032100783,0.14394632100850288,0.18677509730068623,-0.426845010635025,-0.22276201577778168,-1.3257830638484784,-0.6090774255339603,-0.1965785571797168,-0.12062397657106433
8,-0.3519440419623362,0.017057736053906293,0.36900179301365366,-0.3574056271221593,0.1902325656334378,0.16592532027921994,-0.4349144520017305,-0.2286023535794754,-1.332978346397507,-0.6209309729747668,-0.21055051719021622,-0.1340893250753961
9,-0.36334505079181295,-0.028201516670833555,0.33514354850503303,-0.3446872051153154,0.15018952776395197,0.19527958844584167,-0.4109533600629024,-0.20543456004121927,-1.3105372385422793,-0.6031611075206827,-0.19141622648325318,-0.11555694884123749
10,-0.381101816781986,-0.03811018261011403,0.34299165746975757,-0.3582357062840022,0.15244073044045608,0.2057949944818545,-0.411589988963709,-0.2057949944818545,-1.3186123099227065,-0.6097629217618243,-0.19817295143642377,-0.12195258621619573
11,-0.3826176402014475,0.022941742221296194,0.4055594024962921,-0.394275419728985,0.21490444486250182,0.17848318685319536,-0.4222787082101479,-0.2171582213554748,-1.3357405103406925,-0.6271207079786896,-0.21676910520807596,-0.13985247641545473
12,-0.3806887584761403,0.009632224920379536,0.390321026902407,-0.3828098865389396,0.1980444280616686,0.18647877805588145,-0.4026935872239771,-0.1957324031103964,-1.315543290990234,-0.6076534270118685,-0.19270722166734242,-0.12004378897457006
13,-0.3938334400840271,-0.026241005954781935,0.36759245291074666,-0.3781776840311496,0.16626137858096854,0.20968088522518097,-0.386441077655588,-0.18297909674092616,-1.302265894175649,-0.5939659107748612,-0.17404910683137365,-0.10683671875176888
14,-0.4039679645565868,0.022866110497983844,0.4268340377779537,-0.41921201337083136,0.2210390619344076,0.190550908390993,-0.39634590287284754,-0.19817295143642377,-1.3186123099227065,-0.6097629217618243,-0.190550908390993,-0.12195258621619573
15,-0.39895046762611386,0.038331724296601914,0.4372821808759345,-0.422243598651159,0.23706759190807888,0.17795719619779216,-0.38505399875770396,-0.1860006953709585,-1.3063164367859834,-0.5931818616784253,-0.17921696969204828,-0.10495357453931822
16,-0.38988211348313495,-0.006484272637954394,0.38339784066921134,-0.39082208844489397,0.1888680502542785,0.19274420839362355,-0.3497639471950889,-0.15848769659962897,-1.274557561881392,-0.5536392813891634,-0.14971237092964487,-0.06978252617392858
17,-0.3743173617426124,0.03146836625791847,0.40578571549957265,-0.3927371164677624,0.21847231480897378,0.16921228228773327,-0.3453493915093203,-0.16567471509105677,-1.2755409247531746,-0.551834945695568,-0.15910121975605962,-0.07397051929222219
18,-0.35061368187687986,0.09146444199193535,0.4420781238688152,-0.39634590287284754,0.2667712829303753,0.12957461994247227,-0.35061368187687986,-0.17530684093843993,-1.2805020387806274,-0.5564086763587344,-0.1676847978930092,-0.0838423989465046
19,-0.3361333935203761,0.06293698568757423,0.39907036891993564,-0.37097756328580334,0.23102119860491233,0.13332568019788787,-0.33107851862693294,-0.15750140016745184,-1.2604893422234764,-0.5362505971221263,-0.147716641025619,-0.06585195332626204
20,-0.3356082930986431,0.0692700548159042,0.40487835808120176,-0.372146806491481,0.23721112630847424,0.13062646424946733,-0.33393331715445,-0.15167555934351287,-1.2602227813399791,-0.5403818379110044,-0.15247389862444158,-0.06291068550011074
21,-0.3336517630484362,0.14495891514315812,0.4786107036845285,-0.4065764474696695,0.3112817126550026,0.09511594004689825,-0.3554812025370033,-0.1624370624503835,-1.2747758394536566,-0.5599959381404291,-0.17119825320736862,-0.0815275663945733
22,-0.32774757137889604,0.14481869671417955,0.47256625877392133,-0.4039679645565868,0.30488146088091217,0.09146444199193535,-0.35061368187687986,-0.15244073044045608,-1.2652581390728501,-0.5487866146749952,-0.16006275484757843,-0.07622036522022804
23,-0.32626583876996673,0.12262205808576969,0.4488878954017566,-0.38856179173297356,0.28091708067746485,0.09905975626081163,-0.3552854135642814,-0.14619434017223934,-1.2590313172430714,-0.5423863317311372,-0.15500709374009253,-0.06532938808569386
24,-0.3313973370874365,0.188124067366337,0.5195214264141705,-0.4263587347795353,0.3528164472020489,0.0665062546378076,-0.38777987247930473,-0.16914141407672967,-1.2769891440850585,-0.5623494601354686,-0.17002033370563868,-0.08043859075637078
25,-0.3355960411402261,0.21953703489085344,0.5551330904506573,-0.4500209720823439,0.38666682542986336,0.05575696227365956,-0.3933627796799286,-0.17140802257596036,-1.274503175400461,-0.5575912767227136,-0.16097253850850815,-0.07918366376272012
26,-0.32774757137889604,0.190550908390993,0.5182984797698891,-0.4268340377779537,0.35061368187687986,0.0685983268343744,-0.38872384118910835,-0.16006275484757843,-1.2576359655592604,-0.5411645902678729,-0.14481869671417955,-0.060976293108097865
27,-0.3098102066008119,0.23925006200183843,0.5490602516388488,-0.4331934870085729,0.3926249533932755,0.03174180852188643,-0.42595364522267176,-0.19090384144661127,-1.2750398247896415,-0.5658184096708055,-0.16497927896966696,-0.0751396910103106
28,-0.2967083744254048,0.29511941589640994,0.5918277782744301,-0.4467639810377737,0.4450520478252411,-0.0009896790307230197,-0.45984285739134273,-0.22328521638642992,-1.303750989206369,-0.5932321306335304,-0.1849293678362604,-0.09184008301154083
29,-0.28446398143821083,0.25706192551697193,0.5415259118940885,-0.41215467031170894,0.3978246696729462,0.013252108756172987,-0.4525194148136392,-0.21667367805590979,-1.297136079060579,-0.5794422594034564,-0.16692454363358344,-0.07770260459759282
30,-0.2667712829303753,0.25914923988494454,0.5259205414536282,-0.39634590287284754,0.38872384118910835,5.17694314673309e-19,-0.45732220995967676,-0.2210390619344076,-1.2957462367013395,-0.5792747868567182,-0.16006275484757843,-0.07622036522022804
31,-0.2577898019779866,0.3178555792573462,0.5756454176848113,-0.41736501269036297,0.4457108286941611,-0.03128985651373066,-0.4833198203835218,-0.24663091578230156,-1.320115055305168,-0.605903025488102,-0.1802077212826157,-0.0913416183366403
32,-0.26545289748965134,0.2864254619240409,0.551878383152586,-0.4075444629711108,0.42000767130075534,-0.009786181191441253,-0.4830233913013242,-0.2501192585103814,-1.3214671858121267,-0.6007901076211183,-0.17461692693664696,-0.08113055192902521
33,-0.2776953857237741,0.23746439651203038,0.5151597739366938,-0.39777530117743487,0.3754704178991569,0.020039483787061725,-0.47031598037160316,-0.24345004203562182,-1.307608193339811,-0.5841217351084936,-0.15643559515880334,-0.06630352778144473
34,-0.28201535038292835,0.28201535038292835,0.5640307007658567,-0.4268340377779537,0.41921201337083136,-5.344896619330239e-19,-0.4878103448647829,-0.25914923988494454,-1.3262343343298288,-0.6021408973547021,-0.1676847978930092,-0.07622036522022804
35,-0.2809136028182997,0.29221378143393933,0.5731274043781774,-0.42789811417064016,0.42809154373009617,-0.008757885950381928,-0.49985158459835577,-0.2649580202532165,-1.338042983448794,-0.6085207882328618,-0.16851096922898284,-0.0753401129885933
36,-0.2855144293513616,0.23935748116390904,0.52487191758911,-0.40486630870611195,0.3806362547710186,0.020262174057028133,-0.48100785468962104,-0.24283995750332055,-1.316186736102229,-0.5844702462691187,-0.1390298397401216,-0.052922018070834805
37,-0.2902122286583304,0.26053931630566074,0.5507515456373867,-0.42037171248959004,0.40574906799479366,0.01582066473655843,-0.4866760462902028,-0.23858475692919598,-1.313072634672006,-0.5818919499838916,-0.13071069463623572,-0.04646829378234495
38,-0.2896373934283591,0.2896373934283591,0.5792747868567182,-0.434456062185076,0.434456062185076,2.43900572123824e-19,-0.5106764180861498,-0.25152719683951374,-1.3262343343298288,-0.5945188729475798,-0.1371966536687488,-0.05335425472224421
39,-0.2889371493694338,0.22630414089961715,0.515241272761075,-0.4052869498788808,0.37134854058687905,0.02822960523800954,-0.5004474643117433,-0.24174160234898198,-1.309111745909487,-0.5835452140497903,-0.12014871597811777,-0.04359076165738228
40,-0.29165714856784536,0.20006641708737646,0.4917235566304755,-0.39441627301291404,0.343524355450612,0.041303150417172044,-0.4960136548197027,-0.23157250955116618,-1.299508827148069,-0.5776337662370117,-0.11261400199765446,-0.032545256839481715
41,-0.30012885514483933,0.2384949299060004,0.5386237832896891,-0.41846915531467915,0.385154730825621,0.027875578444735736,-0.5158858830278554,-0.23755399569315488,-1.3141852729522994,-0.5898003498536626,-0.12515498232058553,-0.042034626593909975
42,-0.30488146088091217,0.19817295143642377,0.5030543936790275,-0.4039679645565868,0.35061368187687986,0.05335425472224421,-0.5030543936790275,-0.2210390619344076,-1.3033682611084618,-0.5792747868567182,-0.11433055248991919,-0.03811018261011402
43,-0.30311056501402817,0.13642116377894273,0.43953172646161665,-0.37197246062742445,0.28828420922777276,0.08367361950631419,-0.4787686677572455,-0.19767996119326683,-1.279822096762338,-0.5618218884567869,-0.10223359065529193,-0.02163309527430877
44,-0.3118107678872219,0.16064011977261708,0.47245091639015446,-0.39105890066114374,0.31654598012360513,0.07523417606156194,-0.49124105370154614,-0.20799626333343843,-1.2878316312393754,-0.5743238477050037,-0.12201461494865005,-0.03547001251751039
45,-0.32238956003683045,0.15374155408543974,0.47613115140858975,-0.400505602049733,0.3143776875909279,0.08455554266203426,-0.48955650288394986,-0.20960360239327297,-1.293134748085474,-0.5747787056009355,-0.12676867991929364,-0.04469607579680701
46,-0.32774757137889604,0.0838423989465046,0.411589988963709,-0.37347979237486373,0.24390517243239146,0.12195258621619573,-0.4649442343667991,-0.190550908390993,-1.2805020387806274,-0.5564086763587344,-0.11433055248991919,-0.030488146554048922
47,-0.3391613188644833,0.08532136205548789,0.4244826729383592,-0.38534187066719916,0.2505864355874264,0.12661160984960126,-0.47305160608805885,-0.20351270177464129,-1.2922320169820507,-0.5693975483999905,-0.13431893192404598,-0.04386406300213418
48,-0.34470045854982356,0.10660437615125279,0.4513048336530586,-0.40273073693607525,0.27572449477337274,0.11968763082859608,-0.48333957557961904,-0.2247456222958365,-1.3170920508420854,-0.5895943876030376,-0.15570464907371345,-0.06425334870170382
49,-0.3430439795427158,0.040756390118748126,0.3838003723313416,-0.36585352194628806,0.20804861851056608,0.1502100082549736,-0.46635159377460167,-0.21732662793234125,-1.314920866153046,-0.5840434511216309,-0.15015353241486032,-0.05848819742214173
50,-0.3582357062840022,-2.1493127624307374e-19,0.3582357062840022,-0.3582357062840022,0.17530684093843993,0.17530684093843993,-0.47256625877392133,-0.22866110497983838,-1.3262343343298288,-0.6021408973547021,-0.1676847978930092,-0.07622036522022807
51,-0.37808615056222855,0.024594787256696473,0.4026809679764353,-0.3939690741235929,0.2127893290330596,0.17281161642055243,-0.48968725915045025,-0.25712186092899836,-1.3585580351874813,-0.6366227511180991,-0.2014228942075882,-0.11111622758634182
52,-0.38068364313181774,-0.010783163139463533,0.36990051121965484,-0.3759144258517685,0.18018551471522254,0.19178048184834123,-0.471300846417405,-0.2482802094158543,-1.3574138832151614,-0.6317586227675792,-0.20200998026855604,-0.10616480058314443
53,-0.38323796636717244,-0.062407163309241745,0.32083080500474653,-0.3474884881908275,0.12883152454019595,0.21961306273076925,-0.4560456598279778,-0.23625377912918982,-1.348716807981115,-0.6276495847357759,-0.2014788009263439,-0.10292147575524671
54,-0.39634590287284754,-0.030488146554048925,0.3658577679677414,-0.381101816781986,0.1676847978930092,0.21341701888897685,-0.47256625877392133,-0.25914923988494454,-1.3719666298790303,-0.6554951427577921,-0.22866110497983838,-0.1371966536687488
55,-0.39811267274138973,-0.02594355406442974,0.37216913052235073,-0.386661878459899,0.1737592493161372,0.21261001044291458,-0.4670530834016662,-0.26049592918715675,-1.3717617868482548,-0.6552420166661637,-0.23441491746225251,-0.14443277494731313
56,-0.3949727973738601,-0.08956458300224403,0.3054081885377665,-0.3468940615679448,0.10562449398797985,0.2415002386402071,-0.43776227754316244,-0.232360640237864,-1.347414979535483,-0.6353295466032596,-0.2177669232708383,-0.12441078830212006
57,-0.41073236547432,-0.08840077882861225,0.3223315694656719,-0.36364220639346323,0.11338309966370051,0.25019890265702205,-0.4376331434083072,-0.23266090778463897,-1.353745606759082,-0.6462805896222692,-0.22696483547099927,-0.13774231413940766
58,-0.4268340377779537,-0.06097629310809787,0.3658577679677414,-0.39634590287284754,0.15244073044045608,0.24390517243239146,-0.4420781238688152,-0.24390517243239146,-1.3643444563654403,-0.6554951427577921,-0.23628312938696067,-0.15244073044045608
59,-0.42642799694659395,-0.11153087689388447,0.3148971431186898,-0.36823597310518186,0.10266048994685405,0.26545620293611105,-0.4179118219465721,-0.23166158037474252,-1.3402706526869523,-0.6366935705390304,-0.21778718495494936,-0.13394224502298568
60,-0.43015478034478427,-0.13270952771135566,0.29744526661817133,-0.3586139057532995,0.07979392230670111,0.27913484298728375,-0.40997614264466054,-0.23231539667112155,-1.3318434476198204,-0.634584187743024,-0.21613113765275865,-0.1349335575392674
61,-0.43402932148223927,-0.08416885947927387,0.3498604653682359,-0.3894164240412235,0.12938168688751206,0.25968651188920233,-0.42157851039900046,-0.24701148197848893,-1.3562397972003768,-0.6523781218793694,-0.23296746653305034,-0.15887018886506857
62,-0.4268340377779537,-0.10670850944448843,0.32012550969515685,-0.37347979237486373,0.10670850944448843,0.2667712829303753,-0.411589988963709,-0.23628312938696067,-1.356722431958318,-0.6478731183506697,-0.22866110497983838,-0.15244073044045608
63,-0.42513896318013067,-0.15721399264692823,0.26792496235710983,-0.34641338823380435,0.05633316351005232,0.29114121464758175,-0.401057354369391,-0.22532653138198971,-1.3391013048789286,-0.6372884127476341,-0.22444109475978027,-0.14079901299822684
64,-0.42643773908868976,-0.11596655271414955,0.310471194223897,-0.36895558019055635,0.094599777445808,0.270031498728898,-0.4135080593989859,-0.2396567369625036,-1.353036260672909,-0.650099657814332,-0.23953984953721585,-0.15960538891589063
65,-0.41274970098494757,-0.09643631113586615,0.31631338384447344,-0.3636168491412331,0.10659670103723179,0.2496872887685993,-0.4172385640311494,-0.24021724108640963,-1.361858083968432,-0.6519817135316673,-0.24140185364445596,-0.16508589528653628
66,-0.39634590287284754,-0.14481869671417955,0.25152719683951374,-0.32012550969515685,0.05335425472224421,0.2667712829303753,-0.4039679645565868,-0.2210390619344076,-1.3414783831440735,-0.6326290695364251,-0.22866110497983838,-0.14481869671417955
67,-0.39397375512149196,-0.1255174249434482,0.2684563311897341,-0.32970272010695073,0.07209744333825854,0.25974081559258577,-0.40609015513748853,-0.2230772418433981,-1.340946857469577,-0.6337745563128443,-0.2322152997348118,-0.14640013794310267
68,-0.40064168973462605,-0.09098474716064037,0.3096569308987925,-0.3567642294395795,0.10751048423358792,0.24379917580981925,-0.4176580722100699,-0.23471575556503682,-1.3587447402333417,-0.6469292144169057,-0.23809421491043326,-0.15935498002460946
69,-0.40405598731523934,-0.14460770307473586,0.25944825018494105,-0.33020878065987214,0.05287330694838471,0.2706937168565302,-0.40525947790718564,-0.2229321279594929,-1.3504530174640421,-0.6331644666506282,-0.22218636653198867,-0.14613814447552634
70,-0.4039679645565868,-0.16006275484757843,0.24390517243239146,-0.32012550969515685,0.038110182610114035,0.28201535038292835,-0.4039679645565868,-0.2210390619344076,-1.3491005566576633,-0.6326290695364251,-0.2210390619344076,-0.14481869671417955
71,-0.4078935867619411,-0.10943068243868992,0.2984628798456163,-0.35247847772773544,0.09407421206662951,0.25950375805539994,-0.42085773000737353,-0.2364570908511243,-1.363996946996762,-0.654543630452636,-0.23678024866669295,-0.16597042374128396
72,-0.41943203871411344,-0.13674988433958002,0.2826821467821936,-0.3501385766344362,0.07276533100577963,0.2759380027835215,-0.39965238913062173,-0.2223146679047474,-1.3482386929526244,-0.6400715150402838,-0.2235939849755557,-0.15746296794870454
73,-0.4281896802146433,-0.17986713446832597,0.24832254877058052,-0.33331569543079304,0.03472619209154148,0.29978742932207736,-0.37894429374839367,-0.20222009724537057,-1.3311068535973267,-0.6240035759384048,-0.21456492076648648,-0.14367255367583037
74,-0.4268340377779537,-0.12957461994247227,0.2972594364737899,-0.3582357062840022,0.0838423989465046,0.2743933073374976,-0.39634590287284754,-0.21341701888897685,-1.3491005566576633,-0.6478731183506697,-0.23628312938696067,-0.16006275484757843
75,-0.4293695355524343,-0.11777084811628277,0.3115987197417041,-0.3703345952031327,0.09312015752259278,0.2702412543557848,-0.3896061275071447,-0.21219128717867108,-1.347500716261686,-0.6477649529405916,-0.23518245945462923,-0.1592338622495929
76,-0.4466312139788728,-0.17771817483573926,0.2689130439730364,-0.356178007998861,0.04409995597706759,0.3073576254088694,-0.3684954695142261,-0.19411872124794788,-1.3285635016224893,-0.6269558228587448,-0.21832760188404843,-0.14132445497711593
77,-0.45989807516457804,-0.1571221713869575,0.3027758812880998,-0.37691860869042854,0.07217146594196461,0.30605127577591373,-0.3792567486993245,-0.2049059523686339,-1.338886848208104,-0.6390798678732291,-0.2250970853903865,-0.15068970418340522
78,-0.4649442343667991,-0.11433055248991919,0.35061368187687986,-0.4039679645565868,0.11433055248991919,0.2896373934283591,-0.38872384118910835,-0.2210390619344076,-1.3491005566576633,-0.6478731183506697,-0.22866110497983838,-0.16006275484757843
79,-0.47078696565029765,-0.16127496811002628,0.30951201766595704,-0.3867226871145801,0.07328509157862005,0.31278510068709214,-0.3758104438020124,-0.20894134762981684,-1.334225480010559,-0.6275359752302605,-0.210573906160566,-0.1422772753879207
80,-0.47488188691201,-0.16568293234037001,0.3091989632804633,-0.38756679044011766,0.07065265093751866,0.31791635190134204,-0.37632200763805135,-0.21019366840288892,-1.3423486600512913,-0.6334472641186542,-0.20686113407557896,-0.13893852830042724
81,-0.48280034258250204,-0.09043419370336787,0.3923661477942132,-0.4346719320078708,0.14647636174331724,0.28678150998045926,-0.39279090809242456,-0.23690982302126484,-1.3716543568501491,-0.663835535563268,-0.22880219196789642,-0.15822500731871555
82,-0.4801883204576606,-0.07622036522022804,0.4039679645565868,-0.4420781238688152,0.16006275484757843,0.2743933073374976,-0.38872384118910835,-0.24390517243239146,-1.3795886542861524,-0.6707391915720368,-0.23628312938696067,-0.15244073044045608
83,-0.46477140508884934,-0.07063591177320723,0.39413550136426495,-0.4297581430139808,0.1576986190157739,0.26270270781214816,-0.381881938242749,-0.25280636055267774,-1.3939540130377701,-0.6853943523315347,-0.24150495398692837,-0.1406596002851615
84,-0.47566199748530913,0.027193982487118663,0.5028559673738648,-0.48892526872019454,0.26319479933903145,0.2232480275344735,-0.40840564002077995,-0.3032988618405888,-1.4460927550784524,-0.7411886366324671,-0.2820738730344096,-0.16341629180769995
85,-0.48911620487449264,0.11029209896711942,0.5994083173210589,-0.5444979987846656,0.3547014057348821,0.18891520930432254,-0.4295600768702474,-0.3441578264165611,-1.4877787892194207,-0.7892762613787241,-0.3088650911348947,-0.1741058200037201
86,-0.4801883204576606,0.1524407304404561,0.6326290695364251,-0.5564086763587344,0.38872384118910835,0.16006275484757843,-0.434456062185076,-0.3658577679677414,-1.5167852427208217,-0.815557878967062,-0.30488146088091217,-0.15244073044045608
87,-0.4794743884985344,0.27855609578567797,0.7580304523327555,-0.6182853315715721,0.5138589795480348,0.09585076848093257,-0.46902880296450983,-0.4243523311188394,-1.5716239033216244,-0.8641103789543071,-0.32184750591407263,-0.15029169823996794
88,-0.476252653377786,0.43149190952747024,0.9077445332441363,-0.6938888012055537,0.6664682015330854,0.020832830805481255,-0.5137431033784151,-0.4868376910215427,-1.619883549336678,-0.9123617554206389,-0.32599634644821507,-0.14623448885931753
89,-0.45809953322873764,0.49628850916046624,0.9543879919000493,-0.7105850856485503,0.7210926899085428,-0.01886156233923466,-0.5287279716601814,-0.5074811897701158,-1.6330078843138858,-0.9090886721363423,-0.27843123653435314,-0.09343497064448567
90,-0.434456062185076,0.5868968112638405,1.0213528361722997,-0.7317155359354828,0.8003138301528174,-0.07622036522022804,-0.571652725172979,-0.5487866146749952,-1.6616038555626134,-0.9070223209589974,-0.22866110497983838,-0.04573222099596767
91,-0.39641235933126984,0.742356186556953,1.1387686139537176,-0.7686616241001814,0.9396298217660708,-0.17290167969563078,-0.6576145383955435,-0.6215050433954628,-1.700831197204261,-0.9217121738305888,-0.18008065496000764,-0.014317598049459498
92,-0.35101570459385395,0.8109515516324473,1.1619672763231006,-0.755275439048006,0.9873647325483249,-0.230202209059754,-0.7315957635073653,-0.6622522956221316,-1.7033905275105394,-0.8751881281596465,-0.0801690565228029,0.07162364437609917
93,-0.30255978638693953,0.8426882968855944,1.1452480506487992,-0.7252617041018468,0.9929742308630397,-0.2697600980367977,-0.8348455964577096,-0.7051930151174092,-1.701029645883203,-0.8011374142048812,0.05155544523612962,0.17690778470498267
94,-0.23628312938696067,0.952754541954965,1.1890377458951595,-0.7164714125680044,1.067085131721501,-0.3582357062840022,-1.0137308863184111,-0.7926918057456951,-1.722580349032527,-0.7469595847497275,0.190550908390993,0.2667712829303753
95,-0.1569879624345295,0.9991710040013979,1.1561590232883814,-0.6574758484678507,1.0736261915581569,-0.42412317673830713,-1.207146093565178,-0.8711842060207562,-1.7170545215115713,-0.6481295219398935,0.3665008992165117,0.39320056725985286
96,-0.07228241137063433,0.906437667667531,0.9787200471547529,-0.5251344261489626,0.9389679227758203,-0.42126849541290556,-1.4105030845958781,-0.9312392995578679,-1.6812224377969844,-0.5056076303835768,0.5697168369987731,0.5322526122744992
97,0.027239860172621876,0.8088719617605711,0.7816321113683304,-0.3771325191462399,0.791341904525798,-0.4218174000796953,-1.652799132237102,-0.9970937319940676,-1.6510128409122298,-0.3638389950863333,0.7655015595988286,0.646312629806643
98,0.12957461994247227,0.6402510193903137,0.5106764180861498,-0.190550908390993,0.5716527251729789,-0.38872384118910835,-1.8902650350956853,-1.0442189839469005,-1.6082496847127572,-0.2057949944818545,0.9679985907692097,0.762203633563972
99,0.2210697378864758,0.2763288972939159,0.05525914395489229,0.0798206447516932,0.16195192041524173,-0.2498858086596201,-2.0783076074317988,-1.0537847981078903,-1.533580127351091,-0.03186403876711594,1.177586747392846,0.8752830274972692
100,0.31207541165331976,-0.15422882856581768,-0.46630423596917714,0.3861471044834853,-0.3130589998624611,-0.07780848832172248,-2.238003866003212,-1.0441526042550415,-1.46454989192193,0.12169050615852467,1.3529786750320834,0.955058184906929
101,0.3889936901314579,-0.5996803009657689,-0.9886740682237711,0.6903790549071651,-0.7924994564406996,0.10453777954794058,-2.3850866863781235,-1.0312268922524872,-1.4167951558586553,0.24573125901521653,1.478181151913792,0.9920991953730565
102,0.4497001482759375,-1.166171598120559,-1.6158718582263472,1.0365969595397782,-1.3872106786932747,0.3582357062840022,-2.4847838334900314,-1.006108787358055,-1.3719666298790303,0.3582357062840022,1.5777615870842678,1.0137308863184111
103,0.5050476311039046,-1.7462048217386603,-2.2512524074252167,1.3821296578854658,-1.9979221301916126,0.624301621668226,-2.53234814632892,-0.970840677411112,-1.3334432789999089,0.4417617472485677,1.6437120698890748,1.0209180576787515
104,0.5355522311863685,-2.2053574337982944,-2.7409096255595458,1.640732316771738,-2.4734287599554374,0.8368485424904575,-2.5654732800188125,-0.9359588175688149,-1.3094898562401116,0.4811371938414149,1.6621332379021365,0.98699382603947
105,0.5572446454848226,-2.6264664602071575,-3.1837111534754614,1.8694071072567753,-2.9051661456826605,1.034349060119934,-2.5583470570190703,-0.8735052498460278,-1.2698301638544809,0.5330966484170089,1.6758314897134594,0.9516165910588893
106,0.5792747868567182,-3.0183264366273987,-3.5976011862075,2.088437967893801,-3.307963960523917,1.2195258435236487,-2.500027882304276,-0.7850697813385727,-1.2042817947094042,0.6021408973547021,1.6920921022975701,0.9298884687335982
107,0.5756382030988676,-3.2441698438023097,-3.819808015006727,2.2016141819826514,-3.529071168522602,1.3336865148705426,-2.445283368389728,-0.7133810568890386,-1.1471651892375616,0.6269468611065514,1.6644100448724044,0.8763819471455137
108,0.5691035537267074,-3.3525242239471966,-3.921627812861722,2.246950531094246,-3.6327726598667818,1.3941887496590752,-2.3959755398280818,-0.648259065394351,-1.110319920327951,0.623357684087965,1.6099429308379596,0.8141132501589841
109,0.5720069500691812,-3.465448917676677,-4.0374558422699,2.305138760331366,-3.7477374003682904,1.4499395730010953,-2.318459666895908,-0.5665822780813785,-1.0653300018805647,0.6244159425106495,1.5596651676398503,0.7706130364335628
110,0.5564086763587344,-3.4832708201006657,-4.0396794964594,2.301855098612628,-3.7576639969700043,1.4634310718709655,-2.240878754249182,-0.5106764180861498,-1.0442189839469005,0.5792747868567182,1.4710529471716203,0.708849388160882
111,0.5191979684479202,-3.3770163347962106,-3.89621441597232,2.211717237410324,-3.6354123684392636,1.4314300432646818,-2.1746677875007183,-0.5016587885458232,-1.07855485224744,0.46143888314620807,1.325799367533091,0.6228362234637953
112,0.4669622845654398,-3.308415364373387,-3.7753776784984296,2.125221353916045,-3.5430791862588733,1.4253957422001289,-2.084400060805839,-0.5022390372728697,-1.1312454714524833,0.3068372394831957,1.16805232062855,0.5413913717629905
113,0.4062916714839747,-3.2310484365731096,-3.6373400147147503,2.024783663239857,-3.4330494558019424,1.4159032270633478,-1.9750910999166096,-0.5060232621233746,-1.2000806404256914,0.12692268074345964,0.9986830211723335,0.45710196432253103
114,0.34299165746975757,-3.0335704854416434,-3.376562180188018,1.8597769374671964,-3.2012553206112697,1.3491005566576633,-1.875020986281441,-0.5335425658607506,-1.3109902855155842,-0.08384239894650461,0.7926918057456951,0.35061368187687986
115,0.2750431892314676,-2.851550354768169,-3.126593744316793,1.703294440590859,-2.985160726212262,1.2895868301201174,-1.741685552075655,-0.5424975592692185,-1.400835583641199,-0.2757373747520663,0.5952137775855771,0.2529411224995092
116,0.205297403030047,-2.732275243250038,-2.9375727901479145,1.576297034023117,-2.831040048745285,1.2621183642754772,-1.557571477213318,-0.5021021948294839,-1.4347921389281983,-0.4175494367186735,0.444807481481761,0.18564108369526894
117,0.1379610318179995,-2.5375328156752146,-2.6754938744463974,1.4099686855642575,-2.6031691582126704,1.201074260484246,-1.3857534155231286,-0.4607623358467824,-1.467440624402339,-0.5452581829506989,0.3001730505748682,0.10850987328882672
118,0.07622036522022804,-2.3247211718339953,-2.400941565011686,1.2423919167450157,-2.3628312938696068,1.1280614015317134,-1.2271479424840048,-0.4268340377779537,-1.493919169499455,-0.6478731183506697,0.16006275484757843,0.030488146554048932
119,0.019411992412676004,-2.205818955901771,-2.2252309735483404,1.1267820153960295,-2.216610734756466,1.0968793715987586,-1.0416200353929683,-0.36452034117849225,-1.476348905503998,-0.6963252254956703,0.05946152379319715,-0.015367840055393888
120,-0.04035694486538331,-2.0741337677903795,-2.0337767758573553,0.9984003998776116,-2.051062544897278,1.0615777309234784,-0.8832117252192349,-0.31133329422829203,-1.4709641897022903,-0.7405531406774589,-0.03467209123673763,-0.07407184511011215
121,-0.10712628883019952,-1.8920486914679033,-1.7849224310573968,0.8385676578339963,-1.835390707731165,1.0025004350832958,-0.7700998878086838,-0.2911718274080207,-1.4903054993204166,-0.7922766123251264,-0.14218255882966366,-0.15597137848951687
122,-0.1829288839838707,-1.79880059310375,-1.6158718582263472,0.7164714125680044,-1.7073361511118148,0.9908647385438105,-0.6478731183506697,-0.25914923988494454,-1.4786751206852102,-0.8079359291131736,-0.2210390619344076,-0.2057949944818545
123,-0.2637525872048781,-1.7431634132265938,-1.4794108885758965,0.6078798227210006,-1.6112914222026427,1.0033732510713804,-0.5354342013957453,-0.2241850400283562,-1.464568182087655,-0.8192033499109628,-0.29043138292380405,-0.24584590167585335
124,-0.3372479644165752,-1.6079101859715,-1.270662198918773,0.46672049764490636,-1.4397913225365675,0.9723053266709216,-0.4719022382403749,-0.2253889233690305,-1.4898987258843128,-0.859021279179069,-0.3867945621277803,-0.31665443684654293
125,-0.40275091405023583,-1.4962988568309568,-1.0935479634129095,0.34532334021178024,-1.2938836748730895,0.950309549891452,-0.40890298859524055,-0.2238835829851148,-1.4969259513393292,-0.8773155906094801,-0.4617483359538877,-0.371459988830833
126,-0.4649442343667991,-1.4481868739502535,-0.9832427141366882,0.25914923988494454,-1.2119037445632928,0.9603766409153212,-0.32774757137889604,-0.190550908390993,-1.4634310718709655,-0.8612901745162636,-0.49543236927190526,-0.38872384118910835
127,-0.5091301421274559,-1.313398032283328,-0.8042679803046677,0.1478179950598974,-1.0577798454687717,0.9128789069830544,-0.27596734435166576,-0.16923558064531635,-1.4466174049377232,-0.8590492493708158,-0.5353750683321198,-0.41543000791002155
128,-0.5324248586259432,-1.133431021111634,-0.6010061769853661,0.033678932659253126,-0.8677364930053711,0.8311660186118888,-0.24270094618863813,-0.16017960186185673,-1.4418939092597125,-0.8554781504691188,-0.5633556125863634,-0.44046874649536744
129,-0.5581117689706867,-1.0428735090002903,-0.48476169646210154,-0.03572721600420571,-0.7638152520283079,0.8021532467582655,-0.18299504179010193,-0.12084336185537542,-1.3984649114238656,-0.8138625993931001,-0.5489096378269502,-0.4268328021501238
130,-0.5792747868567182,-0.9375104931407205,-0.3582357062840022,-0.10670850944448841,-0.6478731183506697,0.762203633563972,-0.1371966536687488,-0.0838423989465046,-1.356722431958318,-0.7774476823782167,-0.5335425658607506,-0.411589988963709
131,-0.5842489439154277,-0.7655159477098947,-0.18126703086506493,-0.19764954881490202,-0.47041608335361795,0.675504101191,-0.12212841034532879,-0.07408803689279549,-1.34133679569416,-0.7629675773913313,-0.5307945913207786,-0.4095768230700208
132,-0.595312188695854,-0.6817363617167307,-0.08642420164348155,-0.2502732980247054,-0.37995466557625357,0.6386763806787772,-0.08680838419469133,-0.04694647872576431,-1.3034000894304023,-0.7250044332278694,-0.5056558992499613,-0.38163994055617967
133,-0.6013744220477383,-0.6406918537145736,-0.03931744804797857,-0.2780834893722116,-0.3360857966845614,0.620216006961094,-0.054066958892524275,-0.01548677604251182,-1.2618700122943463,-0.6820931170002862,-0.47011082385977615,-0.35152175437704386
134,-0.5868968112638405,-0.5182984797698891,0.0685983268343744,-0.32774757137889604,-0.2210390619344076,0.5487866146749952,-0.060976293108097865,-0.015244073277024466,-1.2576359655592604,-0.6707391915720368,-0.45732220995967676,-0.35061368187687986
135,-0.5788541042028355,-0.43554653232740487,0.14330754475115237,-0.3587529981024644,-0.14536642170129932,0.5034360789068637,-0.0549097767053848,-0.003388981635529546,-1.235007934715357,-0.6425835520612706,-0.43472657164787987,-0.33325617450688205
136,-0.5759216080729012,-0.4364586499487533,0.1394629511252418,-0.35238999830856127,-0.14870097592467854,0.5017539124009578,-0.02736941260562157,0.029442991522199046,-1.186201358509022,-0.5887435267252061,-0.3850895112960659,-0.29393653327749536
137,-0.5550673091372781,-0.36945150021251016,0.1856158296381191,-0.3678848228071171,-0.09210616686944745,0.4596348771039946,-0.02515348562554458,0.037438263055125404,-1.1732882205267177,-0.5696799480309133,-0.3632280878840196,-0.28090705221485024
138,-0.5335425658607506,-0.2743933073374976,0.25914923988494454,-0.39634590287284754,-0.007622036638512231,0.4039679645565868,-0.030488146554048932,0.03811018261011402,-1.173793622527681,-0.5640307007658567,-0.3582357062840022,-0.2743933073374976
139,-0.526647729218794,-0.2697174202685977,0.2569302670654444,-0.39160369462973604,-0.0030843246364465325,0.3949557167460233,-0.013228903876886801,0.06625345943933711,-1.1390329358280789,-0.523561562616054,-0.32335797969273045,-0.24425033303717503
140,-0.5218586920090147,-0.2534272950874199,0.26843137326329347,-0.3957527080022427,0.010006254283882014,0.3853445066298225,-0.005849709053229309,0.08411942094641969,-1.115943664190895,-0.49825184850976084,-0.3046536856811939,-0.23320935214942684
141,-0.5167193401984542,-0.17073870152005516,0.34598061924533413,-0.4303391836368141,0.08696647186562788,0.3437576445834285,-0.019084563692269442,0.07177027014284108,-1.1201735753334532,-0.5037069523049901,-0.3147569111795434,-0.24777822763495844
142,-0.5182984797698891,-0.16006275484757843,0.3582357062840022,-0.434456062185076,0.09908647571821189,0.3353695957860184,-0.007622036638512234,0.0838423989465046,-1.0975732293499905,-0.4801883204576606,-0.2972594364737899,-0.23628312938696067
143,-0.5229033832046438,-0.19041038297696808,0.3324929956626348,-0.42636016462383547,0.06881597994092761,0.35216899784997824,0.019832732063520396,0.1174110586179377,-1.0623666585985796,-0.44476340784989127,-0.2689198084974914,-0.21365052570950416
144,-0.5325625711166007,-0.14390471508609176,0.3886578622332975,-0.461871682261687,0.11676998144001623,0.3350995144154071,0.01906297399698462,0.11847746840636635,-1.0600111644265944,-0.446325180777608,-0.2704994126701896,-0.22156327791190233
145,-0.5438758678387982,-0.12922041199239884,0.4146554654174753,-0.4781219283226362,0.14062351509884,0.33233241642969824,0.01732412580756165,0.11718144964892735,-1.0525050637315094,-0.44545826518744736,-0.27213158976553586,-0.22714025534512225
146,-0.5487866146749952,-0.190550908390993,0.3582357062840022,-0.4497001482759375,0.0838423989465046,0.3658577679677414,0.030488146554048932,0.1371966536687488,-1.0289749351326558,-0.4268340377779537,-0.25914923988494454,-0.21341701888897685
147,-0.5531494160721775,-0.17923386221088705,0.37391553672098454,-0.45939139251496,0.09389076390435054,0.36511997686728087,0.026350572134030848,0.13487877275250196,-1.0306252843868329,-0.4344531045411191,-0.26194710576739005,-0.21616878003161683
148,-0.5613280126523559,-0.13969992326075456,0.4216280776098941,-0.48916904474805245,0.1388270072416626,0.3517355827436744,0.02197451769323009,0.1237115619689238,-1.0404910515392436,-0.449006704534426,-0.27156879388860544,-0.22582871185098688
149,-0.5628619338726475,-0.190678572059357,0.37218336522662215,-0.46846159130694587,0.09077074301459452,0.37541447165012926,0.03532070513121901,0.13417174326103173,-1.0324522910603116,-0.4356986044038341,-0.2619192230712635,-0.21652542799175503
150,-0.5564086763587344,-0.21341701888897685,0.34299165746975757,-0.4497001482759375,0.06097629310809787,0.381101816781986,0.03811018261011402,0.1371966536687488,-1.0365969595397782,-0.434456062185076,-0.25914923988494454,-0.21341701888897685
151,-0.5455329032578363,-0.1554009927515667,0.3901319148381349,-0.46413585424149056,0.11254861293886005,0.3495743505490764,0.030491335290622153,0.12866406641834274,-1.0454866954946027,-0.44974575958394103,-0.2723892114822576,-0.2212258759405701
152,-0.528862009738305,-0.15606277786133987,0.37279924475389836,-0.4488107104322402,0.10694734903000017,0.34281648996518044,0.03622498397350377,0.1392371836562466,-1.0312622861144076,-0.4360261471494623,-0.26873782716212724,-0.21337049992197105
153,-0.5146130733380692,-0.18562552268508029,0.32898754179424927,-0.42213613912462317,0.07196487162745584,0.35020417758711037,0.04954339077362462,0.1561647517253184,-1.0192300435692063,-0.41431391130148704,-0.2566379404385142,-0.20545262561957317
154,-0.5182984797698891,-0.1371966536687488,0.381101816781986,-0.4497001482759375,0.12195258621619573,0.32774757137889604,0.05335425472224421,0.15244073044045608,-1.0289749351326558,-0.41921201337083136,-0.2667712829303753,-0.2210390619344076
155,-0.5257405582732482,-0.11070042547790275,0.4150401459500239,-0.4708283705257752,0.14952591786493216,0.31508082288142214,0.05703703786840657,0.15345740773935784,-1.0215670672459607,-0.41237842987783924,-0.27144403256704375,-0.22613098248723534
156,-0.5229215322589379,-0.1486765126434273,0.3742450045073884,-0.4463932057554625,0.10770716309217307,0.3329483048471233,0.07023225488186635,0.17559293353578997,-0.995555106452488,-0.3861299125971207,-0.2540420800784408,-0.20805403032979702
157,-0.5301027526310321,-0.12901490757403647,0.4010878255935402,-0.4620665456921065,0.1335625381165757,0.330635013878525,0.07677536514071927,0.18147308686618888,-0.9920411570774051,-0.38297917975549994,-0.25502903322464954,-0.2094808867097432
158,-0.5487866146749952,-0.09146444199193535,0.45732220995967676,-0.5030543936790275,0.1829288839838707,0.32012550969515685,0.07622036522022804,0.17530684093843993,-0.9984868375041666,-0.38872384118910835,-0.2667712829303753,-0.2210390619344076
159,-0.5554315878420357,-0.13535354258189536,0.42007807913294193,-0.48823447409363013,0.1394759126068309,0.34189802352357346,0.08629289297586516,0.19107835432638376,-0.9815092147213927,-0.3715410845586894,-0.25518602627039577,-0.20940998969210994
160,-0.558620238820348,-0.15541615132613526,0.4032040864785428,-0.4805124737973024,0.12063658091118687,0.3544482427916915,0.09821458208273974,0.20362602819933318,-0.969275971721957,-0.3633813582638882,-0.2538053362963239,-0.2082032185525871
161,-0.5653942385745075,-0.10593798290683665,0.45945627458751825,-0.5125878196112748,0.17821650413490786,0.33666786759165157,0.09877604869648701,0.19445458595078685,-0.9781956686531359,-0.3779488246171817,-0.27168582888157206,-0.22593589565504332
162,-0.5640307007658567,-0.12195258621619573,0.4420781238688152,-0.5030543936790275,0.16006275484757843,0.34299165746975757,0.10670850944448843,0.19817295143642377,-0.9756206897295658,-0.37347979237486373,-0.2667712829303753,-0.2210390619344076
163,-0.557465233523257,-0.1709236098237898,0.3865415872714348,-0.472036564455807,0.10356337379194877,0.36051394454679064,0.11596170787778473,0.21203216282193943,-0.9656567016877922,-0.3622584404416345,-0.25620706567339396,-0.21055017660654557
164,-0.5527987984991747,-0.13352248078551437,0.4192763067338917,-0.48584295963506474,0.14188445104616512,0.34114660772939703,0.10627523788919722,0.21104659475216836,-0.9745652860995921,-0.378112956432182,-0.269859153572034,-0.22409966700427983
165,-0.5457953903752221,-0.10905325744470314,0.4367421540635253,-0.49156313261571427,0.16288535051456982,0.3274619240885298,0.11324592172226242,0.21866635220185499,-0.9692301337226013,-0.3747973743348767,-0.27068591679186765,-0.22505201165919725
166,-0.5411645902678729,-0.15244073044045608,0.38872384118910835,-0.4649442343667991,0.11433055248991919,0.34299165746975757,0.14481869671417955,0.24390517243239146,-0.9451325175478427,-0.35061368187687986,-0.25152719683951374,-0.2057949944818545
167,-0.5362229795542895,-0.12584179809602836,0.4103811453008413,-0.4702442118524417,0.14176179239499365,0.3259593249745854,0.15346524146322996,0.25220749212457616,-0.9421023844153518,-0.35948782021076536,-0.2538935477922315,-0.20810263268892398
168,-0.5265478068884373,-0.05967172833222099,0.46687607013086485,-0.4925933870280982,0.20185365058072283,0.2923672096667076,0.1565838958255482,0.253432251403451,-0.9422378913923425,-0.3662247283427136,-0.26434234194096895,-0.21881958558225958
169,-0.5275378287351323,-0.08515870497051586,0.4423791141433439,-0.4811140264239971,0.1750732562426907,0.30555509072796316,0.18665151975049615,0.2751804838060898,-0.9216468559301417,-0.34137244769989633,-0.2543195807587256,-0.20847257468902894
170,-0.5335425658607506,-0.09908647571821189,0.434456062185076,-0.4801883204576606,0.1676847978930092,0.3125034852880345,0.2057949944818545,0.2896373934283591,-0.9146444199193535,-0.3353695957860184,-0.25152719683951374,-0.2057949944818545
171,-0.526706111863944,-0.039526040935371,0.48718004239315305,-0.5059152226928245,0.2214704039548582,0.2793273690556729,0.2030436157640702,0.286676756952862,-0.9177805810398063,-0.3448692464311148,-0.26453789101758163,-0.219125891685796
172,-0.5301511175192856,-0.05118440326014431,0.47896669862344277,-0.5054355853057074,0.20906613454763134,0.2863595616116812,0.22150038879114167,0.3053587805661807,-0.8962330351205068,-0.32847931701765615,-0.2619162603812624,-0.2155008545836977
173,-0.5445015894748004,-0.09964531520514358,0.4448562818361984,-0.4938236307376561,0.16915297821015404,0.31927912320302954,0.2521431745220347,0.33583925240569634,-0.8692551232120888,-0.3080642735396428,-0.24758753774185577,-0.20326281024538043
174,-0.5411645902678729,-0.05335425472224421,0.4878103448647829,-0.5106764180861498,0.21341701888897685,0.2972594364737899,0.25914923988494454,0.34299165746975757,-0.868912124370152,-0.3125034852880345,-0.25152719683951374,-0.21341701888897685
175,-0.5320531395116144,-0.02412404064090663,0.507929086375148,-0.5153691405087858,0.2405692594293318,0.2752990515035168,0.26654168801517153,0.3504476027805441,-0.8616245746943098,-0.30590003870531884,-0.25502094648934315,-0.2181161989152697
176,-0.5402529933325411,-0.07442828470677104,0.4658247056627981,-0.5017340775185666,0.19703263589668374,0.30405934393041273,0.2902551123127509,0.3737332492253715,-0.835036354352277,-0.2790319025072275,-0.24233392022082378,-0.2025496542598187
177,-0.5509657961377231,-0.05941006404153088,0.49155574007750746,-0.5208523700782295,0.21480581887221697,0.3065790998939369,0.2961770726664005,0.38031142306027527,-0.8331449752116971,-0.2771762756574224,-0.24954651141842082,-0.21298188122328932
178,-0.5564086763587344,-0.007622036638512231,0.5487866146749952,-0.5487866146749952,0.2667712829303753,0.28201535038292835,0.2972594364737899,0.381101816781986,-0.8384240267416627,-0.28201535038292835,-0.2667712829303753,-0.22866110497983838
179,-0.5622478470906431,-0.03898633650263368,0.5232614750170537,-0.5383107338464733,0.24075714556092812,0.296646426846715,0.3252737835648437,0.40357769960108447,-0.8095028513749774,-0.2534762022802977,-0.25565090177892225,-0.20986588405061962
180,-0.5640407893585242,-0.052205368693361606,0.511835408044022,-0.535933629112846,0.23133845625365299,0.3065225499559059,0.34237457027962764,0.41635422054011817,-0.7930316676139235,-0.23884308971160698,-0.2551691215136815,-0.2140240125854406
181,-0.5630396836460185,0.0026654985539993304,0.5657051659738633,-0.5651526780395244,0.2826482421112706,0.27989340803983637,0.3317684357125241,0.4102097894466432,-0.8012608783916036,-0.25721353178377415,-0.28326514853679563,-0.244103979326282
182,-0.5564086763587344,5.491217546267792e-19,0.5564086763587344,-0.5564086763587344,0.2743933073374976,0.2743933073374976,0.35061368187687986,0.434456062185076,-0.7774476823782167,-0.24390517243239146,-0.28201535038292835,-0.23628312938696067
183,-0.5474307605997648,-0.029298777871148894,0.5181320215301997,-0.529181616142612,0.2438380603025048,0.28398123112533397,0.3946266870924614,0.47365089437260344,-0.737135752109641,-0.20885964708201896,-0.2594389131349223,-0.21874765883419325
184,-0.554399096086775,0.009238004041166481,0.5636371106542091,-0.5568841552687259,0.2852342161082867,0.269414243746096,0.4089915541876288,0.4819890926763356,-0.7304795133537743,-0.21330524623947167,-0.2701411975274741,-0.2338246452339883
185,-0.5525934817052904,0.026735952260842348,0.5793294244847733,-0.5663432577872975,0.2984048468300031,0.258701031802686,0.4167960604003234,0.4960475235553552,-0.7269070364846969,-0.21799460743452545,-0.28216053612855746,-0.2434255580560198
186,-0.5411645902678729,-0.01524407327702447,0.5259205414536282,-0.5335425658607506,0.25152719683951374,0.2743933073374976,0.4497001482759375,0.5335425658607506,-0.7012273637537597,-0.190550908390993,-0.2667712829303753,-0.22866110497983838
187,-0.5554952572382051,0.0018543141062938085,0.5573495826083122,-0.5590543411369133,0.2786507506717709,0.2735360972793636,0.46570519633985363,0.5433039434494226,-0.6909362290836658,-0.18528866602737618,-0.2681979347246497,-0.2297835880925778
188,-0.5748057485667664,0.05178628596611258,0.6265920286408913,-0.6054652142418372,0.34031913397621927,0.2566698747665844,0.46483052859189794,0.5409234333229922,-0.6932144719912147,-0.19552586137274963,-0.28158666367656615,-0.24664391418099768
189,-0.5800179174737231,0.020795195151988306,0.6008131383203372,-0.5936795158738226,0.30946389247120576,0.2771428127714011,0.4912517082340606,0.5660753736275972,-0.6655197524615765,-0.17192265659102327,-0.2670630067241333,-0.23792570650722392
190,-0.5868968112638405,0.007622036638512233,0.5945188729475798,-0.5945188729475798,0.2972594364737899,0.2896373934283591,0.5106764180861498,0.5792747868567182,-0.6402510193903137,-0.15244073044045608,-0.25914923988494454,-0.22866110497983838
191,-0.5927007673075553,0.0713962852232875,0.6640970189620494,-0.6329363314028112,0.36693231785518654,0.25750159404237966,0.501276013978303,0.5693422343853611,-0.6417564614973709,-0.15578532804233491,-0.27334314095082396,-0.24207394291070183
192,-0.595623986523465,0.07288397072725972,0.6685078726629606,-0.6335663744000074,0.37085197369230094,0.2587089535837024,0.519455897389677,0.5877740810119275,-0.623528194174316,-0.13372525864316076,-0.26450629937339465,-0.23518474363892317
193,-0.5912984493779729,0.04408498052287126,0.6353833753141841,-0.6132291784568413,0.3400331351109371,0.2744278953045247,0.5462541830614009,0.6160159837121437,-0.5944046261765837,-0.110545424158238,-0.24889303499147392,-0.2174439608102236
194,-0.5792747868567182,0.10670850944448843,0.6859833149395151,-0.6326290695364251,0.39634590287284754,0.23628312938696067,0.5411645902678729,0.6173849834455636,-0.5945188729475798,-0.12195258621619573,-0.25914923988494454,-0.22866110497983838
195,-0.5720276624581218,0.14712944042181242,0.7191571271918138,-0.6450726586364115,0.42952879489251444,0.2096813564085805,0.5478105636054513,0.6245718541994121,-0.5873843663117391,-0.11638260880305125,-0.25746050081412114,-0.23365025174681875
196,-0.5686728626471333,0.10888442317016134,0.6775572620545877,-0.6252777173586265,0.3914355178116611,0.22474395482186968,0.5698928968111836,0.6474426746361821,-0.561293687725231,-0.08810868476273324,-0.2411496968851543,-0.21599375824220485
197,-0.5605808135624989,0.13364653174403596,0.694227311993336,-0.6313507918045522,0.41353897155112646,0.21123431354352695,0.5681239811684665,0.6555021253897757,-0.5581924949416242,-0.08669475166682586,-0.24904148646738286,-0.2167141011573158
198,-0.5564086763587344,0.190550908390993,0.7469595847497275,-0.6554951427577921,0.4649442343667991,0.1829288839838707,0.5640307007658567,0.6554951427577921,-0.5640307007658567,-0.09146444199193535,-0.25914923988494454,-0.22866110497983838
199,-0.5609572336688894,0.15986802951100026,0.7208252648842063,-0.6453861555556888,0.4389400732193254,0.1969070741428873,0.5807773693930208,0.6658603652760253,-0.5421138644881247,-0.06924296707312012,-0.24702732167141386,-0.21826405873987892
200,-0.5699440997241424,0.144221266991538,0.7141653345790567,-0.6432124324165344,0.43021408754685986,0.21128069352089177,0.5885592978312175,0.6739551704860648,-0.5234406878711899,-0.05273619187259164,-0.24508737791143942,-0.2113603515243617
201,-0.5838275212402099,0.20290511315705761,0.7867326007026614,-0.6860268219657695,0.4943835479296074,0.1898038924698414,0.5738041430333951,0.668191323122955,-0.5265041232090416,-0.0524713948118629,-0.25196634632022585,-0.22581422559305178
202,-0.5945188729475798,0.2057949944818545,0.8003138301528174,-0.7012273637537597,0.5030543936790275,0.190550908390993,0.5792747868567182,0.678361215979159,-0.5106764180861498,-0.030488146554048932,-0.23628312938696067,-0.2210390619344076
203,-0.5941811182679151,0.1755503909452663,0.7697314371955764,-0.6828344992328267,0.47276110797275495,0.20862017550105275,0.5961537468215614,0.6994931093899749,-0.4826001418872275,-0.0026349084738696727,-0.22051288782151052,-0.20458419271800543
204,-0.5950484296478162,0.22112029704780356,0.8161686732119987,-0.7066384098470333,0.5186572592579559,0.18547154097589888,0.5780197009221377,0.6927630313053881,-0.48400665734738324,-0.002295512204376097,-0.22661769489193667,-0.2161261045274758
205,-0.5915016505644627,0.2512112896741086,0.8427129333201282,-0.7213788143877525,0.5468223088449761,0.16638298681257108,0.5630031297689629,0.6872772914146561,-0.4836056928789189,0.006880869577904871,-0.22528097160564237,-0.21643371930670519
206,-0.5792747868567182,0.21341701888897685,0.7926918057456951,-0.6859833149395151,0.5030543936790275,0.1829288839838707,0.5792747868567182,0.708849388160882,-0.45732220995967676,0.03811018261011403,-0.2057949944818545,-0.190550908390993
207,-0.5678871402297699,0.23509006423073273,0.8029772283447671,-0.6838145494013709,0.5196343828233392,0.1667741907495776,0.5726711197204075,0.7082818183403621,-0.4515236384826318,0.042861189132842925,-0.20191731324812606,-0.19213208706549575
208,-0.5525170461998697,0.2935548333948041,0.8460719310394184,-0.7029139016862784,0.5675416359383733,0.12955685414932316,0.5490693374672088,0.6867558702052999,-0.46472958923646623,0.03345772910471252,-0.2096219461181936,-0.20260029917255565
209,-0.5359254459100522,0.2637512626217785,0.7996767333143545,-0.6703044819520867,0.5278544892151479,0.13531826624450985,0.5513918449184718,0.6889515470661113,-0.4482642655438506,0.05633157260821216,-0.1875861906627561,-0.1811567510591833
210,-0.5259205414536282,0.24390517243239146,0.7698257325243281,-0.6478731183506697,0.5030543936790275,0.1371966536687488,0.5487866146749952,0.6936053393466374,-0.434456062185076,0.07622036522022804,-0.1676847978930092,-0.1676847978930092
211,-0.5140945728574196,0.30169407495143286,0.8157887146749481,-0.6683877586729832,0.5541297732961128,0.10485632459117578,0.5236171806378433,0.6754974812940167,-0.44784495290460713,0.06850480918482225,-0.17608109995855661,-0.17588881388377306
212,-0.505012129956555,0.2960731125877011,0.8010852958913312,-0.6549857121096297,0.5476402196648957,0.10551031046551793,0.5165269301235228,0.6678164224910521,-0.4397008176326971,0.08071699354159756,-0.15919603468840024,-0.16269457258310857
213,-0.5014668051315672,0.2511719918175072,0.7526387755391277,-0.6273577834031718,0.5009527352980538,0.12461254385367296,0.5141112658352777,0.668801588340061,-0.42476008097186935,0.10447955639130936,-0.13101680647062358,-0.13926340248846797
214,-0.49543236927190526,0.2972594364737899,0.7926918057456951,-0.6478731183506697,0.5411645902678729,0.09908647571821189,0.4801883204576606,0.6478731183506697,-0.4420781238688152,0.09908647571821189,-0.1371966536687488,-0.14481869671417955
215,-0.4886786625137757,0.3315819966387579,0.8202607329648937,-0.6559980882008407,0.5754276257298352,0.07912597764251894,0.45641183025532167,0.6360155489204409,-0.4420630253381389,0.10427006479657096,-0.12704904324170438,-0.14041248624888966
216,-0.48492587362462425,0.2841286675927645,0.7690545741396708,-0.6256661585341544,0.5247866257470579,0.09844956722199916,0.45883795779077535,0.6482892334220762,-0.4201858438479766,0.1346525328448002,-0.08936607403324112,-0.10528253460654652
217,-0.47537364667279314,0.285121195251496,0.7604948124506066,-0.6189873666940043,0.5193461982781197,0.09078169678376638,0.4246296368001637,0.6272102023399013,-0.43693038875458723,0.13017762458657942,-0.08868691620239814,-0.10468380766344257
218,-0.45732220995967676,0.32774757137889604,0.7850697813385727,-0.625006970576069,0.5564086763587344,0.060976293108097865,0.37347979237486373,0.5868968112638405,-0.4649442343667991,0.10670850944448843,-0.09908647571821189,-0.12195258621619573
219,-0.43921297426277145,0.29836806805816585,0.7375810541994393,-0.5929678389847024,0.5153111249653177,0.06946653657544066,0.3654643994786908,0.5844680586593145,-0.4537408947253286,0.12136431731070618,-0.06623449719263233,-0.09493754923983325
220,-0.4233256710010869,0.27409334065396623,0.6974189835170735,-0.5616447842516549,0.48253204464704774,0.07557147417349372,0.3522164121614071,0.5770945110800669,-0.4550619388832602,0.13420648852775305,-0.041168167484167906,-0.07586488879924588
221,-0.4052805833940708,0.32208074254212415,0.727361294175426,-0.5668522421151511,0.5258997009645603,0.040558711556329126,0.302708166433361,0.5326339438963816,-0.4924278890381503,0.11525754585802074,-0.04794905939157924,-0.08661690692076818
222,-0.39634590287284754,0.3125034852880345,0.708849388160882,-0.5564086763587344,0.5106764180861498,0.03811018261011402,0.2743933073374976,0.5106764180861498,-0.5030543936790275,0.12195258621619573,-0.030488146554048932,-0.0685983268343744
223,-0.4013953428976923,0.2490271292301334,0.650422467271698,-0.5275210252791255,0.44652744714379194,0.07226861016577132,0.25721167615696877,0.5094593848419796,-0.4916503332209943,0.14545487073349042,0.002653769734223911,-0.04027059196587712
224,-0.4050984733557479,0.2614348476361117,0.666533272659886,-0.5341546645409968,0.45968699524611956,0.06788670189745076,0.20721502001218323,0.47693428646977576,-0.5135411670185099,0.13150751942978678,0.007856652457677344,-0.042766391886446924
225,-0.40280778444838383,0.2642632186946766,0.667070955921038,-0.5364245801383515,0.4622627355204712,0.06602386194171243,0.16561277520997264,0.4406169609742834,-0.5373203607231265,0.12431180153618784,0.011872083509794077,-0.0420132525063248
226,-0.4039679645565868,0.190550908390993,0.5945188729475798,-0.5030543936790275,0.38872384118910835,0.10670850944448843,0.15244073044045608,0.434456062185076,-0.5335425658607506,0.14481869671417955,0.03811018261011403,-0.015244073277024466
227,-0.40462747426714263,0.17718021559728425,0.5818076980776017,-0.49662250814646985,0.37476155593415095,0.11455524670332429,0.11662355382288236,0.41169184463321823,-0.5499416454174745,0.13304215316499055,0.04873181075242723,-0.004120509326845938
228,-0.3999666351883427,0.2048767007601847,0.6048433191815976,-0.5072460104422803,0.40399175770398704,0.09525355307054392,0.06878343017365028,0.3654178727349733,-0.5892793198280664,0.10429180533197313,0.040049758345058785,-0.014212475059460468
229,-0.3941307761291025,0.14914670815646025,0.5432774717943152,-0.47109029438332034,0.34526659627534845,0.11846271423286128,0.04854425184743523,0.348322199365709,-0.6032699721359007,0.09852069921262674,0.052851210640226805,0.00048496196977672914
230,-0.38872384118910835,0.10670850944448843,0.49543236927190526,-0.4420781238688152,0.2972594364737899,0.1371966536687488,0.022866110497983837,0.3353695957860184,-0.6173849834455636,0.0838423989465046,0.0685983268343744,0.015244073277024463
231,-0.38242599190717214,0.14058122961749628,0.5230072533763637,-0.45615381254630016,0.33115797436681327,0.11703347810791837,-0.020676072217817955,0.2934328263858544,-0.6580618901351174,0.05305824792789818,0.06192139151547345,0.0016239894395681793
232,-0.3774735021019679,0.11989385356365401,0.49736736640740825,-0.43938355688976616,0.30717947193667844,0.1252464994291128,-0.03727864749128602,0.2710600631634608,-0.6818872568872589,0.04006900835152212,0.06922213271088504,0.011258662902987316
233,-0.3705471259758255,0.0632815593363185,0.4338286688066518,-0.4024754364970491,0.2446687070566695,0.1494824630474788,-0.04301546267217269,0.2602344349665917,-0.6902938655301377,0.03400691355527587,0.08804586085311643,0.035835652359236136
234,-0.3658577679677414,0.0838423989465046,0.4497001482759375,-0.411589988963709,0.2667712829303753,0.1371966536687488,-0.0838423989465046,0.2210390619344076,-0.7317155359354828,-4.456977920135852e-19,0.07622036522022804,0.022866110497983837
235,-0.36582054821421933,0.09277515799889015,0.45859569724669824,-0.41375117810774653,0.2764516878524844,0.13584413590147293,-0.11996385711897656,0.18798362026040022,-0.7721990100594577,-0.03401850953968046,0.06447811239714178,0.011043251119453657
236,-0.36438695270706456,0.033579201079293144,0.39796613693991373,-0.3799177789416281,0.21491993490397915,0.1655665193983222,-0.11804560513645924,0.1741317901256127,-0.7791580757726541,-0.040810712703650665,0.08181006463100884,0.02798039579729489
237,-0.3668687894161856,0.02017696219086027,0.3870457276309167,-0.3776197107478723,0.20419099305918373,0.17352949603861506,-0.1302075905490454,0.15015251206405128,-0.8057569908172908,-0.0657977572856281,0.07780431956311043,0.025811847808057675
238,-0.3658577679677414,0.04573222099596767,0.411589988963709,-0.38872384118910835,0.22866110497983838,0.16006275484757843,-0.16006275484757843,0.12195258621619573,-0.8536680755559074,-0.10670850944448843,0.05335425472224421,0.007622036638512233
239,-0.3573454097508306,0.00581845075116608,0.3631638853785421,-0.3596825520714783,0.18142534583439882,0.1726678427165324,-0.16205964085780916,0.10901902746424859,-0.8673942970537264,-0.11912820871577942,0.05709962800154547,0.01678009410438935
240,-0.36558617818068856,-0.03520144267345895,0.33038474510223725,-0.3489825415527772,0.14322511445583597,0.1964296091670839,-0.16493466886312247,0.09665666503917225,-0.8792003561694163,-0.13799191969904065,0.05974118079338843,0.026437732813973814
241,-0.37354856666824676,-0.0004180538410589911,0.3731304913488004,-0.37209540264241675,0.1832140025041346,0.18294489101089398,-0.1920623784181,0.06427280399333812,-0.9211733975461905,-0.1822791346985762,0.03814643049352256,0.008358697008229752
242,-0.3658577679677414,-0.007622036638512235,0.3582357062840022,-0.3582357062840022,0.17530684093843993,0.1829288839838707,-0.19817295143642377,0.04573222099596767,-0.9451325175478427,-0.2057949944818545,0.030488146554048932,0.007622036638512235
243,-0.3643558419264403,-0.07004766012647534,0.29430816975421437,-0.32823655325674483,0.11311361563409797,0.21675621010917168,-0.19289776501777822,0.04448234496227309,-0.951475602032919,-0.21870190506096138,0.028448840875916304,0.019278623109828974
244,-0.36785992080760266,-0.05943591896451856,0.30842399621847405,-0.3389802981474304,0.12171502354854458,0.21226376679815773,-0.21647919792569714,0.014087929950720512,-0.9842375309653004,-0.25380831723837505,0.007972098232094143,-0.0030028337352938127
245,-0.37797930414953507,-0.05523601762831436,0.3227432896031632,-0.3495979121131684,0.1305901001463195,0.21218369471907855,-0.22772525862167245,-0.01188634916866611,-1.010088805126285,-0.2796965904092976,0.0009203640219518456,-0.013938446908678957
246,-0.39634590287284754,-0.12957461994247227,0.2667712829303753,-0.32774757137889604,0.0685983268343744,0.25914923988494454,-0.21341701888897685,-0.007622036638512234,-1.0137308863184111,-0.2896373934283591,0.007622036638512234,-8.507825246054413e-19
247,-0.40767948945125704,-0.14331302061306084,0.2643664510181961,-0.33116297983951815,0.06059494761084459,0.271643746215356,-0.22659293183618423,-0.03088602821010416,-1.0431164418306094,-0.3212125183438544,-0.012300457538979674,-0.01954391508363754
248,-0.41988089507741794,-0.112569050213124,0.3073118376180505,-0.36279622880089013,0.09777002400448097,0.2638006842215842,-0.24809835789989554,-0.06998629741236206,-1.0825968307288882,-0.3567002608828562,-0.03734570187489962,-0.04252890033243265
249,-0.42700996490471094,-0.15967529205195174,0.2673346861321828,-0.34620999327106916,0.05288229279753032,0.29417193570458333,-0.23791389739390867,-0.0744918732873715,-1.0883173765222443,-0.3676715454147631,-0.03577115281011852,-0.033483702255791954
250,-0.41921201337083136,-0.190550908390993,0.22866110497983838,-0.32012550969515685,0.015244073277024463,0.30488146088091217,-0.22866110497983838,-0.07622036522022804,-1.0975732293499905,-0.381101816781986,-0.03811018261011403,-0.030488146554048932
251,-0.41232896944175823,-0.14536988668242645,0.2669590597703887,-0.33899437590308085,0.05969195428403201,0.2781355126835155,-0.24014668550630597,-0.10016091071269927,-1.1276665498345548,-0.4056605028336954,-0.056854288284297144,-0.042703442932780625
252,-0.40811602351120546,-0.153699695077872,0.25441629417203065,-0.3298490069192594,0.049992394974963564,0.28218312605602575,-0.24345825305263952,-0.11013255589705426,-1.1376015374591937,-0.41413823623517004,-0.0602682835378017,-0.045300201186973664
253,-0.40196332659028555,-0.20026446899803663,0.20169881966301945,-0.2979058916320967,-0.004644113892271115,0.2995947703713332,-0.23406882956831226,-0.10728148605362778,-1.1369025073665158,-0.4120832901551205,-0.051948472331494126,-0.03512741071508455
254,-0.4039679645565868,-0.1676847978930092,0.23628312938696067,-0.32012550969515685,0.030488146554048936,0.28201535038292835,-0.25152719683951374,-0.12957461994247227,-1.1661715981205587,-0.434456062185076,-0.0685983268343744,-0.04573222099596767
255,-0.41007041942160594,-0.14090059070141706,0.26916980270401913,-0.3404665947813513,0.06463580095778036,0.2751116381749333,-0.27560706713142225,-0.15260563654315518,-1.189265687099282,-0.45762293059538095,-0.0907583623563189,-0.06811874085531948
256,-0.41319014414927435,-0.18705018307354368,0.22613995677384807,-0.31865726180710785,0.016638900772786833,0.2983570918498594,-0.2599830386642774,-0.14332868225416728,-1.1777173242107932,-0.44675262707595764,-0.08534364932288299,-0.0591565159376721
257,-0.42388264883649057,-0.18881379310761925,0.2350688540939157,-0.3302161266091159,0.020350179333835143,0.3026784557239779,-0.2543723782297682,-0.13877055579797554,-1.1760163769977434,-0.44534404300219815,-0.08803652612936176,-0.05656480407426068
258,-0.4420781238688152,-0.15244073044045608,0.2896373934283591,-0.3658577679677414,0.0685983268343744,0.2972594364737899,-0.2743933073374976,-0.15244073044045608,-1.196659695749048,-0.4649442343667991,-0.10670850944448843,-0.07622036522022804
259,-0.44966907483731194,-0.18735599612420883,0.2623130964302929,-0.3524481592755965,0.034056049704886085,0.31895785686386435,-0.26512714359604,-0.14884765155456714,-1.1983033961963865,-0.46050218176346713,-0.10262337944295391,-0.07210856521365246
260,-0.4461912825830649,-0.21568944352878802,0.23050184819860428,-0.33600489049522647,0.005570947945261897,0.3307937878182992,-0.25652490070012446,-0.14265073138340928,-1.1966410825945204,-0.4606078928851437,-0.1004054240461526,-0.07070619523560465
261,-0.43935699087424573,-0.16179368410301925,0.27756330806300533,-0.3591737700573033,0.05738980546994402,0.3001089554565244,-0.27070699864077197,-0.1585838398642352,-1.2196968019570267,-0.48999376841360864,-0.12146263654951181,-0.08932375931234865
262,-0.434456062185076,-0.15244073044045608,0.28201535038292835,-0.3582357062840022,0.060976293108097865,0.2896373934283591,-0.25914923988494454,-0.16006275484757843,-1.2271479424840048,-0.49543236927190526,-0.12195258621619573,-0.0838423989465046
263,-0.42931125943181647,-0.19266241453038038,0.23664885362411983,-0.33013098429494847,0.02112078151047962,0.3064583432858865,-0.236696585095313,-0.14002661224265867,-1.2109466014449586,-0.47887370800617896,-0.10621000742569867,-0.0678862573034169
264,-0.420321063099257,-0.15761891538570508,0.26270213845456014,-0.33662762138261726,0.05133028156406865,0.287122846555098,-0.24429520943655259,-0.14207487188436146,-1.221958880376382,-0.4940375759791829,-0.11759854352648542,-0.07921772793534877
265,-0.420486558549134,-0.131626438005683,0.2888601287451036,-0.3521199295851424,0.07461224866543109,0.2766904372484259,-0.2497621479722213,-0.15455371414734295,-1.234140928554395,-0.5132411984568672,-0.13106390388714684,-0.0936896145524363
266,-0.4268340377779537,-0.1829288839838707,0.24390517243239146,-0.3353695957860184,0.030488146554048925,0.30488146088091217,-0.22866110497983838,-0.14481869671417955,-1.2195258435236487,-0.5030543936790275,-0.12195258621619573,-0.0838423989465046
267,-0.4256934369420108,-0.1777438889737012,0.24794955255122203,-0.33402616442970734,0.035892495238817664,0.2985182165462933,-0.22309746513383238,-0.14067418793301525,-1.225114088931677,-0.504107684001943,-0.1292237278553805,-0.08420384355514904
268,-0.43260331696372645,-0.1377161378097492,0.2948871712314003,-0.3593749728818434,0.07778433629795622,0.28123289444812344,-0.23876002299717514,-0.15309476879615116,-1.246002887317695,-0.5201818934828407,-0.1485500297334575,-0.1061205936593601
269,-0.4457964208437342,-0.18245068669712938,0.26334571012372987,-0.35086905816429975,0.04090004782830696,0.31013047146429507,-0.23021140163598866,-0.1486318411793464,-1.2345669497233671,-0.513366286521998,-0.13905533029241232,-0.10118217380625759
270,-0.45732220995967676,-0.2210390619344076,0.23628312938696067,-0.34299165746975757,0.007622036638512231,0.3353695957860184,-0.2210390619344076,-0.14481869671417955,-1.2271479424840048,-0.5106764180861498,-0.1371966536687488,-0.09146444199193535
271,-0.46959068820051064,-0.1884272802041871,0.2811634228168966,-0.3742187586262006,0.04583078402098979,0.32835384278848495,-0.23485532813598442,-0.1587199017661476,-1.2454421989778415,-0.5296550006881742,-0.16329456879382148,-0.1106929980362188
272,-0.474804096178818,-0.20230643794619338,0.2724976628676309,-0.3747319979644961,0.03708630439979384,0.3376281420849003,-0.22629727169454977,-0.15075436482507928,-1.2438823150474927,-0.5282682248772104,-0.16028712033297798,-0.10662959656057924
273,-0.4847896275247629,-0.25742641006056854,0.22736319553555787,-0.3550470230618053,-0.01106150635469155,0.3661648559824355,-0.21237258845342782,-0.1347409108285721,-1.2331512879821402,-0.5169097510439626,-0.1414568704801406,-0.08850158685741447
274,-0.5030543936790275,-0.23628312938696067,0.2667712829303753,-0.381101816781986,0.015244073277024468,0.3658577679677414,-0.23628312938696067,-0.15244073044045608,-1.2576359655592604,-0.5411645902678729,-0.16006275484757843,-0.10670850944448843
275,-0.5093686758947495,-0.20997902685293976,0.2993896962799123,-0.4002150889699969,0.04054473418084709,0.35951871438923744,-0.24414243636986283,-0.16413158151572055,-1.2700506962623672,-0.5596946472640489,-0.17261545229218436,-0.1136459157423886
276,-0.5140861323946896,-0.25607619504072604,0.258009943954295,-0.3827669096662816,-0.00043018545690124305,0.3835071455313493,-0.21697746542891339,-0.14751106721468132,-1.2487711505150576,-0.5423743233362862,-0.1536309261178401,-0.09116692303786213
277,-0.5174213797287832,-0.25515344536206674,0.2622679446019093,-0.3855393160242817,0.0033653360124158926,0.3818608639642389,-0.21878428670629124,-0.14903869982939158,-1.2567964989239309,-0.5473105336097038,-0.15815291862592148,-0.0981327258116785
278,-0.5030543936790275,-0.2057949944818545,0.2972594364737899,-0.39634590287284754,0.04573222099596767,0.35061368187687986,-0.23628312938696067,-0.1676847978930092,-1.2805020387806274,-0.571652725172979,-0.17530684093843993,-0.11433055248991919
279,-0.4839826901548454,-0.22870652737033775,0.25527615878928467,-0.3691070100188393,0.017094551683034226,0.35292310855371745,-0.21986988059691254,-0.16368678712736992,-1.2635299367789856,-0.5616535469615633,-0.15901072302965172,-0.09664339892168836
280,-0.47292930553698076,-0.24834296732975905,0.22458631095927786,-0.3486738339816295,-0.01146186774733287,0.3561688027538296,-0.213108297934166,-0.16077649697081026,-1.2563869874123899,-0.5560993535139072,-0.1517999149469566,-0.09571059621441856
281,-0.45908495398912597,-0.19251516992375683,0.2665697694576689,-0.36322459121748907,0.0325549111469744,0.3228796250250948,-0.23554332766467384,-0.18308975278062492,-1.2785409132849752,-0.578189714408498,-0.17560899858470924,-0.12163035553617396
282,-0.4420781238688152,-0.1829288839838707,0.25914923988494454,-0.35061368187687986,0.03811018261011403,0.3125034852880345,-0.22866110497983838,-0.1829288839838707,-1.2728801634799725,-0.571652725172979,-0.17530684093843993,-0.11433055248991919
283,-0.43382751719758744,-0.22128048249667287,0.2125470564747256,-0.3195866862508566,-0.0004780173641287364,0.3278936135041013,-0.20543183160640943,-0.16067933663139322,-1.2548341534925276,-0.5482285178556594,-0.15881181127544097,-0.09632963129633354
284,-0.43712479133612714,-0.19449023224292247,0.24263455436258632,-0.33799720984275017,0.02644054430367255,0.3154092435045993,-0.21777822324295099,-0.17126973831902526,-1.269445733038347,-0.5601846286520281,-0.17214198378380946,-0.11539689106041452
285,-0.44386965578860355,-0.16661767619977783,0.2772519667954432,-0.3602925123490631,0.053982104703645804,0.3055336623537698,-0.22751607973037719,-0.18220300124849226,-1.2782728589251222,-0.5710244372909333,-0.18263406716089628,-0.13031556860833826
286,-0.4497001482759375,-0.2057949944818545,0.24390517243239146,-0.34299165746975757,0.015244073277024466,0.32774757137889604,-0.2057949944818545,-0.16006275484757843,-1.2576359655592604,-0.5564086763587344,-0.1676847978930092,-0.11433055248991919
287,-0.4545262366173814,-0.20105667421800427,0.2534695547319254,-0.352257178157929,0.02496163801090362,0.32735805637771076,-0.20086401862796863,-0.155118102210401,-1.2560938522677658,-0.5627549571760172,-0.17386718334963355,-0.11471471768965145
288,-0.46351518287351967,-0.15407072852555415,0.30944443573400965,-0.3882894897349428,0.07876828670109784,0.309696103628826,-0.21233752627415897,-0.16658731809551242,-1.279592593808292,-0.5849941651663143,-0.19779857412200966,-0.13552688525109244
289,-0.4765053337715674,-0.18730061666586198,0.28920472322251867,-0.38125178949042,0.05026380782576518,0.33066807041138413,-0.19869256753682685,-0.15322150078508626,-1.2735965165410914,-0.5840503247479119,-0.19378718725325395,-0.1336695962272293
290,-0.4878103448647829,-0.2210390619344076,0.2667712829303753,-0.37347979237486373,0.022866110497983837,0.35061368187687986,-0.190550908390993,-0.14481869671417955,-1.2652581390728501,-0.5868968112638405,-0.190550908390993,-0.12957461994247227
291,-0.4979920144844965,-0.1764017395616728,0.3215902729859221,-0.40888082640298273,0.07365914292653912,0.3363534039847476,-0.2092823065882965,-0.16277563059027192,-1.2885022295078976,-0.6062369149274136,-0.2099462490851235,-0.14796833323971872
292,-0.5139182444132594,-0.18584932500769386,0.32806892031983725,-0.42165228202846655,0.06801985506889272,0.3491123973319933,-0.209183614175951,-0.167246337758645,-1.2922633914911328,-0.6043918057506545,-0.20820625649751717,-0.14940031346686372
293,-0.5299082393941617,-0.24077137182018676,0.28913686826961504,-0.408851329230012,0.021401457556978615,0.3803382759158935,-0.1957921408277093,-0.15860164702330476,-1.2763171355536762,-0.5922917394841669,-0.19683502220550697,-0.13315321305604955
294,-0.5335425658607506,-0.2057949944818545,0.32774757137889604,-0.4268340377779537,0.060976293108097865,0.3658577679677414,-0.21341701888897685,-0.17530684093843993,-1.2957462367013395,-0.6097629217618243,-0.21341701888897685,-0.14481869671417955
295,-0.5273537522453793,-0.16681390468368237,0.36053983181588,-0.4390466616134028,0.09360688738119792,0.34680623465488414,-0.2259871261435068,-0.19240581498764808,-1.3090298658339083,-0.621958555654384,-0.2192965311005331,-0.15726437692123837
296,-0.5222295033859643,-0.2058082499191607,0.31642124004784117,-0.4185697553212202,0.05309212463326628,0.36373861679201247,-0.2043454018413676,-0.17783735471658263,-1.2792016253415064,-0.5986778102470257,-0.19758857054147425,-0.13376035526189997
297,-0.5152630408168504,-0.20173459813778916,0.31352844852642114,-0.41341438206371894,0.05583866250533047,0.3589505672395807,-0.20182859766251973,-0.16688760293627625,-1.2637020591169619,-0.5860935257512725,-0.1915500192605062,-0.12269977274985265
298,-0.5106764180861498,-0.16006275484757843,0.35061368187687986,-0.4268340377779537,0.09146444199193535,0.3353695957860184,-0.2210390619344076,-0.17530684093843993,-1.2728801634799725,-0.5945188729475798,-0.19817295143642377,-0.1371966536687488
299,-0.5112892687421708,-0.19498537203897578,0.31630393175535165,-0.4131629215650651,0.056349237774509606,0.34964393777827685,-0.21193258514102833,-0.16700143623715583,-1.2567446058014244,-0.5797782797802915,-0.18722852322322114,-0.12863891275150444
300,-0.5039017867715995,-0.2225132483494854,0.2813885656158576,-0.3912065082032839,0.025864012346302888,0.36094348928716374,-0.2019695487105297,-0.14972234387509636,-1.24209251892899,-0.5605009881851222,-0.18157601121453384,-0.11510477382918785
301,-0.4914705309919435,-0.17100829878575777,0.32046221734135344,-0.4020583310020358,0.07132531213036022,0.331741207554925,-0.22007998644018367,-0.15672230529894957,-1.2532402297216554,-0.5671673129499484,-0.1948069544024514,-0.1271671186142888
302,-0.4878103448647829,-0.1676847978930092,0.32012550969515685,-0.4039679645565868,0.07622036522022804,0.32774757137889604,-0.2210390619344076,-0.16006275484757843,-1.250013941152138,-0.5640307007658567,-0.190550908390993,-0.12957461994247227
303,-0.4875659191752051,-0.21280207347696495,0.2747638219098197,-0.3821149513554888,0.03165956283667038,0.3503897764208178,-0.2053497920171748,-0.14579547487179598,-1.2337693414660085,-0.5431541722901944,-0.1749396171553489,-0.11579930661663719
304,-0.487186342238324,-0.18662887668877343,0.3005574499797856,-0.3916580994433526,0.05608442085984519,0.3352162622886853,-0.21469304603225486,-0.15171715009485734,-1.2415361392641633,-0.546418304183146,-0.18380067933894076,-0.1178303314687473
305,-0.4874306924977576,-0.1601235831303567,0.3273070908939105,-0.403071305789301,0.08429564667616671,0.3194401351796125,-0.21825784624219113,-0.1597102779878408,-1.2483666194318561,-0.5567269152140049,-0.18841161981191387,-0.1205838679938642
306,-0.4878103448647829,-0.2057949944818545,0.28201535038292835,-0.381101816781986,0.03811018261011402,0.34299165746975757,-0.19817295143642377,-0.14481869671417955,-1.2347699668911272,-0.5411645902678729,-0.1676847978930092,-0.10670850944448843
307,-0.4921343817818186,-0.21166614105134765,0.2804682603104489,-0.3857056008153863,0.030776483577003022,0.3481958974728195,-0.2041495143163599,-0.14584425658333758,-1.2350278646125419,-0.5397358141506977,-0.1675133790767635,-0.10824212708501783
308,-0.5003982802693019,-0.17683699990430288,0.32356128831981434,-0.4110169438157154,0.07125570671555714,0.3348437689724749,-0.22812772778193655,-0.1647121836710251,-1.2536672949483387,-0.5670771307274903,-0.18970424238277547,-0.12430047994082703
309,-0.502505373568554,-0.20758424411381693,0.294921130837384,-0.39377535006112485,0.044067013630337604,0.3510495073160915,-0.22449779346288337,-0.16544880475691298,-1.254209838676139,-0.5665755867971131,-0.1855604711149505,-0.11644953546702072
310,-0.5030543936790275,-0.23628312938696067,0.2667712829303753,-0.381101816781986,0.015244073277024468,0.3658577679677414,-0.2210390619344076,-0.16006275484757843,-1.250013941152138,-0.5564086763587344,-0.17530684093843993,-0.10670850944448843
311,-0.5040300476961924,-0.19430261010887162,0.309727447750241,-0.40677052216487475,0.05805497025260832,0.3482871410016713,-0.23941656317809856,-0.16599633793307741,-1.2607906968183713,-0.5744220946566796,-0.1876599912569674,-0.11922540688970952
312,-0.497687522488516,-0.18886823790998003,0.30881927187064173,-0.4015704566286009,0.05804340602535413,0.3438148917821862,-0.24265571456689616,-0.165538490745156,-1.2635148339332125,-0.5745978703721852,-0.1858085176262178,-0.11722727362332667
313,-0.49538156441320425,-0.23224195456486924,0.2631396220026413,-0.374956127368179,0.011342934714445004,0.3636056128573024,-0.23549617525799396,-0.1585937826982135,-1.2544311334834735,-0.561981024335446,-0.17260681381559523,-0.10402901581634957
314,-0.49543236927190526,-0.2057949944818545,0.2896373934283591,-0.38872384118910835,0.03811018261011403,0.35061368187687986,-0.25152719683951374,-0.1676847978930092,-1.2652581390728501,-0.5792747868567182,-0.1829288839838707,-0.11433055248991919
315,-0.4835301905930137,-0.16725313631405553,0.31627703661861584,-0.39606849000104416,0.07025884500350829,0.3254387197419275,-0.26221642703543446,-0.17700820955483182,-1.2749118715450076,-0.5846055759743569,-0.18745492630156677,-0.11908399111161692
316,-0.4756278236720077,-0.21060116030396173,0.26502666538254044,-0.367770158585074,0.02553409823994669,0.3431390471245235,-0.24795446120137776,-0.16623076769085482,-1.260403846578211,-0.5656714370085523,-0.17095649309587618,-0.10204587089156904
317,-0.46884268618634434,-0.22143141291972143,0.2474112880068201,-0.3591685409197083,0.013060779631482939,0.34505582383070915,-0.24635784347416617,-0.16023267911072184,-1.2598728788451492,-0.5674121721213187,-0.1705359981043914,-0.10239911495350876
318,-0.45732220995967676,-0.1829288839838707,0.2743933073374976,-0.3658577679677414,0.04573222099596767,0.32012550969515685,-0.25914923988494454,-0.1676847978930092,-1.2728801634799725,-0.5792747868567182,-0.1829288839838707,-0.11433055248991919
319,-0.4604688537376863,-0.2170258414377327,0.24344300442595615,-0.3482558159480658,0.01648947044934286,0.339000033293168,-0.24520881847313575,-0.1586617457791511,-1.2562879828657467,-0.5635772148173334,-0.1687808803075862,-0.09912680354401615
320,-0.47093181154219765,-0.2467387932357088,0.22419302211361072,-0.3454883875909321,-0.008807298770358542,0.358302832050941,-0.22596057903592662,-0.1451327338032354,-1.2449359274808127,-0.5506297434179608,-0.15034434169900665,-0.08606602497761562
321,-0.471570050644024,-0.19210712911105066,0.27946292368929637,-0.3759479326127369,0.04311107347874467,0.33242914492374165,-0.2458982455015614,-0.15919748489265734,-1.2634201234694633,-0.57274570481515,-0.16859579974669292,-0.1081180469005001
322,-0.47256625877392133,-0.1829288839838707,0.2896373934283591,-0.381101816781986,0.05335425472224421,0.32774757137889604,-0.25914923988494454,-0.1676847978930092,-1.2652581390728501,-0.5792747868567182,-0.17530684093843993,-0.11433055248991919
323,-0.47813215241441853,-0.22717168440252866,0.25096046317179144,-0.36470627274297795,0.009432651232534442,0.34892659025208916,-0.2390643610259658,-0.15345085146419318,-1.2492850979410524,-0.5575490011510404,-0.15322262244891177,-0.09312975022151326
324,-0.4810322608251511,-0.20306024505162779,0.2779719839325867,-0.37798385891378133,0.032322133434345424,0.3403295850905252,-0.24432906379414854,-0.16155617444221687,-1.2566735814004548,-0.5661932148025455,-0.16624361893177042,-0.10132658364888392
325,-0.478380350368069,-0.17436410595002863,0.3040162362848855,-0.38662172572385584,0.062261404276138375,0.3260095637960263,-0.2619637225412306,-0.1779094674442205,-1.2635186417263142,-0.5794442062318486,-0.18434450034143302,-0.11534832543090859
326,-0.47256625877392133,-0.2210390619344076,0.25152719683951374,-0.3582357062840022,0.015244073277024466,0.34299165746975757,-0.25152719683951374,-0.1676847978930092,-1.250013941152138,-0.5640307007658567,-0.1676847978930092,-0.09908647571821189
327,-0.4658512826145572,-0.2288861013808516,0.23696516297477502,-0.3505996112280897,0.0016901548399523686,0.3434028219396389,-0.2529370950192767,-0.1686627673001549,-1.2556751665122574,-0.5702500584393693,-0.17401160187422712,-0.09988584813471048
328,-0.46370401667499705,-0.18605107932087717,0.27765292884675213,-0.3714478255331377,0.04022280652465873,0.3206901860169737,-0.26657642771923157,-0.1862261008434388,-1.2769358347797655,-0.5889141340614626,-0.19295600960679146,-0.11550016502951865
329,-0.46499628128466275,-0.21718631957664525,0.24780996023457805,-0.35549568035303847,0.013614358861347271,0.33828650653051096,-0.2514279585347397,-0.17589503769555664,-1.2635927245698642,-0.5688839243143723,-0.17307513584545742,-0.09743717210894665
330,-0.4649442343667991,-0.25152719683951374,0.21341701888897685,-0.3353695957860184,-0.015244073277024463,0.3582357062840022,-0.24390517243239146,-0.16006275484757843,-1.250013941152138,-0.5564086763587344,-0.16006275484757843,-0.0838423989465046
331,-0.4594545120461401,-0.20309633620747292,0.256358155527544,-0.3537896628246193,0.028144283633093216,0.3284500956699854,-0.26370896112708275,-0.17137261445092342,-1.2678224225158337,-0.5762702844768229,-0.17920073222929891,-0.1029519203364501
332,-0.4537404291996945,-0.1993951672520686,0.2543452434398319,-0.35057162959123067,0.026150553592817816,0.3224177243226074,-0.25831294941959515,-0.17227770525325772,-1.2651333014587474,-0.5676924764248843,-0.17594362268296976,-0.09969572189123563
333,-0.46087083153977504,-0.24817939616877321,0.21269141944867653,-0.33270515824234037,-0.01692723363999078,0.3505231785587172,-0.24092282729813114,-0.15574069238060745,-1.244234819145945,-0.5431405907322968,-0.15519229489139205,-0.07929340761443113
334,-0.47256625877392133,-0.2210390619344076,0.25152719683951374,-0.3582357062840022,0.015244073277024468,0.34299165746975757,-0.25914923988494454,-0.1676847978930092,-1.2576359655592604,-0.5564086763587344,-0.1676847978930092,-0.09146444199193535
335,-0.4725552991571944,-0.1887747672706095,0.28378053483072035,-0.3771255388222755,0.0463305563118881,0.3303780401279892,-0.27141234882590215,-0.18059135942852178,-1.2687561751872023,-0.5674789276405378,-0.17991551556882784,-0.1029520691367001
336,-0.47454843659564316,-0.231184472603479,0.2433639555177171,-0.36002503561016574,0.009420965528326681,0.3510001880404618,-0.25090348022134773,-0.15538445212739826,-1.2486061915842985,-0.5514980584031597,-0.15911051198161386,-0.08497341088385002
337,-0.48167324258383665,-0.23467719093573927,0.24699602861341846,-0.363174136674725,0.008408982472684682,0.35459745762346506,-0.24645382246817948,-0.1473502896412101,-1.2441024016518156,-0.5522353695670144,-0.15579792156859493,-0.07628544193191307
338,-0.4801883204576606,-0.190550908390993,0.2896373934283591,-0.381101816781986,0.04573222099596767,0.3353695957860184,-0.2667712829303753,-0.1676847978930092,-1.2652581390728501,-0.571652725172979,-0.17530684093843993,-0.0838423989465046
339,-0.473464165189309,-0.21225199718038856,0.26121217998717405,-0.3659731901725092,0.022838534773279403,0.3431335740863304,-0.2650788405263529,-0.15910582864555947,-1.2626844722240533,-0.5688121761495109,-0.16706824702460984,-0.07454308955138071
340,-0.47133117901736904,-0.2400208931978279,0.23131030193597268,-0.35274155007137,-0.002996422466850727,0.355870368906408,-0.2509123417518031,-0.14802737969101556,-1.2488951089025926,-0.5574008100683493,-0.15269228916874766,-0.06222318315701546
341,-0.4726358479279757,-0.1952630989846034,0.27737274246493093,-0.37360803774316287,0.04031952819010036,0.33310943666056403,-0.2673915521657413,-0.16778124704186784,-1.263914951152941,-0.5689798895058893,-0.16566327056329908,-0.07388559143042299
342,-0.47256625877392133,-0.190550908390993,0.28201535038292835,-0.37347979237486373,0.04573222099596767,0.32774757137889604,-0.28201535038292835,-0.17530684093843993,-1.2728801634799725,-0.571652725172979,-0.1676847978930092,-0.07622036522022804
343,-0.47157152925216783,-0.2399263464903552,0.23164520161138982,-0.35057904319749983,-0.003436943524151833,0.35445068126148715,-0.2685280851696086,-0.16645767439308418,-1.2569634071758564,-0.5557971059710475,-0.15258802156984963,-0.06115366574744222
344,-0.47346805319390006,-0.22295911738392993,0.25050894508203475,-0.3626985429042457,0.012525073963788144,0.3492752800797042,-0.27472420585611235,-0.17820768964664846,-1.2692602383762532,-0.5691536391209417,-0.16233433876472758,-0.07144539618389409
345,-0.47023231823383776,-0.19811002736359729,0.272122289373358,-0.3708270821692127,0.03852087241824327,0.3332830170321851,-0.29306893396218103,-0.19269663207090637,-1.2910316021520258,-0.5901573820009411,-0.17755724587039656,-0.08488808262421045
346,-0.4649442343667991,-0.24390517243239146,0.2210390619344076,-0.34299165746975757,-0.007622036638512233,0.35061368187687986,-0.28201535038292835,-0.1829288839838707,-1.2805020387806274,-0.5792747868567182,-0.1676847978930092,-0.0685983268343744
347,-0.464620077763248,-0.24616842095602248,0.21845165596203275,-0.34196592171064566,-0.01567214914906281,0.35065722567702184,-0.27665686983767274,-0.183339303154531,-1.2794962258912355,-0.5790977017598632,-0.1687276086417497,-0.06825352434810085
348,-0.4636944023992948,-0.1977618361266662,0.26593256878283966,-0.36308863068684105,0.028785275682540037,0.3297403091380366,-0.29242262689370757,-0.20506288510893547,-1.3019799515839072,-0.5991376502666862,-0.18635512001559548,-0.09155452021780955
349,-0.4662829966181847,-0.2225602684588265,0.24372272506684795,-0.3504652146145307,0.007890280924654422,0.34362474797021114,-0.2823839466309764,-0.19969072698984067,-1.2963617109518968,-0.5849908751123987,-0.17568293177605643,-0.08508972491826977
350,-0.47256625877392133,-0.25152719683951374,0.2210390619344076,-0.34299165746975757,-0.015244073277024461,0.3582357062840022,-0.2667712829303753,-0.1829288839838707,-1.2805020387806274,-0.5640307007658567,-0.16006275484757843,-0.0685983268343744
351,-0.47220964960143075,-0.198571998365091,0.27363767096993,-0.37232827624586873,0.03818109294727373,0.33443619837274796,-0.2836908912392875,-0.19440901944392636,-1.286265605019298,-0.5713851394828927,-0.17221786483070625,-0.07998616550322968
352,-0.4749306121411905,-0.18386656159240508,0.29106405083733483,-0.38314644711154916,0.051374210782622026,0.3286723955981586,-0.2882018649399331,-0.19279766686938815,-1.2766147894290159,-0.5562244727271933,-0.16878252491706672,-0.0808737295003806
353,-0.48137561615494234,-0.2225018341359594,0.25887376200705536,-0.3702489693328136,0.014243274549839337,0.34695994035717137,-0.2683869471146485,-0.16756911681385514,-1.2486826628576606,-0.5259134268495108,-0.14631926344119842,-0.06394368231643265
354,-0.4801883204576606,-0.1829288839838707,0.2972594364737899,-0.38872384118910835,0.05335425472224421,0.32774757137889604,-0.2743933073374976,-0.1676847978930092,-1.250013941152138,-0.5335425658607506,-0.15244073044045608,-0.0685983268343744
355,-0.47890628588905615,-0.12743371703610817,0.35147256053575815,-0.41234215782592754,0.1075896225678716,0.30286259997670284,-0.28548002166021774,-0.17734520266195622,-1.258897597659122,-0.5389201809048456,-0.1630205005250714,-0.07303353148921701
356,-0.47959972774548076,-0.15320659791950056,0.32639309955964874,-0.39838578222207355,0.08529019515357064,0.3152144336430832,-0.26748428419983034,-0.16524713086525056,-1.2464642423609742,-0.5191410649921957,-0.1487486489962626,-0.056592657514279415
357,-0.4659737965172151,-0.14763205027632384,0.3183417379944872,-0.38916245589856263,0.08476111226525931,0.30191585268856574,-0.25979258797977023,-0.16191629140733627,-1.2432769508424095,-0.5233788078929089,-0.14771622572436316,-0.056655765712737005
358,-0.4497001482759375,-0.09146444199193535,0.3582357062840022,-0.4039679645565868,0.12957461994247227,0.2667712829303753,-0.2667712829303753,-0.17530684093843993,-1.2576359655592604,-0.5411645902678729,-0.16006275484757843,-0.0685983268343744
359,-0.443990541024324,-0.10664280201974782,0.33734771315715334,-0.3914771846059739,0.11401218555391918,0.27537799762628223,-0.24608013243631824,-0.1626512892949518,-1.249029579858349,-0.5259799083234449,-0.14514307038240215,-0.053562272213098575
360,-0.43395559377488896,-0.13071793354033412,0.303237646356544,-0.36611112743091306,0.08724034839901924,0.280133616123742,-0.2247961026411013,-0.1361967897212402,-1.230176545697774,-0.5105694672408216,-0.1296434056257022,-0.03837130449705279
361,-0.4247395829134487,-0.07772390198703413,0.347015698402128,-0.38247161066547236,0.1342005368727579,0.2478431660599527,-0.23155004578351246,-0.14209036720520413,-1.2389034603635944,-0.5226447405567511,-0.14219125822666168,-0.051363283235788704
362,-0.4268340377779537,-0.060976293108097865,0.3658577679677414,-0.39634590287284754,0.15244073044045608,0.24390517243239146,-0.2210390619344076,-0.14481869671417955,-1.2423919167450157,-0.5182984797698891,-0.1371966536687488,-0.05335425472224421
363,-0.42699716362746826,-0.09837326393221882,0.3286239154987627,-0.37595524293261046,0.11534604522541439,0.26051665767379334,-0.193144992622554,-0.11913224477275325,-1.22130159417829,-0.4966642093831898,-0.1148216673849835,-0.038763009597894145
364,-0.4261729189649279,-0.07199597278126062,0.3541769387713951,-0.38399453680976353,0.14086800509887362,0.24361605626913213,-0.19681462192169122,-0.11811625324945205,-1.2242923004731954,-0.5019476550976067,-0.12544111328797344,-0.04547162246711485
365,-0.426283057944217,-0.03212134109680325,0.3941617078651529,-0.40865370315195115,0.18116361721007876,0.22684589165368857,-0.20532120167186912,-0.13172743912271684,-1.2339853583388223,-0.5099941645654097,-0.1372381403585135,-0.052974830315259014
366,-0.4268340377779537,-0.060976293108097865,0.3658577679677414,-0.39634590287284754,0.15244073044045608,0.24390517243239146,-0.190550908390993,-0.12195258621619573,-1.2195258435236487,-0.49543236927190526,-0.12195258621619573,-0.03811018261011402
367,-0.43281341309835736,-0.05730512749383341,0.37550831486581504,-0.39959253563958175,0.1566203583484862,0.24477988882556828,-0.19629345394239398,-0.12343568471737627,-1.2198268778163683,-0.49633742571832035,-0.1285762543620532,-0.039282581232841965
368,-0.43033054664437514,0.000951306041109258,0.43128185959371856,-0.4319933886921923,0.21066331074358124,0.21544597290357306,-0.223027805215726,-0.1393090370798146,-1.2359298309658293,-0.5129153536929353,-0.14932829059104782,-0.05648215603910951
369,-0.4131157024993331,-0.0019505393018601743,0.4111651409566958,-0.4146127814587707,0.20253985339979838,0.20640054969522134,-0.22700756675840195,-0.13200417313361215,-1.229354736523192,-0.5047580050331545,-0.13749554674902192,-0.04678712640542776
370,-0.411589988963709,-0.022866110497983837,0.38872384118910835,-0.39634590287284754,0.1829288839838707,0.21341701888897685,-0.22866110497983838,-0.12195258621619573,-1.2271479424840048,-0.49543236927190526,-0.12195258621619573,-0.030488146554048932
371,-0.4207137419712028,0.02292078588519297,0.4436345254355494,-0.43386699371914406,0.22953278054562493,0.19778439667682918,-0.2516971609663485,-0.13324148046390805,-1.2451731707779425,-0.5076417796109132,-0.12848659425880277,-0.036645807062967745
372,-0.4068426819491475,0.04120260852385323,0.4480453209270535,-0.43098292662758614,0.24317768503288034,0.1835470967919793,-0.2654327876039968,-0.13689943019490045,-1.2451382329467588,-0.5056412458818392,-0.12177636697327159,-0.031157740213087905
373,-0.3950007830708192,0.004339400661890818,0.3993401793775406,-0.3964896419449522,0.20109037342482342,0.1950805393305543,-0.2688613005250088,-0.12691726519444504,-1.2303913683135308,-0.4923114876846107,-0.1012355028333371,-0.00859442657510769
374,-0.4039679645565868,0.022866110497983837,0.4268340377779537,-0.41921201337083136,0.2210390619344076,0.190550908390993,-0.2896373934283591,-0.1371966536687488,-1.2423919167450157,-0.5030543936790275,-0.10670850944448843,-0.007622036638512233
375,-0.40024734098359016,0.05857555041086027,0.45882287454491916,-0.4346944913301595,0.25812325078888204,0.16841826017113395,-0.3050550140675758,-0.15269002214876287,-1.2526530012933748,-0.507911421861013,-0.11257808296706845,-0.011597740631839933
376,-0.3896947362589484,0.022779982101132315,0.4124747146745736,-0.40213441367446456,0.21589568846751261,0.17811869468288652,-0.30090745223794674,-0.14578047277125208,-1.2366325991339582,-0.48937957235665397,-0.08942525985385219,0.004059640843600473
377,-0.38810397942942004,0.0011777567079986145,0.3892817418084471,-0.3886598366941863,0.19174315296642278,0.1911623933839025,-0.31120462734430787,-0.14967170817717024,-1.238405026974549,-0.4924999545787714,-0.088907707300791,0.0037252427136798536
378,-0.381101816781986,0.030488146554048932,0.411589988963709,-0.39634590287284754,0.2210390619344076,0.17530684093843993,-0.3353695957860184,-0.17530684093843993,-1.2576359655592604,-0.5106764180861498,-0.11433055248991919,-0.015244073277024466
379,-0.3637990219327354,0.014808320666623288,0.3786073521773154,-0.37119889957664565,0.19402682128666326,0.17139724969448572,-0.33309285581168196,-0.17457218133456867,-1.2428080657779712,-0.49575128364745014,-0.10676691810622402,-0.007429097259223447
380,-0.35012692315088245,-0.01569333202121791,0.33443358243678123,-0.34224371641659235,0.15620022048290885,0.1800199287300896,-0.32273667422710506,-0.15837291099908804,-1.2245963155202784,-0.4815154888776537,-0.09135943270047965,0.008032479414346011
381,-0.35202880612696386,0.013236257587487196,0.3652650702855649,-0.3587158253950897,0.19036972076842132,0.17050855485106448,-0.3451204768082699,-0.17705798517972063,-1.24141752486607,-0.5043649855237612,-0.10434350468010584,-0.006727258976499695
382,-0.35061368187687986,0.015244073277024468,0.3658577679677414,-0.3582357062840022,0.190550908390993,0.1676847978930092,-0.3582357062840022,-0.190550908390993,-1.250013941152138,-0.5106764180861498,-0.09908647571821189,-0.007622036638512234
383,-0.34094368225139804,-0.036226531078495675,0.3047171532606385,-0.3226557431036548,0.13120604156951948,0.18511967320114206,-0.342920751229534,-0.17058013306181447,-1.2348175196327014,-0.4890864509814285,-0.07187272969020415,0.018872554358646064
384,-0.35619381942741046,-0.041125259218626226,0.3150685626449523,-0.3360583217836333,0.13224673499556552,0.19504524993909683,-0.3564494701084473,-0.1760072305615914,-1.2427334496503601,-0.4973683308065955,-0.07446847111641942,0.017349867846251102
385,-0.378385330772742,-0.03435283365607653,0.34403251337982277,-0.3604699893782409,0.15222549427541138,0.2021727738399689,-0.37551568309303374,-0.19260050167743015,-1.2591404105255057,-0.5107249614435837,-0.08344445613192468,0.007903718492698166
386,-0.381101816781986,-0.0838423989465046,0.2972594364737899,-0.3353695957860184,0.10670850944448843,0.22866110497983838,-0.3582357062840022,-0.17530684093843993,-1.2423919167450157,-0.4878103448647829,-0.060976293108097865,0.030488146554048932
387,-0.3853882301886373,-0.09667128688301255,0.28871695903588684,-0.3325945173507638,0.09320853371235151,0.24061861528161785,-0.3579368016750823,-0.16982137589645407,-1.2292170423521975,-0.48050003879724,-0.04935167479714439,0.036868650857427944
388,-0.3914070980974772,-0.05728093462719826,0.3341261895058477,-0.3609394151525875,0.13411633367073977,0.2229892318856859,-0.3763515643174076,-0.18345256775419608,-1.2449868393312031,-0.5003106521128207,-0.06269043348993958,0.018611775137702232
389,-0.38511222935269823,-0.07460717425591279,0.31050507196996296,-0.3483337721458371,0.11420795418632813,0.22532027616682657,-0.3534677614551108,-0.16552933752956334,-1.232428413753166,-0.48544134996897326,-0.05484615195836583,0.03076373108394743
390,-0.37347979237486373,-0.10670850944448843,0.2667712829303753,-0.32012550969515685,0.07622036522022804,0.23628312938696067,-0.32774757137889604,-0.14481869671417955,-1.2119037445632928,-0.4649442343667991,-0.03811018261011402,0.04573222099596767
391,-0.361058849953872,-0.07678896557211759,0.28426989434794414,-0.3197929932986149,0.100299412624854,0.21787995367206975,-0.3397779974860166,-0.15630095020455095,-1.2285004796678833,-0.48192008797729724,-0.047995517911696345,0.027857763926793608
392,-0.3547690303275924,-0.08207535600432944,0.2726936911040475,-0.30909550988242984,0.0905129601442454,0.21971232599120175,-0.33545812352003684,-0.15626689525687132,-1.2300743828539604,-0.4864882734697621,-0.05684050011916634,0.023984459807189884
393,-0.36185915080739095,-0.15301460723049748,0.20884456471483165,-0.2821233071901314,0.025536284343243607,0.255947104535312,-0.31566526874521583,-0.14187169332742705,-1.2171687335277612,-0.4809006475595013,-0.053218747542378673,0.029969967759214056
394,-0.381101816781986,-0.17530684093843993,0.2057949944818545,-0.2896373934283591,0.015244073277024461,0.2743933073374976,-0.32774757137889604,-0.16006275484757843,-1.2423919167450157,-0.5106764180861498,-0.07622036522022806,0.007622036638512233
395,-0.3995000689117657,-0.1754061015693844,0.22409394361795182,-0.3069449605067348,0.020689667995206083,0.28707677507444695,-0.333981327753027,-0.1830439335273096,-1.2595685538622914,-0.5335768664683808,-0.10486399186366942,-0.008422913137245466
396,-0.4099707817764104,-0.23775983402728237,0.1722109076270892,-0.2903855738943874,-0.03336206725862858,0.32204924478754676,-0.30883799346833973,-0.17361836856829724,-1.2469343845934104,-0.5285753707307174,-0.1026301270588148,-0.003932887157188967
397,-0.4254615001681823,-0.27920553293572603,0.14625597630101156,-0.2847879570553092,-0.061624957564576116,0.3487730121029172,-0.2957982795675694,-0.16917027949317598,-1.2559335807035756,-0.5396939653817591,-0.11507245601772859,-0.012911203769027327
398,-0.4497001482759375,-0.2667712829303753,0.1829288839838707,-0.3125034852880345,-0.03811018261011402,0.3582357062840022,-0.2972594364737899,-0.1829288839838707,-1.2805020387806274,-0.5564086763587344,-0.14481869671417955,-0.030488146554048932
399,-0.46329132732839146,-0.2999023939127263,0.16338890984330395,-0.3129064966699797,-0.06439465068238973,0.3794487378867337,-0.28126846845851233,-0.17960400513171582,-1.2761861907796543,-0.5454622337989681,-0.14130273982141545,-0.03667639042641415
400,-0.46641145995832345,-0.3426920550088531,0.123719392048498,-0.29321129417810876,-0.10727752565986706,0.39913993958736765,-0.26556239327045894,-0.17041513084405782,-1.269740876429416,-0.539581616037494,-0.13835554821122834,-0.04409907847523961
401,-0.47664379313483113,-0.31285963276519235,0.1637841738043932,-0.31676730833854905,-0.07505088993250615,0.3923235925886762,-0.26830350969377664,-0.17919849146396222,-1.285276522487733,-0.5524378008780004,-0.159182310088539,-0.05733968554462676
402,-0.4878103448647829,-0.30488146088091217,0.1829288839838707,-0.3353695957860184,-0.06097629310809787,0.39634590287284754,-0.2667712829303753,-0.1829288839838707,-1.2881242122942171,-0.5487866146749952,-0.16006275484757843,-0.060976293108097865
403,-0.48768017471255487,-0.35163492523889944,0.13604523543237737,-0.30923486860991783,-0.10800802883001169,0.4172294173814016,-0.2587545224376612,-0.17530273923465456,-1.2731960403008236,-0.533988048608288,-0.15044127162853568,-0.05961243756730733
404,-0.48975462856326146,-0.3434208051850401,0.14633379685037476,-0.3147256385917238,-0.09673674681792896,0.4111759361664202,-0.2651092375493379,-0.18147213772012585,-1.277535867907458,-0.5391326260875511,-0.16377569036534032,-0.06754265913970345
405,-0.4977195056230539,-0.3188403227696821,0.1788791763071627,-0.33958967779884336,-0.06608964863679903,0.40612753498614235,-0.27691275004137655,-0.19233774009963372,-1.2890213207199641,-0.5503561462511375,-0.17714076313214566,-0.07910796058216833
406,-0.5030543936790275,-0.3658577679677414,0.1371966536687488,-0.32012550969515685,-0.11433055248991919,0.434456062185076,-0.2743933073374976,-0.1829288839838707,-1.2805020387806274,-0.5411645902678729,-0.1676847978930092,-0.07622036522022804
407,-0.5036457718110255,-0.38579268763465,0.11785310510572769,-0.3073259960888267,-0.13527162442658183,0.44117488612213385,-0.2763350546060474,-0.17822022959756306,-1.2799888735024267,-0.5403561691096535,-0.16837371657622727,-0.07710901835084912
408,-0.4990050356851763,-0.3436019814986314,0.15540307641959122,-0.3233625297875281,-0.090969918170208,0.41944213724240015,-0.29211275822864596,-0.19312347971458305,-1.3018316160980614,-0.5671307024549398,-0.18930445721077266,-0.10068113489170472
409,-0.4933623926277733,-0.35544453297006234,0.13791786796741567,-0.31178304595369244,-0.10583972259829974,0.4240786878931275,-0.2826094789182871,-0.18273897009574375,-1.2960185162546831,-0.5655430543905411,-0.18560165993484612,-0.1033255173304509
410,-0.4878103448647829,-0.38872384118910835,0.09908647571821189,-0.2896373934283591,-0.14481869671417955,0.434456062185076,-0.2667712829303753,-0.16006275484757843,-1.2805020387806274,-0.5487866146749952,-0.17530684093843993,-0.09146444199193535
411,-0.48073400258977467,-0.3549918961278343,0.1257420906472516,-0.2995549518938203,-0.11203946501788242,0.41626521401923,-0.27447380248090836,-0.16560138832385984,-1.2921010291157073,-0.5658920616468623,-0.1885688116115208,-0.10393077681724217
412,-0.47990305662951405,-0.3442777631384153,0.13562528343077354,-0.30362527630582214,-0.09960795998084872,0.413594373345916,-0.26106783621287427,-0.16044897471209218,-1.2868546981888687,-0.5663459660814997,-0.18183181236502344,-0.09941354208079306
413,-0.47898515000841496,-0.38496846695065146,0.09401666482756729,-0.2833442821908475,-0.14212446437101203,0.43072309280621623,-0.23993838859087424,-0.13921100354044816,-1.26802304279928,-0.5416896887429229,-0.16445303293036972,-0.0789220418414905
414,-0.4801883204576606,-0.3658577679677414,0.11433055248991919,-0.2972594364737899,-0.12195258621619573,0.41921201337083136,-0.25152719683951374,-0.14481869671417955,-1.2805020387806274,-0.5487866146749952,-0.17530684093843993,-0.0838423989465046
415,-0.4915311306933939,-0.3293477126649721,0.16218340885713312,-0.32762732220647023,-0.0794196286674547,0.4063201860674793,-0.25544228809616626,-0.15411209353367417,-1.2848281250401394,-0.5591628123984715,-0.17455632678507427,-0.08682381890244417
416,-0.4971932049939115,-0.3672431098104666,0.12995006593803496,-0.31137198722301423,-0.11536160883712185,0.42993946098754926,-0.2431992222262468,-0.14559227732494062,-1.2665489614123424,-0.5448941598129888,-0.15370266341650704,-0.07724647170612818
417,-0.49393229588599774,-0.3846878940909775,0.10924439398039922,-0.29748439254874903,-0.1334434838828157,0.44018922737762917,-0.2472223335459017,-0.1477150803537703,-1.2677041037074919,-0.5426266243675965,-0.15644057266201827,-0.07781216621420685
418,-0.49543236927190526,-0.34299165746975757,0.15244073044045608,-0.32012550969515685,-0.09146444199193535,0.41921201337083136,-0.25914923988494454,-0.16006275484757843,-1.2805020387806274,-0.5487866146749952,-0.1676847978930092,-0.0838423989465046
419,-0.5004127066331869,-0.3561235386331741,0.14428918783940178,-0.31859631399580507,-0.10539435014254087,0.4247369270374135,-0.25525538250199037,-0.15568605518183393,-1.2693704847231535,-0.531748856401349,-0.15636309471659926,-0.0792582747562223
420,-0.5071202127174992,-0.39362928415287685,0.11349094886572289,-0.3064689574881745,-0.1390149185651356,0.44800922095756823,-0.24645245193178078,-0.15071588582988993,-1.2612699867137973,-0.5223002659329794,-0.15374227953100605,-0.07448662606627446
421,-0.5106893441652876,-0.35379508805019244,0.15689428854021456,-0.32996340704200927,-0.0935707015218655,0.4329717972228585,-0.2558334922756848,-0.1656631977751656,-1.2781120000876511,-0.5392847032313343,-0.17458840197616896,-0.09082859472458937
422,-0.5106764180861498,-0.32774757137889604,0.1829288839838707,-0.34299165746975757,-0.0685983268343744,0.41921201337083136,-0.25914923988494454,-0.1676847978930092,-1.2805020387806274,-0.5411645902678729,-0.17530684093843993,-0.09908647571821189
423,-0.5154465716020336,-0.36723834381204346,0.14820824631596458,-0.32813463189033765,-0.10919286565297168,0.4384682984734995,-0.24471530380510498,-0.14775940357748513,-1.2639319431988703,-0.5258198059126371,-0.15959687319593366,-0.0849630917394139
424,-0.5201912265692197,-0.35788087159918275,0.1623103519562577,-0.33710332453975633,-0.09751610492098278,0.43420379656540586,-0.2504707621708543,-0.14874427759581327,-1.2746145975355803,-0.5345389884467762,-0.1709391493730317,-0.09321513436853891
425,-0.5162378227845646,-0.32144129450725956,0.19479653315601617,-0.35237691036194335,-0.06379570289555944,0.4162315100676318,-0.2585880095297446,-0.16314266105562358,-1.2885270637300774,-0.5520957531334383,-0.18444844685309303,-0.10939728136032431
426,-0.5182984797698891,-0.35061368187687986,0.1676847978930092,-0.34299165746975757,-0.09146444199193535,0.434456062185076,-0.24390517243239146,-0.16006275484757843,-1.2805020387806274,-0.5487866146749952,-0.17530684093843993,-0.09908647571821189
427,-0.5257477733968892,-0.34582405458488624,0.179923684055828,-0.3535780188139925,-0.07936576280655233,0.4331181140114917,-0.24427212906296858,-0.16571148689822593,-1.2907148904071073,-0.5587016865106859,-0.18216491767603826,-0.10029432313367201
428,-0.5211148218050933,-0.2582551469364614,0.26285965881083995,-0.38983000845423804,0.004350999408135695,0.3850454776603116,-0.26526753363813016,-0.1987727329946046,-1.3273626406827002,-0.6016105065664976,-0.20923966257453988,-0.12018218372461223
429,-0.5195574640324656,-0.21568413191350888,0.30387335998853154,-0.40753896752446167,0.04384966023605051,0.36423555144766717,-0.27546735961464763,-0.22879302836069812,-1.356108295465397,-0.6314979020111483,-0.2246431618462216,-0.11851975918667733
430,-0.5335425658607506,-0.190550908390993,0.34299165746975757,-0.434456062185076,0.07622036522022804,0.3582357062840022,-0.28201535038292835,-0.25152719683951374,-1.3872106786932747,-0.6554951427577921,-0.23628312938696067,-0.10670850944448843
431,-0.5409671483795354,-0.07512690297935598,0.46584021272855,-0.502031922058146,0.192236130795648,0.30387246530476203,-0.30236624907978304,-0.2935095544919992,-1.4366162463453227,-0.7112106873449521,-0.2604882021377609,-0.11299650548884267
432,-0.542803077433355,0.03447733200866281,0.5772804194691604,-0.5627367908276755,0.30310631680385586,0.25092968243857383,-0.32590510107398823,-0.34641400639136594,-1.4849025711461268,-0.7614125034079415,-0.2709430351638687,-0.10749591107358349
433,-0.5515875844288796,0.08841360084872933,0.6400012303260352,-0.5995145348593247,0.365133963621729,0.2272410329393667,-0.33899207892509525,-0.38497736715070374,-1.5195740857854454,-0.7845931687633809,-0.252058516697094,-0.0705680014328583
434,-0.5487866146749952,0.2057949944818545,0.7545816091568497,-0.6554951427577921,0.4801883204576606,0.1676847978930092,-0.37347979237486373,-0.434456062185076,-1.5701395626771455,-0.823179977927418,-0.24390517243239146,-0.04573222099596767
435,-0.5313764358745119,0.3474341911898383,0.8788105866711642,-0.7097142745968161,0.6101490879018585,0.09161835066428645,-0.4311025305537716,-0.4998079166707147,-1.6259161936873574,-0.8596933449397471,-0.23700862916362445,-0.030167412870114582
436,-0.5148372459239414,0.4046974708026101,0.9195347008117167,-0.7181981660566701,0.6573681912391893,0.05364688148813627,-0.47818018393689815,-0.5442864138855805,-1.6476901118671352,-0.8492467910157248,-0.16996618662010693,0.029833905443156523
437,-0.48078910379715484,0.47696919753087713,0.9577583025935515,-0.7201276423392384,0.7147213951034419,-0.0025591732954667263,-0.545728861823061,-0.5897008935896115,-1.6581522265238713,-0.8226493525329104,-0.07765404384749339,0.10852395805564433
438,-0.4268340377779537,0.6021408973547021,1.0289749351326558,-0.7317155359354828,0.815557878967062,-0.09146444199193535,-0.6631171671649144,-0.6631171671649144,-1.6844700778904478,-0.7926918057456951,0.015244073277024466,0.1829288839838707
439,-0.36757272808422203,0.6559591883285821,1.0235319428648113,-0.6963156854717716,0.8369247484372057,-0.14772451210487855,-0.7959601807360167,-0.7325304014224027,-1.6931029865307332,-0.7237026256520528,0.16068164054495485,0.29149757744580584
440,-0.2829034614808096,0.6707735956961448,0.9536771035978308,-0.6194454380937189,0.8089082063497756,-0.19803586031161807,-0.9585400199644543,-0.802469410713076,-1.68748040855604,-0.6328443793275834,0.34067113611451955,0.4216154060823401
441,-0.1782984792836377,0.7292263367686516,0.9075248470558318,-0.5474063466620331,0.8198479788907536,-0.27914553264028297,-1.1713557746089396,-0.891996040855536,-1.6935670826534654,-0.5377105407621218,0.5162339606073928,0.5429793487274017
442,-0.07622036522022804,0.6936053393466374,0.7698257325243281,-0.4268340377779537,0.7317155359354828,-0.3125034852880345,-1.3948325539939297,-0.9756206897295658,-1.6844700778904478,-0.411589988963709,0.7164714125680044,0.6707391915720368
443,0.03218119366134926,0.5000121846867376,0.46783100187629056,-0.22177142390628163,0.4795503874470537,-0.2677194321479808,-1.6141110832598702,-1.0348406085392787,-1.6434788157609965,-0.262216421650758,0.9360877252498663,0.7997047084303112
444,0.13467608290757796,0.25873941742421686,0.12406330915320574,0.0031489126104966916,0.19164479693219852,-0.193591511401181,-1.846249775477526,-1.0835864958707893,-1.6095950134070796,-0.12029033918404061,1.1333755356501012,0.9050937106558149
445,0.21736352904542638,-0.06293875779457102,-0.2803022731931521,0.24931024435471238,-0.16761779742072835,-0.07419946475586331,-2.0496263820095613,-1.1229515629652884,-1.5794542655930894,0.015576804907772772,1.3054461755887001,0.9847246901416087
446,0.30488146088091217,-0.5487866146749952,-0.8536680755559074,0.5792747868567182,-0.7012273637537597,0.12195258621619573,-2.195146458699981,-1.1280614015317134,-1.524407267127944,0.15244073044045608,1.4558090474638432,1.0442189839469005
447,0.39086155311811976,-1.075047168210766,-1.4659088009603793,0.93082248812402,-1.2712645586533187,0.3444749616312917,-2.3164087872075876,-1.1134924563538322,-1.476127905103102,0.2634267559640786,1.5565143183214734,1.0642127988742598
448,0.4391207563197884,-1.5723240005540946,-2.0114447758280667,1.2305034616637223,-1.7909808054091234,0.5718128694214066,-2.4170203393469425,-1.1138211836918877,-1.466545301639281,0.33342032847735803,1.6082549990160109,1.038503294456326
449,0.4676505926821338,-2.1124777121617995,-2.5801283331916713,1.5263849316199352,-2.346937612034818,0.824915467388075,-2.461403108952613,-1.0918450741568033,-1.4555927853199733,0.39530176099288405,1.640031356488203,1.001968227825857
450,0.5030543936790275,-2.6219805710311683,-3.1250350765400463,1.8140446419179947,-2.873507972892075,1.0594630327611452,-2.4542958849680097,-1.0289749351326558,-1.4253209498353538,0.4497001482759375,1.646359955854836,0.9603766409153212
451,0.5244721225036024,-2.9808609279999603,-3.5053329093679313,2.0150850871113244,-3.23989151213494,1.230663601777312,-2.422184843559687,-0.9610439165577349,-1.391596856573591,0.47947667657582244,1.624218911261739,0.8980854782515845
452,0.5258634160872324,-3.2672254331290684,-3.7930884705640415,2.158835572510561,-3.5261347464458974,1.375959739287243,-2.371380995940147,-0.8806424025140818,-1.3416052205955011,0.5131085769398376,1.602115569079362,0.8393854222899086
453,0.5268948939101863,-3.517121078774386,-4.044015821711071,2.2865196111274293,-3.776759294371085,1.497431816010457,-2.2981821815236616,-0.782662453044764,-1.2706874613915007,0.5523972312767006,1.5717963961091297,0.7907933007721534
454,0.5259205414536282,-3.6204672594288674,-4.146387838159113,2.33996522064824,-3.879616685696896,1.547273340349311,-2.2256347054349375,-0.7012273637537597,-1.2195258435236487,0.5487866146749952,1.501541193906577,0.7240934369751267
455,0.5164179785406414,-3.613184277663111,-4.129602126156218,2.324205590981509,-3.8677888774013383,1.5514219681771466,-2.158590354176311,-0.6367450512385809,-1.1935713436411854,0.502009618033845,1.4011501105551536,0.6481429509814087
456,0.49357099566723606,-3.61595689897202,-4.109527691547841,2.300587179115399,-3.858370029946514,1.565168020151997,-2.0788873681898914,-0.5830424904902433,-1.1822154005115733,0.42579427753350324,1.2838797857722908,0.5790949225786137
457,0.4475800346348044,-3.5688514007500083,-4.016431287653091,2.2328545018711874,-3.7897869765720538,1.5646856223883954,-2.0033583082996405,-0.5604484910648428,-1.2113436953227548,0.290577371368718,1.1344289628283046,0.494559849815985
458,0.39634590287284754,-3.422294624843687,-3.8186401922269826,2.1113041902216354,-3.6204672594288674,1.5167852427208217,-1.9359971815384194,-0.571652725172979,-1.2881242122942171,0.10670850944448845,0.952754541954965,0.39634590287284754
459,0.34868320239583295,-3.288029207757427,-3.6367120606857064,1.9974501891844652,-3.45998068868909,1.4700892894114341,-1.8334332076871493,-0.580520749165196,-1.3644092685770475,-0.07198182046113641,0.7678046978259292,0.31421090790265416
460,0.2766080584284702,-3.1722268439321892,-3.4488350040595455,1.863701221280927,-3.305301449510341,1.4492506919813855,-1.6992992757525627,-0.5714565898728401,-1.4272471832534874,-0.24466304382744652,0.5912493808054761,0.23607020749927882
461,0.19499583018015745,-2.9736838731082074,-3.168679888915778,1.6826345734249744,-3.068715704653328,1.3937100440628938,-1.5589632223997532,-0.5585351595168944,-1.4896335091978603,-0.4097691566328723,0.4129608994078442,0.143900615019815
462,0.12195258621619573,-2.782043381793672,-2.9039957723076295,1.5167852427208217,-2.843019577050651,1.3338563587369512,-1.3948325539939297,-0.5259205414536282,-1.524407267127944,-0.5259205414536282,0.25914923988494454,0.06859832683437439
463,0.04613038952183417,-2.6654453093420627,-2.7115755496387344,1.3798148668645596,-2.685932014576223,1.313651783489319,-1.203963851571764,-0.4584957177315649,-1.5144519471795614,-0.5919890343153525,0.1478259444338537,0.017663785595996385
464,-0.016677674402416996,-2.500837215887182,-2.4841596662654277,1.2344560154120339,-2.4874588339980392,1.2608078344596678,-1.030167912087768,-0.39002519035249283,-1.4969316899970786,-0.6428018293142994,0.042520865328914866,-0.04146365692257824
465,-0.07335839602823745,-2.314381046716045,-2.2410226647224945,1.0888180540027574,-2.2751365988929946,1.1937453875885722,-0.8783254158004552,-0.3290144169366652,-1.476385333036606,-0.680797810432347,-0.06507118150171327,-0.10277820651902962
466,-0.13719665366874878,-2.2180126810278153,-2.0808159434866784,0.9756206897295658,-2.149414312257247,1.1814156469348034,-0.7240934369751267,-0.25914923988494454,-1.4405648495431311,-0.6936053393466374,-0.14481869671417955,-0.14481869671417955
467,-0.19889622517710373,-2.1097441323644874,-1.9108479507417886,0.8562704120943239,-2.007788374234533,1.1595051642702872,-0.589800436609256,-0.20673651835889673,-1.417475007328095,-0.70683721902862,-0.22111917571873685,-0.1927944809521303
468,-0.26812716792522734,-1.9463512021882985,-1.6782240203447716,0.7062604009332262,-1.80716524067152,1.1077754192319686,-0.49785695809398944,-0.18763531647632586,-1.4187934839200493,-0.7386781329300012,-0.3151705482656966,-0.2559787549774421
469,-0.3314919173837926,-1.8381821254299089,-1.5066900837629191,0.5924690672444157,-1.6698979599616626,1.0858681809190809,-0.41059954883416044,-0.16565981794107393,-1.4128938287306205,-0.7588400344049784,-0.38548971367516427,-0.3025392750306021
470,-0.381101816781986,-1.7606904710681386,-1.3795886542861524,0.5030543936790275,-1.5701395626771455,1.0747071561286234,-0.32774757137889604,-0.1371966536687488,-1.4024547275075194,-0.7698257325243281,-0.434456062185076,-0.3353695957860184
471,-0.43858622418597104,-1.6200650757783197,-1.1814788938879448,0.3714113232451113,-1.400606250110449,1.0301513572911414,-0.2746276872448845,-0.12985002752375555,-1.4069390438297256,-0.7944282807910842,-0.49913509740055456,-0.3765672985611617
472,-0.48567259936995233,-1.4843251410598433,-0.9986524453202987,0.25863196132196614,-1.2421091829347977,0.9858689271135123,-0.2173855358902832,-0.12094452205569527,-1.4046323015816766,-0.7972029289213063,-0.5406721990059801,-0.403058523063661
473,-0.5107716937811819,-1.3918533171110279,-0.8810815425775471,0.18863869622000845,-1.1354207554409415,0.9561978352480538,-0.14300101476992427,-0.08579609827911247,-1.3744100787153224,-0.7659226878055894,-0.5389482709734518,-0.4026013093969441
474,-0.5411645902678729,-1.250013941152138,-0.708849388160882,0.0838423989465046,-0.9756206897295658,0.899400296551875,-0.09908647571821189,-0.060976293108097865,-1.3491005566576633,-0.7469595847497275,-0.5411645902678729,-0.4039679645565868
475,-0.5638102456646504,-1.0781625123926062,-0.5143522897674954,-0.025106751067530828,-0.7950551457391232,0.8215535338016776,-0.07376019034812857,-0.05266729906750811,-1.3295128231095856,-0.7344035499674366,-0.5460569102221092,-0.4073472268956574
476,-0.555727274032455,-0.9733360786434219,-0.4176087724595189,-0.06893165573834138,-0.6963670210703516,0.764130501445191,-0.02563721268424996,-0.021086402937474588,-1.2837514855219758,-0.6914248513896769,-0.5205824581359438,-0.3879862828431002
477,-0.5481002184336179,-0.8741936843329459,-0.326093429873584,-0.11057786886476996,-0.5996985018555759,0.7117464708962344,0.020320529867099507,0.019183484841103327,-1.2356718369677955,-0.6393011001226949,-0.48507888872638605,-0.35567847062748903
478,-0.5487866146749952,-0.7393375603426051,-0.190550908390993,-0.17530684093843993,-0.4649442343667991,0.6478731183506697,0.03811018261011403,0.03811018261011403,-1.2119037445632928,-0.6021408973547021,-0.4649442343667991,-0.3353695957860184
479,-0.5367965850274882,-0.6588938252636924,-0.12209722608319144,-0.20263630526665383,-0.3908416138818927,0.6025962302985117,0.05919758290548977,0.06355991907217412,-1.174377830769207,-0.5573816934866362,-0.4343796832884283,-0.3101443159998624
480,-0.5318555679039543,-0.6180570773088433,-0.08620152815403628,-0.22138669326341132,-0.3516159185791842,0.5762027989270028,0.08314912179416718,0.09836093715494999,-1.129500997534462,-0.5142219244979549,-0.3897359225282717,-0.27177198735560854
481,-0.5318862188355952,-0.5287852727683574,0.0031009447919373274,-0.26767522700669005,-0.26330087224858073,0.5304435045799597,0.08130180891314967,0.10665596709799507,-1.1189829099143465,-0.5000031526404556,-0.36950157457956523,-0.2573496191623584
482,-0.5182984797698891,-0.45732220995967676,0.060976293108097865,-0.2896373934283591,-0.19817295143642377,0.4878103448647829,0.0838423989465046,0.11433055248991919,-1.1051953283103464,-0.4801883204576606,-0.35061368187687986,-0.24390517243239146
483,-0.5102448619432391,-0.4477900432903974,0.062454848402786166,-0.2864461029219836,-0.1893908283921777,0.47573974139224584,0.10903805887895192,0.144668724013009,-1.0612825022671217,-0.4371787101160809,-0.3079816191194821,-0.2014117003388234
484,-0.5090979622093695,-0.4039416878006629,0.10515630921730647,-0.30686340503979104,-0.14663279762408837,0.4539108543581182,0.11355697304190351,0.15786024515053357,-1.0441118710825432,-0.41627292671423705,-0.2869614022734356,-0.18264493975123097
485,-0.4981282512553278,-0.32879837915321536,0.16932987489156517,-0.334060103988827,-0.08079670951425527,0.4142723334211992,0.10649648097095804,0.1646448212417586,-1.038240102254056,-0.40508246061219644,-0.2753203676992271,-0.17914164140672595
486,-0.4878103448647829,-0.32012550969515685,0.1676847978930092,-0.32774757137889604,-0.07622036522022804,0.4039679645565868,0.12195258621619573,0.190550908390993,-1.006108787358055,-0.37347979237486373,-0.24390517243239146,-0.15244073044045608
487,-0.4823826648633577,-0.3146499843885746,0.16773266687776323,-0.3219586281393244,-0.06998731419613988,0.39804508591171905,0.12694523794607307,0.20020575898621332,-0.9886432808984326,-0.35663625096009877,-0.23277653988515862,-0.14150255252365238
488,-0.4720741124616667,-0.25244818605472913,0.21962593788791607,-0.3418151243298997,-0.012823842743722155,0.3628996893386851,0.10967736478647686,0.19421114944110374,-0.9934622671821733,-0.36160323562603175,-0.2432408322193414,-0.1518778217050475
489,-0.4623291307941827,-0.2435792285627496,0.21874989525335725,-0.3366104206515108,-0.008177530919180474,0.35246537424620944,0.11044451812180181,0.20310886171165096,-0.9848668047230268,-0.352250881556559,-0.24062895685543295,-0.14920404459999417
490,-0.4649442343667991,-0.28201535038292835,0.1829288839838707,-0.32012550969515685,-0.04573222099596767,0.37347979237486373,0.12957461994247227,0.2210390619344076,-0.9679985907692097,-0.3353695957860184,-0.22866110497983838,-0.1371966536687488
491,-0.47083398409000554,-0.2565184885780071,0.2143155166747801,-0.34174591842893587,-0.020801983479705237,0.3645585743799148,0.1274291604790439,0.22411003692880904,-0.964573072410868,-0.33837936974781246,-0.2307310555068172,-0.13950882979538023
492,-0.47484110782717165,-0.24254976930353717,0.23229133836309257,-0.3539396690953377,-0.003443620949098225,0.35591315044217864,0.11658682358146251,0.21556973116347616,-0.9690652159121466,-0.34550995039643295,-0.24536779698486164,-0.15365154367310319
493,-0.4826319296568385,-0.28896528519514303,0.1936666219088602,-0.33817269799357486,-0.0438008706970929,0.3827364455347392,0.1400925460366051,0.227021671225896,-0.9518280002023606,-0.32710431296790177,-0.2390831697307022,-0.14808700901780997
494,-0.4878103448647829,-0.2743933073374976,0.21341701888897685,-0.35061368187687986,-0.030488146554048936,0.381101816781986,0.15244073044045608,0.23628312938696067,-0.9451325175478427,-0.32012550969515685,-0.23628312938696067,-0.14481869671417955
495,-0.48663379979293814,-0.22166414272681156,0.2649696498432262,-0.3729630994519807,0.020567984559251025,0.35141580073162615,0.13535141503118767,0.22669939489217347,-0.9603979171947695,-0.33518706246848445,-0.25211023446034747,-0.15966105851864987
496,-0.49135925713635853,-0.2450752215083158,0.246284051732567,-0.36428344043677174,0.0032554571789322013,0.3648898954686111,0.15655970690852988,0.24358671750005173,-0.944106717708574,-0.3232622426475612,-0.23595104620440915,-0.14871764725627448
497,-0.494933625575562,-0.26323886100571203,0.23169477607635963,-0.36019722223634637,-0.012284513483114842,0.380499819557378,0.17617273108027903,0.26087007407712604,-0.9284253316302737,-0.3125775451308154,-0.22010315694943453,-0.13691016506876397
498,-0.4878103448647829,-0.21341701888897685,0.2743933073374976,-0.381101816781986,0.030488146554048932,0.35061368187687986,0.16006275484757843,0.25152719683951374,-0.9451325175478427,-0.32774757137889604,-0.23628312938696067,-0.15244073044045608
499,-0.48060823411591647,-0.2122945083853458,0.2683137053972407,-0.3756030261509252,0.02465342779085085,0.3424548690877161,0.1732321016859683,0.2600407438570323,-0.9369457103284782,-0.3192691048938361,-0.22860813435670574,-0.14518687385861645
500,-0.47933869223408276,-0.2522446497358097,0.22709402281105948,-0.35003433085440405,-0.016488787136845373,0.36423875312625253,0.19334057179866623,0.2743506646544381,-0.9192139350464952,-0.3054263994296425,-0.21087063594219518,-0.12589998755200896
501,-0.4799773271565621,-0.21618948604998164,0.2637878270667581,-0.3691984050344753,0.019913178657062373,0.34774270355456594,0.18782936373290315,0.27383079567688695,-0.9241116482003038,-0.3173911430325271,-0.21649765103901983,-0.13481145075367013
502,-0.4801883204576606,-0.1829288839838707,0.2972594364737899,-0.38872384118910835,0.05335425472224421,0.32774757137889604,0.190550908390993,0.28201535038292835,-0.9222664443264759,-0.32012550969515685,-0.2210390619344076,-0.14481869671417955
503,-0.48377125802468046,-0.2254933122242979,0.25827793079823563,-0.3675716516491332,0.015210374221415239,0.35019529431152774,0.19752938398888784,0.2946118282682964,-0.9088188271435782,-0.3068708140633145,-0.21967206057201982,-0.13825431925986728
504,-0.4962499910501581,-0.22750748734190157,0.2687424953287932,-0.38069931934749157,0.021881428177206383,0.3598233179273663,0.19717571045034424,0.2978822666711777,-0.9055540761816222,-0.30683919914001606,-0.22708315747124744,-0.14165931917814056
505,-0.5042442689034976,-0.1900593885338111,0.314184911156113,-0.408705211956667,0.060772987004837076,0.34800693413319117,0.2006694423327896,0.2984499943736857,-0.904274810388499,-0.31253585674028356,-0.2393539405728583,-0.15634744879370555
506,-0.5106764180861498,-0.2210390619344076,0.2896373934283591,-0.39634590287284754,0.030488146554048925,0.3658577679677414,0.2210390619344076,0.32012550969515685,-0.8841562477376304,-0.2972594364737899,-0.23628312938696067,-0.15244073044045608
507,-0.5229808621523603,-0.24186830944906731,0.28111256293738773,-0.4011436450023216,0.01610993662924286,0.378600507394904,0.23736958164624164,0.3431999841426167,-0.8667403942211088,-0.28599986487045137,-0.23155986693674624,-0.1473286173134833
508,-0.5258629929683057,-0.18971758115893111,0.3361453967930947,-0.42995699363894385,0.06848353745448231,0.3562204594793822,0.22802768735324733,0.33209469729073193,-0.8762342502271625,-0.29946844226651154,-0.2508726515536889,-0.16766894493088075
509,-0.526902592780158,-0.18329643394894538,0.3436061414208217,-0.4307511404323617,0.07771298899776062,0.3545792969289086,0.23485504544753105,0.3321960319877405,-0.8694286841150173,-0.28855434338285424,-0.25709676468095155,-0.17294529465778627
510,-0.5335425658607506,-0.2210390619344076,0.3125034852880345,-0.41921201337083136,0.04573222099596767,0.37347979237486373,0.25914923988494454,0.3582357062840022,-0.8460460511487851,-0.25914923988494454,-0.24390517243239146,-0.16006275484757843
511,-0.5285768146082727,-0.19213913091097007,0.33643766073373516,-0.428414710673767,0.06874380163405638,0.3590569550713845,0.2549744520450822,0.35535490976429307,-0.8495446383111387,-0.2627265835191597,-0.2533666766345297,-0.17007672259259127
512,-0.5208336962897329,-0.16210258782398496,0.35873110351632104,-0.4380587550539417,0.09630521459327676,0.342329152627756,0.2530138222802763,0.34955355323206644,-0.8489504020497679,-0.26268981235462047,-0.26133243428553476,-0.17650616249363738
513,-0.51610253027662,-0.19589657709231728,0.3202059506120713,-0.41788401444863355,0.06194281245648858,0.3556889510285463,0.27303003715889695,0.37497885485602256,-0.8203164996536705,-0.2345986022517545,-0.24618345919101806,-0.16407124575833335
514,-0.5106764180861498,-0.190550908390993,0.32012550969515685,-0.411589988963709,0.060976293108097865,0.35061368187687986,0.2743933073374976,0.381101816781986,-0.815557878967062,-0.23628312938696067,-0.25152719683951374,-0.17530684093843993
515,-0.5099301863229815,-0.1464888050787105,0.36344142053268413,-0.4325039224087495,0.10441448541487813,0.32812720208398527,0.2694523129517526,0.3694826399166674,-0.8258823932026838,-0.2540092378547671,-0.26793373636874096,-0.1924166802844783
516,-0.5100032027238898,-0.16592480229387085,0.3440784347645947,-0.42339017475383944,0.08501818414270562,0.3384547802113387,0.2906963194305477,0.39249351439637287,-0.8057215585281196,-0.23416135527367804,-0.25401845085689423,-0.17722219542388476
517,-0.5113804190250107,-0.19217483733046495,0.3192055675651823,-0.4115860296982182,0.060619048474755466,0.3508158339459636,0.3069959796208491,0.4147384813233463,-0.7910279089913869,-0.2212195578943955,-0.24410615978216987,-0.16832822997783772
518,-0.5182984797698891,-0.16006275484757843,0.3582357062840022,-0.434456062185076,0.09908647571821189,0.3353695957860184,0.30488146088091217,0.411589988963709,-0.8003138301528174,-0.23628312938696067,-0.25914923988494454,-0.1829288839838707
519,-0.5236912768584844,-0.1610216252448594,0.3626696374474593,-0.4386720445665191,0.0980072376675336,0.34105710841122355,0.3234401625782095,0.4302568972370397,-0.7859589431065838,-0.22302872378113742,-0.2564455151413979,-0.17989783173288632
520,-0.5295128375394675,-0.19683937792332767,0.33267343825611534,-0.42989072386379196,0.06475426255768664,0.3643100977946211,0.35388788260326703,0.459320140738248,-0.7636791356354098,-0.2011919650376266,-0.24562919176311956,-0.1701423950304794
521,-0.5340025394871122,-0.164422509489586,0.3695800453297261,-0.4511172985636222,0.10382140121600726,0.3482109605728678,0.3557083752086939,0.46454154547852855,-0.7621356847085025,-0.21090418735669897,-0.2561925773471672,-0.17936679714741305
522,-0.5335425658607506,-0.12957461994247227,0.4039679645565868,-0.4649442343667991,0.1371966536687488,0.32774757137889604,0.3582357062840022,0.47256625877392133,-0.7545816091568497,-0.21341701888897685,-0.25914923988494454,-0.1829288839838707
523,-0.5283875845063287,-0.1611098334406813,0.3672777162745823,-0.4467490470124716,0.09958162825678198,0.34031476139412903,0.38712770845245853,0.49535623167511866,-0.730860889253099,-0.19006019101068403,-0.2408482782584428,-0.1706706859574026
524,-0.5179302528778392,-0.151464105741622,0.3664661426414089,-0.44168516304257843,0.1038883828850109,0.3329874937136733,0.40350305185407676,0.5120618770982339,-0.7136273321110659,-0.17581011489637058,-0.2355524072881926,-0.1679908911349734
525,-0.5066035512446747,-0.10162496969452144,0.4049786248087011,-0.4506285480558517,0.14751847098208945,0.3044129996186966,0.4060121711972511,0.5220545625782688,-0.7044210652002096,-0.17349426537664375,-0.24673703045209602,-0.17779991123063152
526,-0.49543236927190526,-0.11433055248991919,0.381101816781986,-0.434456062185076,0.12957461994247227,0.30488146088091217,0.434456062185076,0.5487866146749952,-0.678361215979159,-0.15244073044045608,-0.23628312938696067,-0.1676847978930092
527,-0.48681344852849506,-0.12134768293501635,0.3654657409990044,-0.4261528690540586,0.12139264858740687,0.30429601134772066,0.4624455318593321,0.5757146713147193,-0.649905854907836,-0.13032325889179266,-0.21926575541425772,-0.1508761635571059
528,-0.4937298842241436,-0.06834443418817643,0.4253854484343817,-0.4577402181410708,0.17867373459625896,0.27945934605583667,0.4637337542009694,0.5793683572281928,-0.6477608884282586,-0.13309046105076536,-0.2314583972254584,-0.16281188914246483
529,-0.5064145227592326,-0.06032250709209156,0.4460920274870745,-0.4720181253757965,0.19307565260286175,0.2788199361919431,0.48257174878289794,0.5950700569644376,-0.6297667750255896,-0.12230964329484645,-0.2328194244487513,-0.16429144594265283
530,-0.5182984797698891,-0.09908647571821189,0.41921201337083136,-0.4649442343667991,0.16006275484757843,0.30488146088091217,0.5182984797698891,0.625006970576069,-0.6021408973547021,-0.09908647571821189,-0.2210390619344076,-0.15244073044045608
531,-0.5355092107539466,-0.08242683066686238,0.4530823767779022,-0.49042583474018936,0.1820912527632066,0.30818555005993165,0.5255785242331525,0.6312824650379052,-0.6073433335981261,-0.10355596569194891,-0.23730363176645827,-0.16891665562462463
532,-0.5466828762704093,-0.057123147930440286,0.4895597291623693,-0.5155930636356133,0.21353569853019538,0.30250260141712604,0.534131262513325,0.6420831251424997,-0.5997468147222708,-0.10214975732863604,-0.24549059675581905,-0.1764549464862225
533,-0.548654641792907,-0.08842112390899408,0.4602335291022608,-0.5054764502626873,0.18681964424920788,0.3181433123663821,0.5679015838347614,0.6731942646981481,-0.5699760825138495,-0.07380273116854169,-0.23211031108810232,-0.16468998172201194
534,-0.5487866146749952,-0.07622036522022804,0.47256625877392133,-0.5106764180861498,0.19817295143642377,0.3125034852880345,0.5868968112638405,0.6936053393466374,-0.5640307007658567,-0.060976293108097865,-0.23628312938696067,-0.17530684093843993
535,-0.5427922163887664,-0.014497994745822551,0.5282942334994297,-0.5318371471509148,0.2538643745413391,0.27938340687160995,0.5851469691931833,0.7037089228011494,-0.5609135837825068,-0.06314994198374722,-0.24442454273095268,-0.18994641629894934
536,-0.5388591153279467,-0.02368081922134628,0.5151783039356982,-0.5249510306655991,0.2411642175420525,0.27876110527552683,0.5957319975578469,0.7195553973025872,-0.5432238611850638,-0.05018604990744771,-0.2391207565673752,-0.18652695731942312
537,-0.5424669890302798,-0.045015525891032415,0.4974514607031695,-0.5203820972785691,0.22336623714640122,0.2903886220200933,0.6145497480529636,0.735518002419115,-0.5299456766247788,-0.0346814904643939,-0.23653496230629467,-0.1828629683444412
538,-0.5487866146749952,-4.2746989237454965e-19,0.5487866146749952,-0.5487866146749952,0.2743933073374976,0.2743933073374976,0.6173849834455636,0.7393375603426051,-0.5259205414536282,-0.03811018261011402,-0.24390517243239146,-0.190550908390993
539,-0.5497396204558048,0.010770249703093789,0.5605098719020243,-0.5551897538827424,0.2857896984021061,0.26983115492499476,0.6196076296550977,0.7420428734186002,-0.5156671383733326,-0.03611353186589952,-0.24555006879150287,-0.1929518610270697
540,-0.5456358609128064,-0.01596986210363383,0.529665995464808,-0.5372300255356159,0.25686100013501767,0.28067525305721164,0.6342495387488416,0.755021174062013,-0.5017048849435587,-0.019971611509690367,-0.24244283042080378,-0.1857753864972443
541,-0.5521795614552972,0.017829228946999606,0.570008795982986,-0.56194247084028,0.29378481389186656,0.26677232023989256,0.6257514360641927,0.7490966233893355,-0.5061334178164089,-0.029803538983026505,-0.2591307935660857,-0.19683719479871037
542,-0.5640307007658567,0.05335425472224421,0.6173849834455636,-0.5945188729475798,0.3353695957860184,0.25152719683951374,0.6097629217618243,0.7393375603426051,-0.5106764180861498,-0.04573222099596767,-0.2743933073374976,-0.21341701888897685
543,-0.5639458171998862,0.028978512910537088,0.5929243457464227,-0.5823344811713892,0.3114993718737619,0.2626787501142872,0.6298303112712547,0.7605094327226757,-0.4881918284583012,-0.024589742104673577,-0.2582037585531634,-0.19879399412183185
544,-0.5661630841502299,0.03486644744784975,0.6010295010182933,-0.5876957470355043,0.31580196637927704,0.26448913472074354,0.6503178671807298,0.777448772133928,-0.4712997121862725,-0.006218647918822333,-0.246253923958333,-0.18057680549283503
545,-0.5728157820048994,0.08200080870205227,0.6548165706756968,-0.6168532875428412,0.36441798677091497,0.24498237009044507,0.6452154444570479,0.7780466109173477,-0.47157408005876755,-0.007156128812513988,-0.2535897310872429,-0.18500906426590064
546,-0.571652725172979,0.07622036522022804,0.6478731183506697,-0.6097629217618243,0.3582357062840022,0.24390517243239146,0.6554951427577921,0.8003138301528174,-0.4497001482759375,0.015244073277024468,-0.24390517243239146,-0.17530684093843993
547,-0.5705588934098373,0.06414551951279711,0.6347044446945134,-0.602462745267202,0.34507383329995694,0.24862023822767834,0.6713376242935255,0.8172047577160226,-0.42102588311853756,0.04281091585090971,-0.2284983099489708,-0.15367806717273785
548,-0.5701704761143888,0.11452335305509603,0.6846938506087802,-0.6272766213044773,0.3981598516336241,0.22615450536059672,0.6606609449089673,0.805775127681963,-0.42202034155743673,0.04607954284708157,-0.23232156592308165,-0.15800987049174525
549,-0.5594378300971232,0.13424832320561758,0.6936861534241773,-0.6272178279612348,0.4135156720581237,0.21301454168893091,0.6570677886517601,0.8144415751063527,-0.4110359728365836,0.061942061617348144,-0.22157432915661857,-0.15513610993092644
550,-0.5564086763587344,0.09908647571821189,0.6554951427577921,-0.6097629217618243,0.37347979237486373,0.22866110497983838,0.6707391915720368,0.8384240267416627,-0.381101816781986,0.09146444199193535,-0.19817295143642377,-0.12957461994247227
551,-0.563869432671436,0.11395561503653952,0.6778250655629401,-0.6250636364790635,0.39426405962865896,0.22223668595322363,0.6617033962877584,0.8285986340732756,-0.37828978004903124,0.09845128619085673,-0.1972655641350896,-0.12623425029745167
552,-0.5567258409825219,0.14641764530863005,0.7031434858446711,-0.633350144429941,0.42643772261266927,0.20016284748570365,0.6467311067992443,0.8199106376205535,-0.3782098439347806,0.10676198419922131,-0.19108334833884352,-0.1308454317197546
553,-0.5459466860342649,0.11534117101314781,0.6612878388903201,-0.607644483026591,0.38682377689649416,0.21277538398445445,0.6478749854693442,0.8352751311657871,-0.3593718600954621,0.12819427686798202,-0.1684704299618164,-0.11644297705659068
554,-0.5411645902678729,0.11433055248991919,0.6554951427577921,-0.6021408973547021,0.381101816781986,0.21341701888897685,0.6326290695364251,0.8308019277813067,-0.3582357062840022,0.12957461994247227,-0.1676847978930092,-0.11433055248991919
555,-0.5243157205703084,0.16864976088332942,0.692965489588983,-0.6122580288426239,0.42972644279579486,0.17511305284079604,0.605826455457673,0.8147518038911195,-0.36177110237153803,0.1256884032720392,-0.1716599247219121,-0.12299972541021992
556,-0.5087287947743103,0.15742816153600583,0.6661570057317233,-0.5916373450118035,0.41276831190713525,0.1710799498685167,0.5999055839927155,0.8214823230076617,-0.3461944435269753,0.14237947168368814,-0.15593127770307744,-0.1133306104044679
557,-0.4985992224960786,0.1266261977347363,0.6252254626634206,-0.5650528950329993,0.3749382553864702,0.1825493466663458,0.5864294446291003,0.8175551020936312,-0.3464783430492273,0.15379662216344997,-0.15563178027987035,-0.10745537614191482
558,-0.4801883204576606,0.1676847978930092,0.6478731183506697,-0.5640307007658567,0.4039679645565868,0.15244073044045608,0.5564086763587344,0.7926918057456951,-0.3658577679677414,0.15244073044045608,-0.1676847978930092,-0.12195258621619573
559,-0.4660154207404765,0.180090095741612,0.6461055484640444,-0.555242693898119,0.40897270605477465,0.13874570260557853,0.5477523159635588,0.7886550775729517,-0.3580378194068759,0.17163690591159858,-0.14805601357428666,-0.1206070745574993
560,-0.4642862262084546,0.14592928205808112,0.610215522332025,-0.5395755728263679,0.37467193561403883,0.15703999305852226,0.5435521397319409,0.7947233689309294,-0.3392800524746012,0.20127125291603126,-0.12237544659359086,-0.10199775968501101
561,-0.4644817285368624,0.1796278784689993,0.644109586033168,-0.5582610391753683,0.40770052191850914,0.14322278081386616,0.5138817989543343,0.7757489364873873,-0.34801448093649073,0.20387536343672144,-0.12380564199841002,-0.10064435833639901
562,-0.4649442343667991,0.2210390619344076,0.6859833149395151,-0.5792747868567182,0.4497001482759375,0.12195258621619573,0.4878103448647829,0.7545816091568497,-0.3582357062840022,0.2057949944818545,-0.11433055248991919,-0.09908647571821189
563,-0.4608352922386715,0.18613145770312373,0.6469667736365419,-0.5580848256236606,0.4158725680398151,0.13401219084521776,0.4773590794345208,0.7534305129318599,-0.34646718729775605,0.22981924823894204,-0.07895031602366698,-0.07593133855058139
564,-0.44576543614838304,0.18189006845854813,0.6276555263529036,-0.5386584307282097,0.40399422937593765,0.12822799726852507,0.45366487209315043,0.7480911846102062,-0.34217852790381353,0.2393521974258743,-0.05710629047295863,-0.06174946231935873
565,-0.4293511785067987,0.2241024391382595,0.6534536582542103,-0.5409536610454931,0.43364312630482243,0.09844840157246056,0.4131862754160319,0.7216597110173578,-0.35382271199841103,0.23666187053199728,-0.049942794828249724,-0.0583544009873687
566,-0.41921201337083136,0.19817295143642377,0.6173849834455636,-0.5182984797698891,0.4039679645565868,0.10670850944448843,0.38872384118910835,0.708849388160882,-0.35061368187687986,0.25152719683951374,-0.022866110497983837,-0.030488146554048932
567,-0.4031743382439934,0.16193440154320907,0.5651087400593517,-0.48422390373474244,0.36383302815279306,0.12030736605635325,0.3698248398092094,0.7030103703456376,-0.3494247209656947,0.25664727351808103,0.005234910723103159,-0.0018077632170320954
568,-0.38222795944510696,0.19314586976504874,0.57537382507764,-0.4788363740786984,0.3816415968781212,0.09285210677413837,0.3285816731364372,0.6614967823199336,-0.38330123195184596,0.23710414445478364,0.005445720743316916,-0.0033691749905236834
569,-0.37049369365584717,0.18474591572600924,0.555239584402765,-0.4626978584006126,0.3669792601108865,0.08904959640413043,0.29752566675172193,0.6240433253671875,-0.40757159060067555,0.22808215104153612,0.013610239696856014,0.007693054507310641
570,-0.3658577679677414,0.12195258621619573,0.4878103448647829,-0.4268340377779537,0.30488146088091217,0.12195258621619573,0.28201535038292835,0.6173849834455636,-0.411589988963709,0.22866110497983838,0.03811018261011402,0.03811018261011402
571,-0.35976479138841266,0.12010668765054772,0.4798715007828469,-0.42266522303365134,0.29696163405393855,0.12084277731661333,0.24823128808702508,0.5917453189057308,-0.43792411286915955,0.21269977540443244,0.04539849552349548,0.04600094358983772
572,-0.3544425850414051,0.13142303536786448,0.48586561828746133,-0.42476482884448863,0.3060428619769057,0.10908656673611171,0.21843081681881937,0.5582597635523489,-0.46449636396705585,0.19582921641166165,0.0510175694293421,0.05021160689047303
573,-0.34778143600040545,0.07847911460052007,0.4262605484794895,-0.3900258142880089,0.25267298275706696,0.13064220344635638,0.19727370801548938,0.5443395866964682,-0.4771860327657843,0.1872750689134426,0.06472641489753726,0.06588148711839506
574,-0.34299165746975757,0.060976293108097865,0.4039679645565868,-0.37347979237486373,0.22866110497983838,0.1371966536687488,0.16006275484757843,0.5182984797698891,-0.5106764180861498,0.1676847978930092,0.060976293108097865,0.0685983268343744
575,-0.3431407691259106,0.09278681642040504,0.4359275571568464,-0.3886907532878681,0.2592339889056499,0.12142839936883842,0.12330382984850598,0.47579438672458735,-0.5484725762652101,0.14302808104771528,0.052270989927882774,0.062106617560379634
576,-0.33930500656595264,0.06090296178674402,0.4002079425733904,-0.37230158802253044,0.22975234042502352,0.13529135512998777,0.09902186928814691,0.45071792543801026,-0.5632957194813659,0.12956604546630118,0.06111526004292097,0.06259290826591986
577,-0.3333019108155702,0.014074942418874959,0.3473768581081934,-0.34371356584313206,0.18007660628350727,0.15590026006848365,0.07440021869116117,0.43476714120448906,-0.5787563407746659,0.11557150701482835,0.06960797082009171,0.07153671883170727
578,-0.32774757137889604,0.030488146554048932,0.3582357062840022,-0.34299165746975757,0.190550908390993,0.14481869671417955,0.038110182610114014,0.39634590287284754,-0.6173849834455636,0.0838423989465046,0.060976293108097865,0.0685983268343744
579,-0.31597742876644197,0.018438376886309584,0.3344157997088546,-0.32473311579581454,0.17208241836137617,0.14464968900168826,0.005567844289623838,0.35695896771960256,-0.6497386160468054,0.05669439232042446,0.057655129759173605,0.059104649091747265
580,-0.30700176276684576,-0.032052088938856846,0.2749496754400206,-0.29145099399858143,0.11937427216643663,0.1673366686158922,-0.0078749736366821,0.3420208612845885,-0.6624596891268553,0.04982468202491129,0.06875146053345639,0.07103689212478752
581,-0.30379586601082914,-0.018392548034184074,0.28540330876299724,-0.29432374728848937,0.13429369758967896,0.16187128039587745,-0.03496327041901204,0.3157003815229184,-0.6896121950488708,0.0278194640450315,0.06473608109702547,0.07378079266865324
582,-0.30488146088091217,2.245774391225719e-19,0.30488146088091217,-0.30488146088091217,0.15244073044045608,0.15244073044045608,-0.0685983268343744,0.28201535038292835,-0.7240934369751267,3.865175993968243e-19,0.05335425472224421,0.060976293108097865
583,-0.31053494586627806,-0.05653784696927812,0.25399710630510586,-0.2825299834621007,0.09518521614037677,0.18019362875222128,-0.0748325128207264,0.27073923267096517,-0.735169582830344,-0.004208926896971823,0.05912103806304595,0.06655734597211112
584,-0.3147719505084122,-0.08941804188697082,0.2253539264519279,-0.2696329737780865,0.06569852446260491,0.199357384395997,-0.08803957526157065,0.2477458137676862,-0.7556052635578419,-0.028243327130830463,0.05718155423057544,0.06418004844512776
585,-0.32382768980265486,-0.07190116019423544,0.25192655942703873,-0.2882890964126628,0.09057603813080264,0.19896173805711126,-0.1135916770268122,0.20957429363731514,-0.7987469333610542,-0.07509052004606592,0.04063699166688948,0.049858251072077246
586,-0.3353695957860184,-0.10670850944448843,0.22866110497983838,-0.28201535038292835,0.060976293108097865,0.2210390619344076,-0.11433055248991919,0.19817295143642377,-0.823179977927418,-0.09146444199193535,0.03811018261011402,0.05335425472224421
587,-0.3357164999037116,-0.14858579770254807,0.1871307105874141,-0.2581718838723387,0.019144910662120953,0.23840248899257827,-0.12023832980569882,0.18631071256717635,-0.8404598155667641,-0.10719456156222983,0.03597974541201344,0.05108059549523058
588,-0.334894357776502,-0.11893281655553754,0.215961556145434,-0.27262276332234586,0.04851377662944328,0.22492797917454513,-0.15083065250312475,0.1479857135606935,-0.8837755994677212,-0.15778590074887933,0.016285806498081905,0.034378158790109574
589,-0.33463361374201406,-0.11490983454354028,0.21972379671926198,-0.2782838542560137,0.05256523835583198,0.22512086347212537,-0.15787227293832146,0.12573161450764483,-0.9108496574245749,-0.18741253751577458,0.006970116983881007,0.03192374190908413
590,-0.3353695957860184,-0.1676847978930092,0.1676847978930092,-0.25152719683951374,-1.2155081919842942e-19,0.25152719683951374,-0.14481869671417955,0.12195258621619573,-0.9146444199193535,-0.190550908390993,0.007622036638512231,0.03811018261011402
591,-0.34124182570574957,-0.1695402830726703,0.17170152510870065,-0.25292754688501407,-0.0019147984647403318,0.25573293039551803,-0.15928034412158465,0.09989526662812914,-0.9405139266712552,-0.22194885383702573,-0.003928592717354239,0.028258664632339017
592,-0.3445309003242618,-0.15684045658160675,0.1876904265378609,-0.26266492069194564,0.01211867798205988,0.2487191786612877,-0.1755565137270258,0.08216630596614624,-0.966124109460871,-0.25521600624790336,-0.00933250462046794,0.017337070109461422
593,-0.35573873660853156,-0.2132116935025341,0.14252702294378106,-0.24476099178983346,-0.033455920037126864,0.2807039667771506,-0.16141630495855444,0.08495567401848195,-0.9669390311028876,-0.2591299406571566,-0.008546388898793531,0.027628923674900642
594,-0.37347979237486373,-0.23628312938696067,0.1371966536687488,-0.25152719683951374,-0.04573222099596767,0.30488146088091217,-0.16006275484757843,0.07622036522022804,-0.9832427141366882,-0.2743933073374976,-0.022866110497983837,0.030488146554048932
595,-0.37913249982687186,-0.19874236157256292,0.1803901553306039,-0.2797112325336105,-0.008441910975059889,0.2900798756286964,-0.17992801193141203,0.05714284104403542,-1.0138322334727239,-0.3050281852309702,-0.036404311093171715,0.01682969153788534
596,-0.38774307508355393,-0.22794848008263247,0.15979460407222282,-0.2715857000847804,-0.03433554600729249,0.30502871299065626,-0.17962482238230137,0.04962389768487156,-1.0258249978526797,-0.3204290677258986,-0.04032342536924691,0.01914657718772784
597,-0.39824051210769534,-0.27383143157264894,0.12440908070489824,-0.25801515218506965,-0.07477316757330887,0.33276558863067807,-0.1765851987763895,0.0414253525939967,-1.0315089723624216,-0.33352623240154744,-0.049875912563617265,0.021102524001885017
598,-0.39634590287284754,-0.24390517243239146,0.15244073044045608,-0.2743933073374976,-0.04573222099596767,0.32012550969515685,-0.190550908390993,0.022866110497983837,-1.0518410829072564,-0.3582357062840022,-0.060976293108097865,0.007622036638512235
599,-0.39938834290250214,-0.24718244530708758,0.15220587316749376,-0.27315064544736456,-0.04468014340484101,0.3239381082798112,-0.1878012841344915,0.014416147361633987,-1.0650489529447438,-0.37164657057133776,-0.061397201278238465,0.010925556177353773
600,-0.4130345597498849,-0.3035813304524767,0.10945321193184784,-0.25787848241318434,-0.09250141497737474,0.3563671011337904,-0.17686869330257604,0.015580258859105753,-1.0695678171817562,-0.37971332359272536,-0.06455304597753796,0.017994683470816862
601,-0.4198945272028265,-0.291379310780868,0.12851521870703894,-0.2755882864178782,-0.07803160818642968,0.35123260367105585,-0.18863979575661077,0.0005812074526797978,-1.090357796125299,-0.40655929116262096,-0.08358721445836195,-0.00034787778001827644
602,-0.41921201337083136,-0.25914923988494454,0.16006275484757843,-0.2896373934283591,-0.04573222099596767,0.3353695957860184,-0.19817295143642377,-0.015244073277024466,-1.1128173527174687,-0.4268340377779537,-0.09908647571821189,-0.015244073277024466
603,-0.4187138284248346,-0.2976065604846351,0.12110724335339074,-0.26610080922035895,-0.08403499977376705,0.35753350876771844,-0.1864623424236363,-0.009784840852689653,-1.1127213141194052,-0.42080672486391607,-0.09899761685169531,-0.013785904289500222
604,-0.4189680635431615,-0.3157792591804581,0.10318879864800709,-0.25904025417356596,-0.10316931023773579,0.3665514435378674,-0.18272237942447067,-0.0111858048560623,-1.116205161415827,-0.4231455232536022,-0.10424449386916537,-0.0251780285098711
605,-0.4189778696530227,-0.2772069480109112,0.14177092218865037,-0.28085855573946367,-0.06325727864616927,0.34297644182985815,-0.19384441898861476,-0.02779772304398735,-1.1315740334246907,-0.4376236157316984,-0.11814527857816812,-0.04197474661431968
606,-0.41921201337083136,-0.2896373934283591,0.12957461994247227,-0.2743933073374976,-0.07622036522022804,0.35061368187687986,-0.190550908390993,-0.022866110497983837,-1.1280614015317134,-0.4268340377779537,-0.11433055248991919,-0.03811018261011402
607,-0.4141315962955101,-0.31473042981221,0.09940115540516825,-0.25658020351407407,-0.10756719424538286,0.3647341600742687,-0.18155157851064385,-0.00740025010105488,-1.1172981154134263,-0.41454019717793456,-0.10472348368985308,-0.0349133765465135
608,-0.4057318465016066,-0.26546425031063187,0.1402675629507918,-0.27320565132220564,-0.060568598100384854,0.33298854123011223,-0.18912601768716136,-0.0158710911260737,-1.1294726389528624,-0.43450756355333126,-0.11614197665060469,-0.045520644634961846
609,-0.40433402591863754,-0.2502097436417324,0.15412424800436958,-0.27910406326927284,-0.044551812316099636,0.3242512303020722,-0.1871077781275441,-0.02262826047352009,-1.1331571553494093,-0.4388364682033325,-0.12076138157900562,-0.042741634687119306
610,-0.411589988963709,-0.30488146088091217,0.10670850944448843,-0.25914923988494454,-0.09908647571821189,0.3582357062840022,-0.17530684093843993,-0.015244073277024468,-1.1280614015317134,-0.4268340377779537,-0.11433055248991919,-0.03811018261011402
611,-0.41784376865323414,-0.30257142679226956,0.11527233615277797,-0.2668038930913747,-0.09154762591709505,0.3571797357151233,-0.18527463176741987,-0.025069477102010962,-1.1441686006161138,-0.4478034733300802,-0.12566735284379427,-0.05080521902480802
612,-0.41940064037600194,-0.27678540129824997,0.14261525000784625,-0.2795766271532836,-0.06151759093013752,0.3455106617306821,-0.19238531600922426,-0.033390866904026255,-1.1511839216691455,-0.4618586682262959,-0.12710279470467528,-0.049007459656549714
613,-0.4179226378457558,-0.31170244815151826,0.10622019132332422,-0.25727240319933686,-0.10049264532060595,0.3650819416298354,-0.17772904294811018,-0.016196713878179506,-1.1391195222986303,-0.4426727021369985,-0.1087439059106473,-0.03437830452805561
614,-0.411589988963709,-0.3125034852880345,0.09908647571821189,-0.25152719683951374,-0.10670850944448843,0.3582357062840022,-0.1829288839838707,-0.015244073277024468,-1.150927549306314,-0.4497001482759375,-0.11433055248991919,-0.03811018261011402
615,-0.40427602429642373,-0.26302656562922144,0.14124942859952921,-0.2727801075189186,-0.05805617053307063,0.32861827784669084,-0.2042465653749875,-0.03598644884548402,-1.1710111927831124,-0.47700633702946527,-0.13501791504445818,-0.045951450593874704
616,-0.4039258635829599,-0.280547144799869,0.12337868877208834,-0.2615190349679631,-0.07408781804868386,0.3412424925301186,-0.19629793575200905,-0.029516215913327086,-1.1689529984254179,-0.4731062645522233,-0.13125168278089494,-0.04188398506281535
617,-0.4027592207909037,-0.3179493243810661,0.08480985831631824,-0.24030813479055374,-0.11313642731102963,0.3599049505409039,-0.17994487941212164,-0.011836953634991727,-1.1664510081089239,-0.4652387138953247,-0.12053952074774674,-0.03778097996032567
618,-0.4039679645565868,-0.2896373934283591,0.11433055248991919,-0.25914923988494454,-0.0838423989465046,0.34299165746975757,-0.190550908390993,-0.022866110497983837,-1.1814156469348034,-0.4878103448647829,-0.1371966536687488,-0.04573222099596767
619,-0.4150576303489121,-0.28858136406557255,0.12647626680267549,-0.27111320352012663,-0.07670994385625034,0.3470591843538977,-0.19025107843855604,-0.027950094759078944,-1.1840168361821464,-0.4984453248464622,-0.1532915353109536,-0.053841810846415185
620,-0.42338905100153346,-0.33581907905777225,0.08756996787032832,-0.25533741007141736,-0.1222783209192267,0.37837530640310174,-0.16761115310802482,-0.012039293880733336,-1.1745373158910792,-0.4881824624010346,-0.14727599506914651,-0.05030298573097072
621,-0.42900175215910163,-0.3220264739460311,0.1069752827981437,-0.26789009307361566,-0.10797530944246012,0.3754216936245414,-0.17394116643797278,-0.023105827622542215,-1.1875384319200595,-0.5038585265623604,-0.16030212595149168,-0.05856072381728912
622,-0.4420781238688152,-0.2896373934283591,0.15244073044045608,-0.2972594364737899,-0.0685983268343744,0.3658577679677414,-0.190550908390993,-0.04573222099596767,-1.2042817947094042,-0.5259205414536282,-0.1829288839838707,-0.07622036522022804
623,-0.45376574131963887,-0.32244237234166445,0.13132334217601388,-0.29323365819816616,-0.09530919855933173,0.3889604978598542,-0.17389080960792683,-0.035904054907638386,-1.1925371611806337,-0.5151855099351708,-0.17292929564431372,-0.07256077737071802
624,-0.4637433622318387,-0.3367006112156263,0.12704273215263143,-0.2927959557840908,-0.10520356604251711,0.3973396009888663,-0.16595976958883182,-0.028520076547288935,-1.1872877372116728,-0.509229376876378,-0.16597584466654924,-0.0648262795660026
625,-0.4766435322305762,-0.3018737818213881,0.17476972433518254,-0.3225657013871897,-0.0632383230554812,0.38637449123355677,-0.17828370203079605,-0.04328736569555883,-1.1992394370507347,-0.5215582236349684,-0.1793056104690903,-0.07091752581125833
626,-0.4878103448647829,-0.32012550969515685,0.1676847978930092,-0.32774757137889604,-0.07622036522022804,0.4039679645565868,-0.1676847978930092,-0.04573222099596767,-1.196659695749048,-0.5182984797698891,-0.17530684093843993,-0.0685983268343744
627,-0.489171363131893,-0.35071839686300815,0.13845296854989908,-0.31121611740936694,-0.10681876011999032,0.4167547870290428,-0.15660564692263979,-0.03857285898454359,-1.1918698087016315,-0.5140281777980931,-0.16611157782869962,-0.060581808901526805
628,-0.48280568971524196,-0.3061326249333003,0.17667306323963516,-0.3252076254832819,-0.06230841208574038,0.39218863466261106,-0.17142199043513176,-0.0390663443936243,-1.2065686628462025,-0.5287892941919958,-0.1738957168159497,-0.06554851469039603
629,-0.4788927467003835,-0.28486422918143406,0.1940284999770509,-0.3328123017045775,-0.04198972086812032,0.3818295823917558,-0.1713355563927833,-0.036098262188353034,-1.2083939547611888,-0.5306655359688421,-0.17209461106646565,-0.06760107100653037
630,-0.47256625877392133,-0.32774757137889604,0.14481869671417955,-0.30488146088091217,-0.09146444199193535,0.39634590287284754,-0.15244073044045608,-0.030488146554048932,-1.196659695749048,-0.5182984797698891,-0.16006275484757843,-0.060976293108097865
631,-0.4595966061006409,-0.31946420979540485,0.140132389188905,-0.29875385677877464,-0.09016060924845087,0.38762843241892003,-0.15540886002813187,-0.03559079635000824,-1.2003386323921021,-0.5266504153477394,-0.16901302600897072,-0.0656665377727794
632,-0.45586632426752155,-0.2876475804685852,0.16821871615036882,-0.3129877246918305,-0.059201235091058194,0.37379093328864693,-0.1624242975227736,-0.03823450000964969,-1.2030670004420787,-0.53984937168918,-0.18148787156325577,-0.06896226390170748
633,-0.4568083107084737,-0.3194298921401426,0.13737840429856704,-0.2962188754129603,-0.09137090344425348,0.3863384736014879,-0.1457642586079564,-0.025665681539801394,-1.1922061706472706,-0.5273438084860583,-0.16981322763836101,-0.05665428340672824
634,-0.45732220995967676,-0.32774757137889604,0.12957461994247227,-0.2896373934283591,-0.09908647571821189,0.38872384118910835,-0.14481869671417955,-0.022866110497983837,-1.196659695749048,-0.5259205414536282,-0.1676847978930092,-0.060976293108097865
635,-0.4721254940996179,-0.2851932191765426,0.18693225364120003,-0.32489442713279965,-0.046374876582507905,0.3781702195396467,-0.16516695066756376,-0.03584919166101668,-1.209552945046297,-0.5458159236523977,-0.18673927448205846,-0.08153881027428296
636,-0.49206203940503246,-0.30345843957393936,0.18860358451156825,-0.33906856607999913,-0.05246880008306955,0.3965069327973185,-0.16128544111145798,-0.03558789262866355,-1.207470824588314,-0.5420270560690189,-0.18848206751607816,-0.07770808173716306
637,-0.4933097334914111,-0.3408484524007696,0.15246125996900214,-0.3224374224909532,-0.09165418247640286,0.41243626889332924,-0.15193723615752214,-0.030587413116640542,-1.2038544263952788,-0.5335279581094329,-0.18295649542434184,-0.06787360121925295
638,-0.4878103448647829,-0.3125034852880345,0.17530684093843993,-0.32774757137889604,-0.0685983268343744,0.39634590287284754,-0.1676847978930092,-0.04573222099596767,-1.2195258435236487,-0.5564086763587344,-0.19817295143642377,-0.0838423989465046
639,-0.4925134796346462,-0.3112917834159852,0.1812216930072859,-0.33265434561080753,-0.06230362466459589,0.4010703874011893,-0.1719171144209919,-0.055992835682929495,-1.2284912384246154,-0.5674352465273111,-0.2026093924958329,-0.08918472338299234
640,-0.49738896895032964,-0.35907733383204465,0.13831163411726116,-0.31430027333531485,-0.10583312444128966,0.429085887818677,-0.1588485088892609,-0.04331863696888176,-1.2185915990381282,-0.5542707010330462,-0.18867870218938373,-0.0709787736377532
641,-0.49211142906143307,-0.34378219408884103,0.14832922132901297,-0.3166773833507,-0.09427107454172784,0.4169301160752621,-0.16422875554211974,-0.039682224412863905,-1.2224908518308202,-0.5618220021960539,-0.19556394585363399,-0.072297781690228
642,-0.4801883204576606,-0.30488146088091217,0.17530684093843993,-0.32774757137889604,-0.060976293108097865,0.38872384118910835,-0.17530684093843993,-0.05335425472224421,-1.2347699668911272,-0.5792747868567182,-0.2057949944818545,-0.0838423989465046
643,-0.47660913114724357,-0.3358925774673118,0.14071653572556966,-0.3099471181367687,-0.0933790362669208,0.4024203637095759,-0.16480266439367885,-0.05565865929299616,-1.2231585923741588,-0.5693591643410876,-0.1885897762925085,-0.07317278984677203
644,-0.4875218850198698,-0.35517424132082315,0.13234762379146756,-0.30671062356705964,-0.1092754582444127,0.4171874518433607,-0.15770054954835294,-0.0503566427449342,-1.2174338601685566,-0.5587569833067336,-0.18145370476414638,-0.06553941016231599
645,-0.4832208108857347,-0.31270877637842776,0.17051201698787824,-0.32410167045664495,-0.07187989554476255,0.3949589400441804,-0.17358675240635452,-0.055678062441989654,-1.2295638130808353,-0.5654226092220693,-0.19370756729280686,-0.0691277346527107
646,-0.47256625877392133,-0.32012550969515685,0.15244073044045608,-0.3125034852880345,-0.0838423989465046,0.39634590287284754,-0.17530684093843993,-0.05335425472224421,-1.2195258435236487,-0.5487866146749952,-0.1829288839838707,-0.060976293108097865
647,-0.48789447752930143,-0.3606100824173948,0.12728437935359094,-0.3044715069007896,-0.11322667539273594,0.42442112241101815,-0.16480989006158414,-0.04005999819568279,-1.1970151330196512,-0.5198076427066127,-0.166258357889307,-0.057469733930838526
648,-0.5028890416562523,-0.3280866627350471,0.1748023871689611,-0.3363007766660198,-0.07412064339144156,0.4156138569993256,-0.1814261902042003,-0.038736872584781396,-1.2006632332709046,-0.5238169237366075,-0.17732725958886708,-0.07068645481656916
649,-0.5018380780329208,-0.30793363604323126,0.19390446022656438,-0.34818008044940674,-0.05784706785891463,0.4042809214693077,-0.18876241692060855,-0.03503681164639465,-1.1998483093390666,-0.5200163510229915,-0.18066752164086913,-0.0757146641013481
650,-0.5030543936790275,-0.3582357062840022,0.14481869671417955,-0.32012550969515685,-0.10670850944448843,0.4268340377779537,-0.17530684093843993,-0.022866110497983837,-1.1814156469348034,-0.49543236927190526,-0.1676847978930092,-0.0685983268343744
651,-0.5030174630595471,-0.357938430478157,0.14507904890917184,-0.31882902704575383,-0.105739681945803,0.4260018360244722,-0.18516202636107312,-0.026830787335955293,-1.1783266833057855,-0.4980902443798149,-0.17202382799404833,-0.07227701124863242
652,-0.5026271223275665,-0.32155056091297385,0.1810765753974119,-0.34126196167334927,-0.0714789926703254,0.4102171774266048,-0.19179876359845846,-0.03389753029393393,-1.1799974205387014,-0.5039966899196493,-0.17515950655770585,-0.0808085278901882
653,-0.5017265412774468,-0.3496540231654236,0.15207251186057888,-0.32602632851582186,-0.09730350709785202,0.4263194251076449,-0.1787344080475561,-0.02756624971461564,-1.1692143906200874,-0.49061896970330876,-0.16409448847579827,-0.07171577561293925
654,-0.49543236927190526,-0.3582357062840022,0.1371966536687488,-0.3125034852880345,-0.10670850944448843,0.4268340377779537,-0.1829288839838707,-0.022866110497983837,-1.173793622527681,-0.49543236927190526,-0.1676847978930092,-0.0685983268343744
655,-0.48897381510218435,-0.3053817249771633,0.18359208911515823,-0.3325369452665406,-0.06045735431497331,0.39389875285528586,-0.1963713213898989,-0.027560013190371907,-1.1915245178650802,-0.5140198503104316,-0.18113552075688047,-0.08227728587209346
656,-0.48387901954436424,-0.311658587202348,0.17222043001136114,-0.32368822161297495,-0.0680857141931336,0.3949786685222648,-0.19569224058508328,-0.035640036421144876,-1.1974178719394972,-0.5194289811213513,-0.178354288441688,-0.07786755032243207
657,-0.4776361261116863,-0.34952408119493966,0.12811203147839145,-0.3001159354440739,-0.10690208379002002,0.4147019280969961,-0.1891150269770557,-0.03875239227096285,-1.1963102211585939,-0.5185846665530557,-0.16315632352776488,-0.0663195010919439
658,-0.47256625877392133,-0.32012550969515685,0.15244073044045608,-0.3125034852880345,-0.0838423989465046,0.39634590287284754,-0.19817295143642377,-0.04573222099596767,-1.2119037445632928,-0.5335425658607506,-0.1676847978930092,-0.0685983268343744
659,-0.4713436386882624,-0.311825648066624,0.15951799047668633,-0.3125784591929297,-0.07691043473622534,0.38783628901773287,-0.2077755219947856,-0.0541627227035257,-1.2214776872644275,-0.5436469987698347,-0.17812798987540443,-0.06393305751336857
660,-0.47337615536162053,-0.36198322914631176,0.11139294878110831,-0.2892216497297834,-0.12441710693808031,0.41568127085369666,-0.19754561082036037,-0.047474160826308405,-1.209390267113171,-0.5316049553832274,-0.1633415359900764,-0.058300834031567376
661,-0.47093837374971165,-0.35325948740329455,0.11767889656942279,-0.29558906468594176,-0.118414703055161,0.4124596814748183,-0.20356361821486538,-0.048562529060884416,-1.2171931326281114,-0.539514901941393,-0.16409295717463107,-0.06250315073219082
662,-0.47256625877392133,-0.32012550969515685,0.15244073044045608,-0.3125034852880345,-0.0838423989465046,0.39634590287284754,-0.2210390619344076,-0.060976293108097865,-1.2347699668911272,-0.5564086763587344,-0.17530684093843993,-0.060976293108097865
663,-0.4798047918300754,-0.3580668053713432,0.12173796421160822,-0.29701198500129883,-0.11497431898155634,0.41923678318728,-0.21012141447221344,-0.05617638689333169,-1.2175769557383023,-0.5393137677343364,-0.15215791141142046,-0.05422762339037618
664,-0.4734528304990809,-0.37699223394533193,0.09646058711394832,-0.2828764559225764,-0.13622398194686475,0.4234088318770782,-0.20748627901342967,-0.053782427691022726,-1.2087473763848031,-0.5321221183289966,-0.14498612858949272,-0.05527225662142689
665,-0.4618158632897368,-0.337835762101381,0.12398010492581482,-0.2934020802963524,-0.1031375489274293,0.39557754114850163,-0.22635774542144832,-0.0633378760069937,-1.22208947777635,-0.542560806389465,-0.1658868951072429,-0.06337747210059376
666,-0.4649442343667991,-0.35061368187687986,0.11433055248991919,-0.2896373934283591,-0.11433055248991919,0.4039679645565868,-0.2210390619344076,-0.05335425472224421,-1.2119037445632928,-0.5259205414536282,-0.16006275484757843,-0.060976293108097865
667,-0.4755699183122526,-0.3847189284383248,0.0908509666272295,-0.28299669490341306,-0.14330659807986026,0.4263315457237115,-0.2099486372647337,-0.03772018377456583,-1.1947309136263833,-0.5087015653705416,-0.14949973030040203,-0.052508474977670284
668,-0.4882371656063921,-0.35356435264853536,0.13467278588288956,-0.31179233005640267,-0.10511065551529811,0.4173161783634949,-0.2268196349463865,-0.04605005268287582,-1.204451181061787,-0.5196412816799496,-0.162695063471667,-0.060823942576533924
669,-0.49725201172526623,-0.3395142304151632,0.15773776694177344,-0.32692457117962836,-0.08800434440634888,0.41421128244549776,-0.2360474290742046,-0.05364488640971955,-1.2098384986095239,-0.5241691750741041,-0.16557475238739225,-0.07002342723534558
670,-0.5030543936790275,-0.38872384118910835,0.11433055248991919,-0.30488146088091217,-0.1371966536687488,0.4420781238688152,-0.22866110497983838,-0.04573222099596767,-1.196659695749048,-0.5106764180861498,-0.15244073044045608,-0.0685983268343744
671,-0.5092398798705402,-0.3889172979522676,0.12032260367740066,-0.30987716094895584,-0.13196893155610445,0.4486606690072571,-0.23372881106473636,-0.04436701989582956,-1.1930678020835344,-0.5076343580628477,-0.1508773888988957,-0.06939732286477206
672,-0.510272385485968,-0.3499632395442335,0.1603091831709187,-0.33449787861651065,-0.08948386573928437,0.42873374938757003,-0.23487363739444078,-0.04682961209663717,-1.1988772045583538,-0.5136720544478302,-0.15146890700511445,-0.062080034665180694
673,-0.5103247004513501,-0.3839487142221143,0.1263760377274286,-0.3174295770461841,-0.12643003418087315,0.44268151326584304,-0.2267297231051427,-0.04566352513996333,-1.1928831146160082,-0.5072710703660741,-0.14139371236849937,-0.050655859591234996
674,-0.5030543936790275,-0.4039679645565868,0.09908647571821189,-0.2972594364737899,-0.15244073044045608,0.4497001482759375,-0.23628312938696067,-0.05335425472224421,-1.196659695749048,-0.5106764180861498,-0.14481869671417955,-0.05335425472224421
675,-0.48384401057116144,-0.34578629504087416,0.13805770730456354,-0.31013454658378115,-0.10105653153850278,0.41106490332367196,-0.2502522386915383,-0.06590484639511111,-1.2148019808562323,-0.5299935608666185,-0.15858144697631482,-0.05993575987510019
676,-0.478202761664683,-0.3508439297577005,0.12735878431954106,-0.30182006906145076,-0.10725967750007516,0.41186780588916944,-0.24815256222483295,-0.07015418258429844,-1.2171347880577317,-0.5285017846146983,-0.15634766510759807,-0.06126769948577904
677,-0.47961646058324636,-0.3982763158849533,0.08134011697662875,-0.27571970046445027,-0.15498579246083583,0.44005117191560744,-0.2432732228783049,-0.06766445575245277,-1.2095838076781118,-0.5150995308762131,-0.15329668407500396,-0.061431690031724884
678,-0.4801883204576606,-0.37347979237486373,0.10670850944448843,-0.2896373934283591,-0.12957461994247227,0.4268340377779537,-0.25152719683951374,-0.0685983268343744,-1.2195258435236487,-0.5259205414536282,-0.1676847978930092,-0.0685983268343744
679,-0.49128862670991846,-0.3662471519663552,0.12504146154660287,-0.30731154768628244,-0.11640849052558952,0.42496450252213114,-0.2547087293427661,-0.0698826518302992,-1.2225089432347596,-0.5354814383400553,-0.17151396862201965,-0.07194609148048178
680,-0.4989816164275227,-0.41108417164527233,0.0878974766434932,-0.2944264280060845,-0.15943575459438006,0.453239849557445,-0.2431657773345034,-0.06400347803282291,-1.2095276446495944,-0.5254186483444122,-0.15929482652776103,-0.05821883421091986
681,-0.5061370321989243,-0.39811941573541487,0.10801764114125083,-0.3058434353482269,-0.14585397455865107,0.4519625177678356,-0.2481921245424483,-0.06075335546572774,-1.2157997779905156,-0.5295991748769701,-0.16352865306834105,-0.054755013157991916
682,-0.5182984797698891,-0.3582357062840022,0.16006275484757843,-0.3353695957860184,-0.09908647571821189,0.434456062185076,-0.25914923988494454,-0.060976293108097865,-1.2271479424840048,-0.5411645902678729,-0.1676847978930092,-0.060976293108097865
683,-0.5142960345855271,-0.382642936597701,0.13165311687030531,-0.32213909320451306,-0.12215519588390036,0.44380351542534824,-0.2424975307873179,-0.05495628703760744,-1.213911394435249,-0.5297897893780746,-0.14944246397743668,-0.0495763113817468
684,-0.5022996295607761,-0.4011986214562815,0.10110105274214069,-0.300884303381516,-0.14633909508801862,0.4501322993282136,-0.2334548400778527,-0.0544825942033525,-1.2147924669295531,-0.5249659249091382,-0.14495577831005735,-0.045944096068686185
685,-0.49100631685912394,-0.3568578286307461,0.13414847615508663,-0.3076272471322736,-0.107174402916873,0.42432882081548184,-0.24930834214491795,-0.06438764646756936,-1.2298063552041838,-0.5365110946242131,-0.15410847862637952,-0.05546218394222202
686,-0.4801883204576606,-0.3582357062840022,0.12195258621619573,-0.2972594364737899,-0.11433055248991919,0.41921201337083136,-0.25152719683951374,-0.0685983268343744,-1.2271479424840048,-0.5335425658607506,-0.14481869671417955,-0.04573222099596767
687,-0.4742163179501925,-0.3985072358137099,0.07570908740565671,-0.2746967085628781,-0.16109541665219168,0.4359509974622699,-0.24756301632802832,-0.06765412418264108,-1.2238243323869415,-0.5295211116661775,-0.14042991502247626,-0.03570447132291534
688,-0.4670634768443154,-0.36562529717499126,0.10143818575547939,-0.2829570521356737,-0.13039443939255274,0.4172158809149809,-0.2645299078836826,-0.0726196021950416,-1.2316266559013764,-0.5436307976153293,-0.15591692280244876,-0.04787137196349576
689,-0.4653067929217037,-0.34753177092949333,0.11777503914491827,-0.2867704186197545,-0.11106502668628816,0.40520611734893197,-0.2745976002264964,-0.07609781275636453,-1.232671739142974,-0.5462136362951637,-0.15751232361553424,-0.05171100151985439
690,-0.47256625877392133,-0.4039679645565868,0.06859832683437439,-0.2667712829303753,-0.1676847978930092,0.434456062185076,-0.2667712829303753,-0.0685983268343744,-1.2271479424840048,-0.5335425658607506,-0.14481869671417955,-0.03811018261011402
691,-0.48202992302263353,-0.4086231702748854,0.07340675807322988,-0.2773993596964407,-0.1686040481449175,0.4444710148537262,-0.27529018508789377,-0.07065935064700957,-1.2343815018847022,-0.5413177880398435,-0.1485207033083021,-0.040661166727993796
692,-0.5005639169967018,-0.3809323008277072,0.11963162771205132,-0.30974830198509073,-0.1282684349446014,0.43999250406696,-0.28912191679698984,-0.08645324808514986,-1.2525651852917261,-0.556522766140802,-0.1543919802640255,-0.05198520061311134
693,-0.5119305440626627,-0.4089517135827695,0.10297887648620363,-0.30805047091901233,-0.14893793252972615,0.455415181588096,-0.27480421115976444,-0.07712658349248347,-1.241642230925364,-0.5399409600314841,-0.13771721420068442,-0.03931041174535673
694,-0.5106764180861498,-0.411589988963709,0.09908647571821189,-0.30488146088091217,-0.15244073044045608,0.45732220995967676,-0.2667712829303753,-0.060976293108097865,-1.2271479424840048,-0.5259205414536282,-0.12957461994247227,-0.030488146554048932
695,-0.511247623782985,-0.355436941162536,0.1558107229694269,-0.3296308983323287,-0.09615652139674533,0.4332577747054982,-0.2853567039826968,-0.0727948771380307,-1.2442354613844473,-0.5386248396234418,-0.1426530071918471,-0.04368874842705359
696,-0.50359899632704,-0.3440828905588389,0.15951613267168435,-0.3302198530248378,-0.08811104651824633,0.4221703291227702,-0.2860106881269364,-0.07236548055887954,-1.243908658634334,-0.5328932433162339,-0.1395576920806599,-0.040173930091342146
697,-0.4920470626744094,-0.3716515706365121,0.12039550948081172,-0.30543153575700266,-0.12249332803241647,0.4274599643447994,-0.270113092030512,-0.05727584240094362,-1.218733441426708,-0.5137304363841433,-0.12707950033672527,-0.028625657967994746
698,-0.4878103448647829,-0.34299165746975757,0.14481869671417955,-0.3125034852880345,-0.09908647571821189,0.411589988963709,-0.2743933073374976,-0.060976293108097865,-1.2195258435236487,-0.5259205414536282,-0.1371966536687488,-0.03811018261011402
699,-0.4767778583110827,-0.3132279152388037,0.16354992669773163,-0.3195830428481356,-0.07560195971822144,0.39391681316291205,-0.2778124745740696,-0.06320791613852432,-1.227425330154883,-0.5366390182490587,-0.1465203398371984,-0.041420376977581
700,-0.46580883552255764,-0.3431823751493821,0.12262645404055283,-0.29251994154962935,-0.10807496197448785,0.405777622380133,-0.26420978772696946,-0.055804185758356314,-1.2203311124696878,-0.5234543632316911,-0.13834937620984292,-0.031059962521747246
701,-0.4648604512732713,-0.3275940608411982,0.1372663999871155,-0.2975338805738841,-0.09107141408798923,0.3947934650422449,-0.25901169895751397,-0.05309250050327213,-1.2201226891049197,-0.5320892804972731,-0.13936687060499342,-0.03266173489565454
702,-0.4649442343667991,-0.2743933073374976,0.190550908390993,-0.32774757137889604,-0.03811018261011403,0.3658577679677414,-0.25914923988494454,-0.05335425472224421,-1.2271479424840048,-0.5487866146749952,-0.14481869671417955,-0.03811018261011402
703,-0.46420416336100745,-0.2970884666646294,0.16711567052135184,-0.3130737149408811,-0.0611843585002031,0.380061732633074,-0.24276058363400518,-0.04878384001761844,-1.2212114981435105,-0.5320387658220134,-0.12929329230974898,-0.03260513086136293
704,-0.46519001434171403,-0.3189558854062268,0.146234126354417,-0.30234880681074516,-0.08263854603209558,0.3908014317774159,-0.2282417963311212,-0.03995439996331175,-1.2167417583883495,-0.521970109873233,-0.11121113519823869,-0.029410435050545213
705,-0.46392455283266326,-0.2724999383073144,0.19142461032229385,-0.3289975663124036,-0.0365590965677137,0.363733478063189,-0.22842650501019665,-0.03799851396597881,-1.2174253015397944,-0.5239708087793256,-0.10391393756809719,-0.02958226549160791
706,-0.4649442343667991,-0.2743933073374976,0.190550908390993,-0.32774757137889604,-0.038110182610114035,0.3658577679677414,-0.21341701888897685,-0.030488146554048932,-1.196659695749048,-0.49543236927190526,-0.0838423989465046,-0.015244073277024466
707,-0.47059120838677115,-0.3143954223231985,0.15619576643320424,-0.309777365970832,-0.0780699406981795,0.3886683692897588,-0.1955254352946344,-0.015502149796751439,-1.1726193055804124,-0.47042121270613846,-0.06656123932094045,-8.23406541772596e-05
708,-0.4730549283524359,-0.28323791019437444,0.18981700491690245,-0.3289725925451467,-0.047585357854646605,0.37569120830390834,-0.21410312108690327,-0.024883821131850614,-1.1823298717833992,-0.48544462640437314,-0.08137461120366246,-0.006880570189371113
709,-0.4719438779958978,-0.26105355448344103,0.2108903303524538,-0.3423819287601703,-0.024514730578250758,0.36737808196285077,-0.22921984512494908,-0.04094249364935594,-1.1843819214346136,-0.4936331178922287,-0.0909502453781236,-0.017291592126912447
710,-0.47256625877392133,-0.30488146088091217,0.1676847978930092,-0.32012550969515685,-0.0685983268343744,0.38872384118910835,-0.21341701888897685,-0.030488146554048932,-1.1585495737134364,-0.47256625877392133,-0.07622036522022804,-0.015244073277024466
711,-0.46330123798888834,-0.28950665876547427,0.17379455470180782,-0.31483598021954107,-0.058781394401990705,0.3732343889575778,-0.21446841482615778,-0.02140414269243577,-1.152840295406896,-0.4670613417532518,-0.07840337740387948,-0.014596828964629353
712,-0.4431937872045267,-0.22856864182340345,0.21462515917061067,-0.32700590822503206,-0.004147880627303339,0.33171525398573043,-0.23046966694732576,-0.026216006048537625,-1.163716154264002,-0.48175108497405394,-0.09007535287875315,-0.014009253989473329
713,-0.4318531752469851,-0.2384100100298965,0.19344320029262116,-0.31255191925204934,-0.019412798465430384,0.3314976440325756,-0.2249196934565256,-0.018930799644214423,-1.1518110312362475,-0.47512775900259463,-0.0782180265117908,-0.003817600719327606
714,-0.4268340377779537,-0.23628312938696067,0.190550908390993,-0.30488146088091217,-0.022866110497983833,0.32774757137889604,-0.22866110497983838,-0.015244073277024466,-1.150927549306314,-0.47256625877392133,-0.07622036522022804,-1.4460214977486593e-19
715,-0.4148740585902693,-0.16224030967361425,0.2526337413613185,-0.3289736954436827,0.04549394277219862,0.28456222532764264,-0.2539587218114604,-0.028521455760687965,-1.170577319470484,-0.4924589971661209,-0.09179371433310907,-0.0024826595496658553
716,-0.4066561781596706,-0.1436502648889056,0.26300588923745155,-0.33350641883785437,0.05751969155394247,0.2716686258901385,-0.2574028931137362,-0.02488409491850578,-1.165714822119919,-0.4865188288640516,-0.07779010737764101,0.011107123062818408
717,-0.4015755741136395,-0.17368696296952435,0.22788857583416933,-0.3145174239521382,0.023644096885985438,0.28348670035270396,-0.25199996288102305,-0.013854839804576977,-1.158623403146659,-0.4689906347874498,-0.05741362840935155,0.025829421607780505
718,-0.39634590287284754,-0.14481869671417955,0.25152719683951374,-0.32012550969515685,0.05335425472224421,0.2667712829303753,-0.2743933073374976,-0.030488146554048932,-1.1814156469348034,-0.4801883204576606,-0.0685983268343744,0.022866110497983837
719,-0.4008351190999203,-0.13099636658615368,0.2698387333534601,-0.3302509084354829,0.06727816720478809,0.2652454330225925,-0.2904773473851619,-0.04636277556352438,-1.1905976234009101,-0.48389391866661907,-0.07275548913074713,0.02109842797672725
720,-0.4063640655618582,-0.17785725269830135,0.22850677969800276,-0.31690410178743905,0.01984693904666089,0.29131489817547496,-0.28487340172902614,-0.03982649331839515,-1.1815327596082534,-0.47146705299472125,-0.06013120204305468,0.027321668566051963
721,-0.4010676487057394,-0.17032900365510784,0.23073863547645737,-0.31476902907489385,0.027824691411827814,0.28058703516757993,-0.2964836398726257,-0.040697629370227896,-1.182005711714825,-0.47610915646842944,-0.06501704419275321,0.031094909407362988
722,-0.39634590287284754,-0.12957461994247227,0.2667712829303753,-0.32774757137889604,0.0685983268343744,0.25914923988494454,-0.32012550969515685,-0.05335425472224421,-1.1890377458951595,-0.4878103448647829,-0.07622036522022804,0.030488146554048932
723,-0.39612636488225383,-0.16398719414971782,0.23213916866918638,-0.31369031765413286,0.033895348360465476,0.2803140491836232,-0.3171359577044969,-0.049998238380937046,-1.1842503144172705,-0.4780992296224071,-0.06668368096025913,0.034537165257344384
724,-0.39537554596149105,-0.1969774442271008,0.19839810566035493,-0.29510223286891063,0.0011779450747871436,0.2936688429593184,-0.30890331757818207,-0.040894619107915565,-1.1753831060399014,-0.4658917348408817,-0.053287943479469684,0.04463097102185912
725,-0.3966566456335292,-0.16110398117168778,0.2355526606374092,-0.3125192795193527,0.03670009099930413,0.2757530412211304,-0.32781765614820757,-0.04944978434526601,-1.1853941763215194,-0.47759943387542775,-0.05418300710705929,0.04497238829563963
726,-0.39634590287284754,-0.1676847978930092,0.22866110497983838,-0.3125034852880345,0.030488146554048936,0.28201535038292835,-0.3353695957860184,-0.04573222099596767,-1.1890377458951595,-0.4801883204576606,-0.04573222099596767,0.05335425472224421
727,-0.38998378564329694,-0.21278754155552526,0.17719626364021807,-0.28379234933163405,-0.014200753676294675,0.2986108954490016,-0.32462442668538805,-0.029163242462371564,-1.1726456512897228,-0.464523470723325,-0.02578510235489767,0.07441302584055588
728,-0.385818821570428,-0.1887070097557353,0.1971118178746406,-0.2918338024361578,0.006175042841067863,0.28406671276621714,-0.34634328042327295,-0.045563765406691464,-1.1864913921483493,-0.47578792049491714,-0.02522709997192323,0.06886051125183552
729,-0.3760553884130912,-0.17073732018329274,0.2053180718076955,-0.2896533404752699,0.01740234202427395,0.27465408244018324,-0.36838774009650904,-0.06244784329419334,-1.2056886349229252,-0.4871215004701174,-0.03010147468889087,0.06242035901943891
730,-0.3582357062840022,-0.2210390619344076,0.1371966536687488,-0.24390517243239146,-0.038110182610114035,0.2896373934283591,-0.35061368187687986,-0.04573222099596767,-1.1890377458951595,-0.4649442343667991,-0.015244073277024466,0.0838423989465046
731,-0.34551966853963956,-0.22584594368263058,0.119673707801274,-0.23185813030435068,-0.04850133286700471,0.2821877650944986,-0.3448123233293917,-0.041375228829995336,-1.182740357462054,-0.45872244450492705,-0.005996103361759149,0.08812137329282727
732,-0.337238270991285,-0.19786256337596553,0.13937570675454025,-0.23714292231909367,-0.027374903636817556,0.26389852932019225,-0.36071900559456527,-0.05361486450632853,-1.1978353097075836,-0.4751202109206184,-0.011131573446811847,0.07820904052195243
733,-0.3363412002595745,-0.2425641755438886,0.09377704352711255,-0.2105720271310502,-0.07511230933654316,0.28535220246528653,-0.3523182247590273,-0.0506789271076018,-1.1903644313377644,-0.4662094100637185,-0.003407555884775805,0.08893890606910262
734,-0.35061368187687986,-0.28201535038292835,0.0685983268343744,-0.2057949944818545,-0.10670850944448843,0.3125034852880345,-0.34299165746975757,-0.04573222099596767,-1.1814156469348034,-0.45732220995967676,-9.857748207112286e-20,0.09146444199193535
735,-0.3679112399720697,-0.2550664594501117,0.11284477234692301,-0.2364385640204903,-0.06750706349758356,0.31065693530341565,-0.35594707161051253,-0.051627685719828585,-1.1928979848289702,-0.470697066572043,-0.018289024926718293,0.07254332500911576
736,-0.3835770700836234,-0.27388557474434194,0.10969147473524904,-0.24444837059124724,-0.0799969417198721,0.32925154106160126,-0.3506269426454912,-0.05202321533495656,-1.1912910828028351,-0.4632222571896285,-0.022069007996201425,0.06998002612481335
737,-0.40302105332809923,-0.33731359673026773,0.06570743278242018,-0.23491952000536429,-0.13616910329110693,0.3699318108735177,-0.32922695928841694,-0.042895206127465606,-1.177328164008658,-0.4461363727264145,-0.014280347495199337,0.07662329911225947
738,-0.4268340377779537,-0.3353695957860184,0.09146444199193535,-0.25914923988494454,-0.12195258621619573,0.381101816781986,-0.32774757137889604,-0.04573222099596767,-1.1890377458951595,-0.45732220995967676,-0.030488146554048936,0.060976293108097865
739,-0.4499526801596007,-0.33266704603480723,0.11728562195324142,-0.28363379076693557,-0.1081284334721237,0.3914453799312479,-0.3250010776432185,-0.05412090505484288,-1.1987840099339977,-0.4656841364571729,-0.04608167788403243,0.046225100647373674
740,-0.46944511569514175,-0.39693185818734367,0.07251323737004592,-0.26971223843089015,-0.15998536751109457,0.43311419369057313,-0.30876989013031836,-0.047647504955664374,-1.1862572127098607,-0.4634839332207831,-0.041880552191348286,0.045750116353180575
741,-0.48356453411519623,-0.4140378135422307,0.06952670629374433,-0.27172455624319,-0.16880410088434394,0.44848854432861746,-0.30539843623690793,-0.04834976155741257,-1.194983872903388,-0.4799743353888807,-0.0521782780046252,0.03050543111237067
742,-0.4878103448647829,-0.38872384118910835,0.09908647571821189,-0.2896373934283591,-0.14481869671417955,0.434456062185076,-0.30488146088091217,-0.060976293108097865,-1.2195258435236487,-0.5030543936790275,-0.07622036522022804,0.007622036638512233
743,-0.491121383034151,-0.4439557544791759,0.04716561564543289,-0.2689628501498218,-0.19634009868642058,0.46236870834497684,-0.2872881384590434,-0.05680293693546315,-1.21456223394341,-0.5092226688318828,-0.08312879444941842,0.005921568376899274
744,-0.5048418662655618,-0.5049454885745084,-0.00010360092368725819,-0.2508011311089097,-0.24684498137862526,0.5045315101415454,-0.2779849678873776,-0.0523530428229939,-1.2124021612700058,-0.5178253604116132,-0.09114308995392406,0.0049041446532622525
745,-0.5098013583530333,-0.484430903801209,0.02537047500619899,-0.2631445292751133,-0.22741465566002184,0.4957847468520365,-0.28312018715982773,-0.06552134572553521,-1.232939196541912,-0.5402677077793426,-0.1137913374811691,-0.014309907318981602
746,-0.5030543936790275,-0.49543236927190526,0.007622036638512231,-0.25152719683951374,-0.24390517243239146,0.49543236927190526,-0.2743933073374976,-0.060976293108097865,-1.2347699668911272,-0.5411645902678729,-0.11433055248991919,-0.015244073277024466
747,-0.5072545539932884,-0.5466197453477488,-0.03936517588543348,-0.23287428752650963,-0.2897427136265587,0.5292567574763841,-0.25955927989146343,-0.040111159890747476,-1.2239934436423303,-0.524948455273197,-0.09882334594517389,0.0002943532569194934
748,-0.5109756598137369,-0.5209679501260616,-0.009992278375325112,-0.25177772217606753,-0.2628268005609417,0.5189187931473092,-0.26507323622452716,-0.04444431681550161,-1.2382884486065413,-0.5372358506736359,-0.10976503215724061,-0.011209854321702349
749,-0.49822075653273823,-0.48363185118050245,0.01458894025456289,-0.25495024771001784,-0.23539837588552295,0.4905656448544509,-0.27614208043979216,-0.05378700015696045,-1.2494142575018317,-0.5479086127966244,-0.12322067220196115,-0.02359042634768315
750,-0.5030543936790275,-0.5259205414536282,-0.022866110497983837,-0.23628312938696067,-0.2743933073374976,0.5182984797698891,-0.2667712829303753,-0.03811018261011402,-1.2347699668911272,-0.5259205414536282,-0.10670850944448843,-0.007622036638512233
751,-0.5190003071633882,-0.5344640754934376,-0.015463767842024027,-0.2512732088839129,-0.2743039443231131,0.5293334581812471,-0.2570105040902205,-0.0287992019467407,-1.2252583333999187,-0.5152805384259921,-0.09628542696388291,-0.003680747229772726
752,-0.5072919898756707,-0.48660838158768527,0.020683623959040078,-0.2624362562255453,-0.23408988445813678,0.4925201893023387,-0.2657975530740897,-0.033934779817258336,-1.2260532052254671,-0.522381474434157,-0.10645195087550145,-0.013124934680949722
753,-0.5065989373061625,-0.5137344151272668,-0.007135481610773546,-0.2458521446945454,-0.2590880417844176,0.5084536053943365,-0.26351022364392135,-0.02665659436143012,-1.213316773137049,-0.513309241963421,-0.10367156827345168,-0.0024435604316219417
754,-0.5259205414536282,-0.5487866146749952,-0.022866110497983837,-0.25152719683951374,-0.28201535038292835,0.5411645902678729,-0.25914923988494454,-0.022866110497983837,-1.2119037445632928,-0.5106764180861498,-0.09908647571821189,4.2831886391814627e-20
755,-0.5207635796443602,-0.49938801352962553,0.021375573571088533,-0.27208357517283466,-0.23821644473697062,0.5113769841374856,-0.277092828229597,-0.03565769801675444,-1.2301929613287246,-0.52907773481281,-0.1113372352761506,-0.019615458740517223
756,-0.5195701224751996,-0.5003255427327579,0.0192445676418282,-0.26701408483484285,-0.23972210221478343,0.5090597203897809,-0.27912634965375754,-0.03390481938525577,-1.2296522123244316,-0.5298782161724059,-0.11246711677680912,-0.017947395302137376
757,-0.5253833793264272,-0.5533854813261097,-0.028002111604803523,-0.2446352812012109,-0.28570503613980053,0.5397365903229148,-0.2624440773604356,-0.018854695636521868,-1.2153379608064552,-0.5139263745526106,-0.1063410737312495,-0.006097626316375269
758,-0.5106764180861498,-0.5259205414536282,-0.015244073277024466,-0.24390517243239146,-0.2667712829303753,0.5182984797698891,-0.2743933073374976,-0.022866110497983837,-1.2271479424840048,-0.5259205414536282,-0.12195258621619573,-0.022866110497983837
759,-0.5019011836673225,-0.49893097536805864,0.0029702115754983585,-0.24881276281884993,-0.24771666037654852,0.5027262171893387,-0.2862343683727878,-0.02668274412635155,-1.2369238609381443,-0.5423206880224538,-0.1319901388740059,-0.03373126578203428
760,-0.503870910488995,-0.5449584566045683,-0.04108754855939718,-0.2271534281837771,-0.2927086748491193,0.5299364271916719,-0.26804088578407,-0.013630008059655719,-1.224268501689436,-0.5321462726062818,-0.12372013819551889,-0.02347626326793404
761,-0.5017700134036309,-0.5461946091225114,-0.04442456478772648,-0.22561298409411765,-0.29579795854343344,0.5261365476064368,-0.27267708958289666,-0.021275096323564138,-1.232574110867941,-0.5393603933219755,-0.13698640883390478,-0.039720556601062204
762,-0.5030543936790275,-0.5030543936790275,-1.0135263400444327e-19,-0.25152719683951374,-0.25152719683951374,0.5030543936790275,-0.2896373934283591,-0.03811018261011402,-1.250013941152138,-0.5564086763587344,-0.15244073044045608,-0.060976293108097865
763,-0.5079944654931344,-0.5296136020427575,-0.02161912740743776,-0.24365414777310188,-0.2720353733800231,0.5221557754693362,-0.2676900533443639,-0.02269142979909024,-1.2325798521908673,-0.5346576981947218,-0.13523563302329977,-0.04462960453878396
764,-0.5145568509697895,-0.56723247795595,-0.05267562247601069,-0.2303289422827421,-0.3079502596694533,0.5432037786306769,-0.25314801777808266,-0.009061311057021931,-1.224094835952389,-0.5185307386040878,-0.12870349672082196,-0.036417085354106114
765,-0.5192669338828572,-0.5339914153961672,-0.014724494471982177,-0.25279699207576717,-0.2742714165650472,0.5264858217830696,-0.2606321682285683,-0.018718265625081814,-1.2370468181619174,-0.5284187182174748,-0.13952857900626311,-0.0489789343507208
766,-0.5259205414536282,-0.5335425658607506,-0.007622036638512233,-0.25914923988494454,-0.2667712829303753,0.5335425658607506,-0.25152719683951374,-0.015244073277024463,-1.2271479424840048,-0.5182984797698891,-0.12957461994247227,-0.03811018261011402
767,-0.5283036014226339,-0.5737299563225711,-0.045426393934293846,-0.23804440748123512,-0.3050733084559898,0.5537002883533247,-0.24718237687476216,-0.005568943316118079,-1.2099491769737536,-0.5016082696255839,-0.11979399844223937,-0.022324858518135607
768,-0.515993122073284,-0.5376259286936144,-0.021632815194579505,-0.24463158356472137,-0.27660890505521585,0.522053803197041,-0.2633783063392074,-0.018589968720679938,-1.220968823759081,-0.5130710884899701,-0.1307050085124502,-0.03098196712215923
769,-0.5113309372962233,-0.5008469054195421,0.010484037806717666,-0.26177190047223126,-0.240815620277734,0.5048185882226499,-0.27681194237262774,-0.03309517178122209,-1.2370304277207502,-0.5285418361855511,-0.1373533153310701,-0.03858734658982617
770,-0.5259205414536282,-0.5487866146749952,-0.022866110497983837,-0.25152719683951374,-0.28201535038292835,0.5411645902678729,-0.2743933073374976,-0.030488146554048925,-1.2347699668911272,-0.5259205414536282,-0.12957461994247227,-0.030488146554048932
771,-0.5333206318450469,-0.5487432773090296,-0.015422650615213314,-0.2558526178319197,-0.28149307616551567,0.5387987121373012,-0.2757585905260753,-0.03785298893181842,-1.2400165599203847,-0.5323512614064603,-0.13200086464066602,-0.033248104450357405
772,-0.5341845467819057,-0.4791591966749931,0.05502537354619935,-0.29020028547353705,-0.2112317903084426,0.5036895437728046,-0.29442546368502254,-0.060980295142987945,-1.2688075812283035,-0.5596570593708537,-0.14876471743375957,-0.04730460912942132
773,-0.5456294630114495,-0.46823113119094506,0.07739833480307998,-0.3084448802728949,-0.19024156801239686,0.507319858510734,-0.2924164016463157,-0.06889215299950506,-1.2798962236223668,-0.5736046592828161,-0.1514156355185119,-0.04141649773020257
774,-0.5564086763587344,-0.4420781238688152,0.1143305524899192,-0.3353695957860184,-0.16006275484757843,0.49543236927190526,-0.28201535038292835,-0.07622036522022806,-1.2881242122942171,-0.5868968112638405,-0.15244073044045608,-0.030488146554048932
775,-0.5568380859825885,-0.31582978814384166,0.24100828353676257,-0.3996780803022485,-0.04025445251623467,0.4314766272463425,-0.2986540761032471,-0.10450630327427354,-1.3266951148915216,-0.6264058538988494,-0.17623137021809482,-0.037776721692565754
776,-0.5542441434394542,-0.22144284863920743,0.33280128057502034,-0.4413139123773826,0.053022213210773696,0.3853264465490802,-0.3031156029753399,-0.12624694439750606,-1.3580561325805751,-0.6586087078996274,-0.18650553237509077,-0.02900819044900489
777,-0.544265851197037,-0.1666918784347065,0.3775739763901909,-0.45681605772774436,0.1061732180336428,0.3507075784269586,-0.29777255499317595,-0.14612279241443302,-1.3806895777185801,-0.6787510561960293,-0.16980494347217462,0.0021400343233207567
778,-0.5335425658607506,-0.03811018261011402,0.49543236927190526,-0.5106764180861498,0.22866110497983838,0.28201535038292835,-0.3353695957860184,-0.19817295143642377,-1.4329428251360088,-0.7240934369751267,-0.1676847978930092,0.015244073277024463
779,-0.5336718671833122,0.08545039167724669,0.6191222108844645,-0.5748438982793556,0.35201140639065437,0.2241709848350984,-0.3841042427052744,-0.2583228991143293,-1.4824229149899697,-0.7655394878811286,-0.1645861362766265,0.025923082409664813
780,-0.5286766059943879,0.14443836230404533,0.6731149103463232,-0.6040510661924957,0.40901227123979594,0.18993903692180295,-0.4131434330166573,-0.2997725507923802,-1.507520282234622,-0.7669118084484505,-0.11680182778562159,0.07127536109457878
781,-0.5117592529112331,0.25309565520209143,0.7648548857941396,-0.6412007871967219,0.5089193272145711,0.1258670113996715,-0.46248403006017935,-0.3444000344946714,-1.532972393914138,-0.7616893262329809,-0.05913305504581939,0.12122128443476794
782,-0.4878103448647829,0.39634590287284754,0.8841562477376304,-0.6859833149395151,0.6402510193903137,0.045732220995967666,-0.5487866146749952,-0.4039679645565868,-1.5625175382700232,-0.7545816091568497,-3.8885170168383964e-19,0.16768479789300922
783,-0.4500549869780922,0.45884421209364307,0.9088991914803669,-0.6822262653691119,0.6813650891480689,-0.004062273719209509,-0.6379484748650986,-0.4565565865192705,-1.5705065093971782,-0.7036221368505774,0.11123333814595548,0.2526818925927854
784,-0.39986533981293265,0.4985538638487831,0.8984192326614221,-0.6534863418301949,0.6932138654242671,-0.04938044718602974,-0.7469720731256899,-0.508096346013357,-1.5681855230308486,-0.6290935344391423,0.2565274930208375,0.36138591929619535
785,-0.33343757996686846,0.5878363042751626,0.9212739097447622,-0.6311445804986549,0.7522326375562688,-0.12773668078734216,-0.9143039844494556,-0.583902852898178,-1.582748123312153,-0.5651120948483777,0.3991272077506172,0.45914881066716656
786,-0.24390517243239146,0.6021408973547021,0.8460460511487851,-0.5487866146749952,0.7240934369751267,-0.1829288839838707,-1.1051953283103464,-0.6631171671649144,-1.5853836114913902,-0.47256625877392133,0.5792747868567182,0.5792747868567182
787,-0.13700014871278576,0.5015690292281313,0.6385691679515741,-0.3886585909610747,0.5669168415006841,-0.18672730024489054,-1.2934736203423434,-0.7300149605079478,-1.5598431969317061,-0.3451510595711827,0.7885461049283253,0.7206022712616589
788,-0.023841199042550422,0.3680688707104823,0.39191005433349296,-0.20757091326559282,0.3772479052888514,-0.1741951231583053,-1.515229800323346,-0.8071829115471353,-1.5502377617864895,-0.23262653695863153,0.9709745651629486,0.8302469324653927
789,0.07796282387652206,0.12936435873517807,0.05140155073893522,0.013691026626480205,0.09128917893460786,-0.1025058185695031,-1.7381579285841031,-0.86948901699341,-1.5388890662159622,-0.11862274007629775,1.1533863950015504,0.9241890994864
790,0.1676847978930092,-0.29725943647378983,-0.46494423436679916,0.32012550969515674,-0.38110181678198607,0.06859832683437442,-1.9131312574235197,-0.8917782721447527,-1.501541193906577,0.015244073277024468,1.3414783831440735,1.0213528361722997
791,0.2509233740544672,-0.7873572987266986,-1.0382807659947542,0.6492032591303059,-0.9135823954047205,0.2721094308435209,-2.0678358457434602,-0.9127775768029596,-1.479140425162395,0.11968064019334217,1.4704924375622856,1.0709259433793732
792,0.31278150182383674,-1.2974625607806467,-1.6102441124892286,0.9631987290567059,-1.4515430958932105,0.49632840155475466,-2.2046210941212436,-0.9327090058276606,-1.4714351403136279,0.1930977591865155,1.5587578503560229,1.0742206658723228
793,0.35745215466923613,-1.8999988978418039,-2.2574511031566766,1.307014026253519,-2.0750438467874073,0.7744798160441423,-2.281901816395047,-0.908366330810376,-1.4432960728405495,0.27015188474492946,1.6410704106202196,1.074843927148327
794,0.39634590287284754,-2.4847838334900314,-2.8811296990862623,1.6387377823412463,-2.682956766288147,1.0442189839469005,-2.3170991474268727,-0.8536680755559074,-1.417698776321764,0.32774757137889604,1.6844700778904478,1.0594630327611452
795,0.42151143478702835,-2.9295089200943125,-3.351020003509428,1.8867077210291976,-3.141605170222634,1.2532460146154163,-2.334035887458242,-0.7988575396011361,-1.3983974413540499,0.3603727292888309,1.6861650913316844,1.0143664585759085
796,0.4375979498208774,-3.3305646824354938,-3.7681624658215576,2.1019698184117424,-3.5460060317452107,1.448633153154272,-2.3074725253591954,-0.7185124679756937,-1.3437737930414142,0.41504049725724734,1.6840825991160258,0.9727728545162805
797,0.45671825637542235,-3.6846686765072834,-4.141387231370869,2.300298541699054,-3.9104098401316905,1.618141968832716,-2.238963652393107,-0.5983243008658394,-1.2586377567162008,0.48728343526479534,1.6809387683524657,0.9407066974028577
798,0.47256625877392133,-3.8643726368826514,-4.3369390447630405,2.4085635894188084,-4.100655691716378,1.6997141267046925,-2.1799024098857362,-0.49543236927190526,-1.196659695749048,0.5106764180861498,1.6387377823412463,0.8841562477376304
799,0.471028115849779,-3.947012863470429,-4.418040833403934,2.4453528187922844,-4.179085239818024,1.741600991566246,-2.121494569768747,-0.42168084674258277,-1.1505485853394224,0.4940629610812152,1.5645204081510138,0.8177588210835578
800,0.4477191739073299,-4.030897512867067,-4.478616610912039,2.4639967061018684,-4.25286955798347,1.7957877813739969,-2.0395062627305407,-0.3468327069352909,-1.1073060291904535,0.4720426055740848,1.485807378804804,0.767690744966863
801,0.4172502734219595,-4.0043305281069825,-4.421580671629356,2.424374293131899,-4.212564119333501,1.7966848837584406,-1.982013718807554,-0.3188504227254834,-1.1139573645792762,0.3895706221669174,1.3602474461087974,0.695037690822804
802,0.38872384118910835,-3.8643726368826514,-4.253096179858825,2.3247211718339953,-4.0549235452736445,1.737824248740304,-1.9436193550520091,-0.34299165746975757,-1.173793622527681,0.23628312938696067,1.1890377458951595,0.6021408973547021
803,0.3425421837034456,-3.7611339940609723,-4.103676141036502,2.223333589663979,-3.93108865269667,1.708481696971371,-1.861877924917708,-0.3498652318426198,-1.2348513297225987,0.0776644555304874,1.028854784474974,0.5325164570907831
804,0.27215076694594936,-3.6508331532708436,-3.922984216274164,2.0989492900946973,-3.787698988353707,1.6916580362757259,-1.7657925962826848,-0.3625913647261844,-1.3085896803424637,-0.09685959943249806,0.856665250696975,0.45588732261548115
805,0.21011977730015308,-3.433252433200367,-3.643372343937669,1.9314318297711583,-3.5381593727201044,1.615530696085097,-1.6718468874319878,-0.3993229861559463,-1.4004443856614075,-0.29216307076600745,0.6568411372120986,0.35459649623348055
806,0.15244073044045608,-3.239365442646881,-3.391806229002263,1.775934519882383,-3.3155859849310394,1.547273340349311,-1.5320294406415338,-0.39634590287284754,-1.4634310718709655,-0.4497001482759375,0.4801883204576606,0.2743933073374976
807,0.07830319292527313,-3.105841137155436,-3.1841445581111536,1.6315715981824739,-3.1421276824273736,1.5179577038372127,-1.3584160527604172,-0.35477669132668477,-1.4965011083535715,-0.5704897817739724,0.32617657089815905,0.2040569159515382
808,0.00807533726722407,-2.8982093051074607,-2.906284729150756,1.4584633416628712,-2.8979837649094486,1.447006411051555,-1.1957617034921557,-0.32471273713936577,-1.5296188362790477,-0.683129582740809,0.1699011826539597,0.1110894896809326
809,-0.06373252541649933,-2.6938547445691414,-2.6301223563309364,1.2879088833376937,-2.6581663234964403,1.3783653143804613,-1.0331778782083447,-0.2895852965991353,-1.535908292575599,-0.7582905050436515,0.034562482301771544,0.02991680040493242
810,-0.14481869671417955,-2.5991141995968663,-2.4542958849680097,1.1585495737134364,-2.522893955525643,1.3719666298790303,-0.868912124370152,-0.22866110497983838,-1.5167852427208217,-0.7926918057456951,-0.0685983268343744,-0.022866110497983844
811,-0.21851172050275702,-2.46919581686384,-2.25068417434307,1.0164845110448506,-2.3590690215256407,1.3437595576225605,-0.731842540362516,-0.17834560305367733,-1.5094774879077764,-0.8313308582984487,-0.1711938048872268,-0.08884131505851683
812,-0.29761690452097594,-2.2886791171613017,-1.9910620652137558,0.8478763663230549,-2.140300149132101,1.2945276879200174,-0.6170843407221992,-0.1476519595113845,-1.497632834214409,-0.8682146969184945,-0.2701287205665899,-0.16024622788222834
813,-0.37469179529939545,-2.1940271736956096,-1.8193353937643433,0.7271712640732247,-2.0066208408208412,1.2890829940793613,-0.5025506108856355,-0.10728530421134676,-1.467915312573436,-0.877556184006911,-0.3422368881868298,-0.2024321768443591
814,-0.4420781238688152,-2.1113041902216354,-1.669226029076203,0.6173849834455636,-1.8902650350956853,1.2805020387806274,-0.411589988963709,-0.07622036522022804,-1.4558090474638432,-0.8841562477376304,-0.4039679645565868,-0.24390517243239146
815,-0.5124957826428412,-1.9426272142193834,-1.4301313532085254,0.45892844156821366,-1.6860677859833328,1.2279066655391304,-0.35297272746500086,-0.07139813266541244,-1.4573442573361561,-0.8983600894806641,-0.47011340076608626,-0.29939374594784307
816,-0.5668067714390339,-1.8147510579040447,-1.247944323880737,0.34239289867924744,-1.5321946503239448,1.1920265511487238,-0.2917605061886718,-0.05158312639192242,-1.4402863565872017,-0.8895099047929635,-0.5092033299838237,-0.3232366642856202
817,-0.6085882595737926,-1.7494945100901371,-1.1409061955391402,0.2699697739313385,-1.4439269152876184,1.1837986447053659,-0.22031396227521982,-0.008828567623735992,-1.404738801444718,-0.8584634668554056,-0.5095696091672604,-0.319836102082901
818,-0.6478731183506697,-1.6158718582263472,-0.9679985907692097,0.16006275484757843,-1.2881242122942171,1.1356834259388358,-0.17530684093843993,0.015244073277024463,-1.3795886542861524,-0.8384240267416627,-0.5182984797698891,-0.3353695957860184
819,-0.6671225978341884,-1.4633285178809554,-0.7962058902568716,0.063362308701278,-1.1291767321027084,1.0656757795714544,-0.1391673389739059,0.038290627333846035,-1.3494335234504486,-0.8055253010991593,-0.526779856117867,-0.34289838298721703
820,-0.6760684720872898,-1.3838947288264944,-0.7078262413706717,0.01879059097933386,-1.0444202675133176,1.0300296956914556,-0.08145633104485601,0.0888358216156651,-1.2943321275401143,-0.7366923271872843,-0.4885663814848733,-0.312459917589692
821,-0.6770056138953449,-1.2679741332462322,-0.5909684321205261,-0.03989375543745921,-0.9255228254377191,0.9722124728954442,-0.04602571608702526,0.12016456028618425,-1.255131443288712,-0.6912341336377094,-0.4612733751405968,-0.2961419835330641
822,-0.6707391915720368,-1.1128173527174687,-0.4420781238688152,-0.11433055248991919,-0.7774476823782167,0.8917782721447527,-0.03811018261011402,0.12957461994247227,-1.2347699668911272,-0.6707391915720368,-0.45732220995967676,-0.2972594364737899
823,-0.6707258272561073,-1.0404407816819774,-0.3697149270837422,-0.1483191775639384,-0.7061900312860526,0.8588160246933417,-0.005064640562472458,0.16743088209784857,-1.1844877028685734,-0.6106781820502065,-0.4141049334923187,-0.26585834697444066
824,-0.6668408931894877,-0.9832336166712728,-0.3163926940245875,-0.16962799051070396,-0.6471686383262953,0.8278012062558009,0.02131348529607817,0.20278676051681543,-1.1372867478369577,-0.5517256673402438,-0.37133646135327997,-0.23031565960281425
825,-0.6615915486636316,-0.8644218576214596,-0.20283034594886587,-0.22727278430657058,-0.5301342944745712,0.7619874834410159,0.010780980000822067,0.2054756243866188,-1.1237352568998793,-0.538316277857116,-0.3503436661616296,-0.21687325908074778
826,-0.6554951427577921,-0.7926918057456951,-0.1371966536687488,-0.25914923988494454,-0.4649442343667991,0.7240934369751267,0.01524407327702447,0.2210390619344076,-1.0975732293499905,-0.5106764180861498,-0.3125034852880345,-0.190550908390993
827,-0.6422255516129362,-0.7707256127545643,-0.12849999914790947,-0.25343369859560044,-0.4507791358109299,0.7097942102734124,0.032213941483496975,0.24794551434864665,-1.0573235075294316,-0.4641704634840638,-0.2799923165440149,-0.1580610280595721
828,-0.6380193543336314,-0.6968041165145749,-0.05878481027913592,-0.28745230581942294,-0.37470555803658406,0.6713131282496682,0.01712532825999013,0.25007438630290935,-1.0499263756255035,-0.4565207016280963,-0.26459539539502996,-0.14826446871157178
829,-0.6260077839707048,-0.6227338630202541,0.0032738522038000244,-0.31468771186547423,-0.30688763725804624,0.6282857457782329,0.010483136299656226,0.257577884830849,-1.0459670784388038,-0.4502109391503958,-0.24225429879568358,-0.13955703451847423
830,-0.6097629217618243,-0.6326290695364251,-0.022866110497983837,-0.2896373934283591,-0.32774757137889604,0.625006970576069,0.03811018261011402,0.2896373934283591,-1.0137308863184111,-0.411589988963709,-0.21341701888897685,-0.11433055248991919
831,-0.6147653028091363,-0.6323924249692567,-0.017627101819761046,-0.2936861855767874,-0.32197514705273683,0.624672731161767,0.03905217645268653,0.2955779859021178,-1.0004605408351541,-0.39894587735522524,-0.20295546671293163,-0.10844603428265735
832,-0.6146509672354965,-0.5824157143243768,0.0322352420001208,-0.32217703156374533,-0.2723090125314377,0.597525012054017,0.01691754052789548,0.2803519765520635,-1.013644239575376,-0.4088897585803974,-0.21089770483589754,-0.12529284746457292
833,-0.6082674049103182,-0.5890256930768754,0.0192417310400556,-0.31383272148474706,-0.28579195419137293,0.5993845774417014,0.03185320117332312,0.2993162517585802,-0.99471617932486,-0.38422482113501644,-0.19883412238909032,-0.11480936820252889
834,-0.6097629217618243,-0.6097629217618243,-3.645075234218879e-19,-0.30488146088091217,-0.30488146088091217,0.6097629217618243,0.04573222099596767,0.3125034852880345,-0.9756206897295658,-0.3658577679677414,-0.190550908390993,-0.10670850944448843
835,-0.5941425048424297,-0.5519031544719317,0.042239349554823155,-0.3185018063820317,-0.25195251928060836,0.5693647305458658,0.021225309177189768,0.28654837217985857,-0.9936841300279444,-0.3846826217146365,-0.21050853020409588,-0.13259641286867377
836,-0.5748031795985665,-0.5272797830647915,0.04752342187341326,-0.30951796573200396,-0.23494573505049127,0.5490790174478062,0.01964669637591239,0.29081450576323326,-0.9885548792932721,-0.3792414599764051,-0.20222958557101706,-0.1274839455831052
837,-0.5703870883772432,-0.5672808156575273,0.0031062922885219803,-0.2822077768496389,-0.2796337235221636,0.5687738914536131,0.0455880712658733,0.3192969631079666,-0.9590552994943384,-0.34963719392229115,-0.1774713412377736,-0.09999350213975086
838,-0.5640307007658567,-0.5411645902678729,0.022866110497983844,-0.2896373934283591,-0.25914923988494454,0.5487866146749952,0.04573222099596767,0.3125034852880345,-0.9603766409153212,-0.35061368187687986,-0.190550908390993,-0.10670850944448843
839,-0.5559025248200515,-0.4969151008128015,0.058987401001269764,-0.3067199260126919,-0.21575197363050744,0.5215855798415746,0.04140169764874471,0.30649329241589096,-0.9636913296883965,-0.3549360203301103,-0.20168765406583283,-0.11122142478442147
840,-0.5592288661171384,-0.5339150032126374,0.025313835862385184,-0.292751047043171,-0.2518653854302091,0.5453236693571862,0.059056233782041674,0.32776536164278536,-0.9485219497412103,-0.3379299683485987,-0.18640583227602744,-0.0952298468959701
841,-0.5651012308981291,-0.5387389812008518,0.02636224625221059,-0.29545569100368024,-0.2564221979852246,0.5516323553984291,0.06917837639082786,0.33333891928710535,-0.9463479403377317,-0.3392581511992717,-0.18618218601454042,-0.09352623395351518
842,-0.571652725172979,-0.4878103448647829,0.0838423989465046,-0.32774757137889604,-0.19817295143642377,0.5259205414536282,0.060976293108097865,0.32012550969515685,-0.9603766409153212,-0.3582357062840022,-0.2057949944818545,-0.10670850944448843
843,-0.5829781816885472,-0.5124191570631829,0.07055904038508215,-0.3271434831786413,-0.2157798127918101,0.5427347127683464,0.06802601261745636,0.3273288508765355,-0.9577139197992934,-0.3504053877353331,-0.2043566546864312,-0.1044291822586681
844,-0.5907074496232084,-0.5537763783235152,0.03693106613449877,-0.3131118922426318,-0.2577445116547605,0.5714696340681369,0.0906507399621105,0.34819994694471923,-0.9402870516599988,-0.3319682979516065,-0.18742725453419823,-0.08943935817029082
845,-0.596092448913085,-0.5170744544989556,0.07901797881716721,-0.3382816387612215,-0.21821036881530767,0.5556816811416799,0.0870880799203952,0.34816803993888557,-0.9378754103594795,-0.33985195069367946,-0.1962623452978547,-0.09651452543159258
846,-0.6021408973547021,-0.5182984797698891,0.0838423989465046,-0.34299165746975757,-0.21341701888897685,0.5564086763587344,0.0838423989465046,0.35061368187687986,-0.9375104931407205,-0.34299165746975757,-0.2057949944818545,-0.10670850944448843
847,-0.6017580637093011,-0.5695967091801493,0.032161329605537914,-0.313034030533638,-0.2649280925949844,0.5847551342959647,0.1086814678419695,0.3744380425719373,-0.9189258759275134,-0.32368611652230145,-0.18762482606038633,-0.09410443158256795
848,-0.6022658267353256,-0.5405798090486988,0.0616859922346128,-0.330638109937193,-0.23516399324924955,0.5706878310007202,0.11269268151820484,0.3837226515929101,-0.9114391231354092,-0.32190043706743415,-0.18339322405240682,-0.09591807766583196
849,-0.5999851699876905,-0.49745459997011354,0.10253053978800064,-0.3504904612718754,-0.19459196697047573,0.5437198159542291,0.10859497609940985,0.38191507568159455,-0.9125755535952766,-0.3264490991763135,-0.1910045056281489,-0.10919279800934575
850,-0.5945188729475798,-0.5411645902678729,0.05335425472224421,-0.32012550969515685,-0.24390517243239146,0.5640307007658567,0.1371966536687488,0.4039679645565868,-0.8917782721447527,-0.30488146088091217,-0.17530684093843993,-0.09908647571821189
851,-0.5940546826476066,-0.550885359856152,0.04316930877632098,-0.3179496017322474,-0.2537392927600497,0.5722579088766102,0.1493119358280242,0.42037799728270236,-0.8745295653689389,-0.29350877942179976,-0.1694841265907872,-0.09420412255931204
852,-0.5929602681391075,-0.4961391412911117,0.09682110439092101,-0.3433821577877663,-0.2003916737359242,0.5431678197511871,0.13626881150016312,0.4131592293712114,-0.8811194743250148,-0.3043561609002837,-0.1884699693472463,-0.11105384961345391
853,-0.5961205733230345,-0.5085393906142074,0.08758115777203945,-0.33807816013893155,-0.20921476853623394,0.5476363162773622,0.15484456072944772,0.42727376058545297,-0.8675814887439777,-0.2869126235713812,-0.18601901340356078,-0.1110251597579223
854,-0.6021408973547021,-0.5335425658607506,0.0685983268343744,-0.3353695957860184,-0.22866110497983838,0.5640307007658567,0.17530684093843993,0.4497001482759375,-0.8460460511487851,-0.25914923988494454,-0.17530684093843993,-0.09908647571821189
855,-0.5965414682018598,-0.4752147843940014,0.12132667762237262,-0.3593586649786087,-0.1764799560324137,0.5355552113743479,0.15734979961380655,0.43847079540410955,-0.8562519529969648,-0.26840812724720703,-0.19224109205726259,-0.10875323735799332
856,-0.5903324151183429,-0.4549389768399994,0.13539343202675178,-0.36281810114148577,-0.15803622047614774,0.521303863076952,0.15700212046715192,0.43802813237882376,-0.8563876154213532,-0.27448937797376,-0.19726597780402086,-0.11917298139537982
857,-0.5836972903644911,-0.5007242020232774,0.08297310454445796,-0.3327274336584165,-0.20528572852413843,0.5375537118085176,0.18260820145447967,0.4662097274065534,-0.8286304641575982,-0.2501499695552626,-0.17571173743896562,-0.11046619165705052
858,-0.5792747868567182,-0.4801883204576606,0.09908647571821189,-0.3353695957860184,-0.190550908390993,0.5259205414536282,0.1829288839838707,0.47256625877392133,-0.823179977927418,-0.24390517243239146,-0.17530684093843993,-0.10670850944448843
859,-0.5848818073679722,-0.44269304046918045,0.14218875626849067,-0.3594755105154291,-0.14809356904423526,0.5131512259560338,0.18295636258403297,0.4679291728190742,-0.8221506003714851,-0.24869587989148914,-0.18498862576243813,-0.10836329039453377
860,-0.5862886924166402,-0.4809494954359206,0.10533919763908606,-0.3419275821759655,-0.1824537274259103,0.5339413274129805,0.20988439308894963,0.48619392761594615,-0.7948451131658812,-0.2256613388652294,-0.17241614496009142,-0.10085315094274697
861,-0.5879822412136494,-0.48526867064151746,0.10271356227741499,-0.3421620449397422,-0.18873540373193065,0.5364970688643328,0.2199139636503702,0.49448721003182083,-0.7861236305687253,-0.21359871868659353,-0.17059273434215153,-0.10136052237172746
862,-0.5945188729475798,-0.4268340377779537,0.1676847978930092,-0.381101816781986,-0.12957461994247227,0.5106764180861498,0.2057949944818545,0.4878103448647829,-0.8003138301528174,-0.22866110497983838,-0.190550908390993,-0.11433055248991919
863,-0.5935752855246167,-0.43788124098287834,0.15569402380188774,-0.3750450812081227,-0.1414382085720411,0.5159422370770871,0.21735937113633141,0.5070096749023774,-0.7810690124504626,-0.22090077159338767,-0.18859527109957583,-0.11136734583158703
864,-0.5982090185880881,-0.4792927727921564,0.11891625181661081,-0.3581811543188852,-0.17858359720383343,0.5373671273677733,0.2475527162225768,0.532573172528926,-0.7529554977598112,-0.20310030171618193,-0.17573658225095506,-0.1007300506911492
865,-0.6004194583270723,-0.4357531135460888,0.1646663548824625,-0.3827441414172125,-0.1309388238053013,0.5132519618465006,0.24859650625511032,0.5310116124369855,-0.7576390058588344,-0.20895971009823244,-0.18958319036507118,-0.11267458702593985
866,-0.5868968112638405,-0.411589988963709,0.17530684093843993,-0.381101816781986,-0.11433055248991919,0.49543236927190526,0.25152719683951374,0.5411645902678729,-0.7545816091568497,-0.2057949944818545,-0.19817295143642377,-0.12195258621619573
867,-0.5786768790358326,-0.45414764198169894,0.12452925245098762,-0.3514445861701577,-0.16436168989675065,0.516471496754021,0.2818741719152965,0.572210303174811,-0.7284435555453274,-0.18583956151879355,-0.18444510697921218,-0.10916746757860663
868,-0.5777729091498712,-0.42649627381175137,0.15127663399989758,-0.36485096106981246,-0.13650855644509638,0.49991712411537403,0.29194228041800485,0.5805111661902119,-0.7249793751854751,-0.185724876399771,-0.18917278582229147,-0.11125317392803784
869,-0.5662354767143195,-0.3700172050416972,0.19621827678412745,-0.38061425210698946,-0.08201951298401475,0.4647646038843725,0.2926907335571324,0.5824053795182399,-0.7298707914396878,-0.18829456461076896,-0.19783849407818638,-0.12397719105760319
870,-0.5564086763587344,-0.4039679645565868,0.15244073044045608,-0.35061368187687986,-0.12195258621619573,0.4801883204576606,0.32774757137889604,0.6173849834455636,-0.7012273637537597,-0.16006275484757843,-0.17530684093843993,-0.10670850944448843
871,-0.5605740618167724,-0.4192324574545409,0.1413416218755593,-0.3462226219171641,-0.13882617819290505,0.4876460610814497,0.35607169274555844,0.6458352361643165,-0.672257934669179,-0.13729152074166662,-0.15863116913163328,-0.08931311524434148
872,-0.5683206223167849,-0.368118475400174,0.2002021740546285,-0.38307033842519955,-0.08226243000802483,0.46293414291235796,0.3597800861540672,0.6461834792432157,-0.6705709322627608,-0.13908437337453441,-0.16452193072342355,-0.1001022519682289
873,-0.5718804908147118,-0.3783622619315947,0.193518268777074,-0.3822434121332122,-0.08813320859141828,0.47258059332363794,0.3846183724393643,0.6646864136312511,-0.6532855174613628,-0.11909899047326261,-0.1533910763949673,-0.09274768253374026
874,-0.571652725172979,-0.4039679645565868,0.1676847978930092,-0.3658577679677414,-0.11433055248991919,0.4878103448647829,0.411589988963709,0.6936053393466374,-0.625006970576069,-0.09146444199193535,-0.1371966536687488,-0.07622036522022804
875,-0.5697410989874148,-0.3462218559924073,0.22351926833049862,-0.3923293584201562,-0.05761710191991904,0.45808202615843574,0.4054265818839826,0.6938268096124582,-0.6233602324170759,-0.09635329231980751,-0.14750303644006196,-0.0925777361156272
876,-0.5779195318777759,-0.3249942528618459,0.2529252834800629,-0.4121566293874795,-0.032282767938167575,0.4513499355575946,0.41266829549198425,0.7019121662215688,-0.6161944116586743,-0.09330450205060237,-0.1533708686084232,-0.10037555679011223
877,-0.5890177887908394,-0.37109902763241764,0.21791876472774144,-0.3993028490361472,-0.0725832283694803,0.4801831541463866,0.44356695845752214,0.7341241704256256,-0.5826495683766388,-0.06880060733651211,-0.14123487505179447,-0.08907974535600542
878,-0.5868968112638405,-0.34299165746975757,0.24390517243239146,-0.411589988963709,-0.04573222099596767,0.4649442343667991,0.4497001482759375,0.7469595847497275,-0.571652725172979,-0.0685983268343744,-0.15244073044045608,-0.10670850944448843
879,-0.5795482759280939,-0.29275295863893885,0.28679532377056643,-0.4298041567654249,-0.002098964093164203,0.43353672496475615,0.4546601389106594,0.7529534504572506,-0.5711733021801773,-0.06893435692872335,-0.16956193976668676,-0.12426168511715188
880,-0.5789300451665137,-0.3278975568388688,0.25103248358799984,-0.4102922767128733,-0.03897263123142288,0.44828503918448237,0.4895694211305287,0.7845515950572534,-0.5401207034992271,-0.039893231980634616,-0.15589214794877426,-0.11238940211596189
881,-0.5782092335551405,-0.3328118230687207,0.24539741140360566,-0.4091886711805479,-0.04349415245334152,0.4530994041154327,0.5013081827045583,0.8006903063534037,-0.526099438908615,-0.03300340806974873,-0.15764922133706105,-0.12169347291320876
882,-0.5792747868567182,-0.2743933073374976,0.30488146088091217,-0.4420781238688152,0.015244073277024468,0.4268340377779537,0.4878103448647829,0.7926918057456951,-0.5411645902678729,-0.04573222099596767,-0.1829288839838707,-0.14481869671417955
883,-0.5893710382053509,-0.2916587621181244,0.2977122360910125,-0.4406648071100041,0.0029768345230455065,0.43746412204097385,0.5067210731589986,0.8062842315271646,-0.5222863565275038,-0.025206016068107892,-0.17527059490198815,-0.1347711200809199
884,-0.6024534095167149,-0.3334194158033902,0.2690339745687204,-0.4325467001120509,-0.032210899663418,0.4650185791605652,0.5309223542154851,0.8253991519379515,-0.49403781617698583,-0.00483659890256035,-0.15993150593041475,-0.12835540781934518
885,-0.6126140018114803,-0.279545183168789,0.333068824452104,-0.47419681255559015,0.02683846866763503,0.44719535684737766,0.5197614309714639,0.8191117738348939,-0.4983827722276123,-0.009541242102035411,-0.17342146612817552,-0.14071300835608339
886,-0.625006970576069,-0.24390517243239146,0.381101816781986,-0.5030543936790275,0.06859832683437439,0.434456062185076,0.5182984797698891,0.823179977927418,-0.49543236927190526,-7.019721416326475e-19,-0.17530684093843993,-0.1371966536687488
887,-0.6369694943857189,-0.270579507561179,0.3663900342784884,-0.49770931204489355,0.04765566880978998,0.45022005699710255,0.5379591542633919,0.8425078139722504,-0.4706035899677592,0.01966700745087872,-0.16073026661535514,-0.1293563256528816
888,-0.642272284350849,-0.22293129215858276,0.41934105001014016,-0.5292480611038202,0.09881419011388685,0.4301369326095186,0.5354199257674537,0.8423126815576494,-0.46145716635833806,0.023240901187480602,-0.16707327864034074,-0.13304761160262832
889,-0.6362820429627768,-0.1531643445610247,0.4831177203899141,-0.559313605575939,0.16402214018615618,0.39561830691854144,0.524244083797743,0.8393765889296491,-0.46379370475967063,0.025275847184820267,-0.1753742421466029,-0.13775808993770894
890,-0.6173849834455636,-0.17530684093843993,0.4420781238688152,-0.5259205414536282,0.12957461994247227,0.39634590287284754,0.5411645902678729,0.8612901745162636,-0.4420781238688152,0.04573222099596767,-0.16006275484757843,-0.12957461994247227
891,-0.5929872821169849,-0.17321985148100597,0.41976740559300924,-0.5045807970600271,0.11943915062001176,0.3797748646958266,0.551937302256691,0.8713366174709531,-0.41912026304385613,0.06133610569840419,-0.1511078190503623,-0.12069597574314575
892,-0.576964121766002,-0.10986847651769799,0.46709564629033795,-0.5240368638260652,0.1744307978436231,0.33961993967960413,0.5391311151700527,0.8619069995473381,-0.42331367570276474,0.05705194297945233,-0.15348520806207233,-0.12628076655362525
893,-0.5688894121176331,-0.1211782371942574,0.44771119791649505,-0.5064568719786038,0.16029320802455677,0.3409755626081804,0.5464032932704115,0.8760769278394963,-0.41086504217664566,0.06708872892234366,-0.13725889403415809,-0.11514641806859868
894,-0.5640307007658567,-0.16006275484757843,0.4039679645565868,-0.4801883204576606,0.12195258621619573,0.3582357062840022,0.5564086763587344,0.8917782721447527,-0.38872384118910835,0.0838423989465046,-0.12195258621619573,-0.09908647571821189
895,-0.5630480257069349,-0.1207345670663447,0.4423134747324541,-0.5024574837368191,0.16087544432047698,0.3412737709283006,0.5329506823254512,0.8737361987077165,-0.3992244320952398,0.077551083598656,-0.12853043865575892,-0.11140527531702206
896,-0.5643184192014126,-0.10922112403305186,0.45509731569629797,-0.5077941425364227,0.17324622923728591,0.33580289509084027,0.5237727013336272,0.8698769297301766,-0.399107203130834,0.08512599884925312,-0.12010969895844244,-0.1055011617616792
897,-0.5624365923440129,-0.15934870110970387,0.40308789163075115,-0.47918864655564447,0.12106548015328038,0.3559782632111407,0.5356276055628011,0.8888531738890344,-0.372662592419022,0.11689878086066832,-0.08938320602301915,-0.0750193174204872
898,-0.5564086763587344,-0.1371966536687488,0.41921201337083136,-0.4878103448647829,0.1371966536687488,0.34299165746975757,0.5182984797698891,0.8841562477376304,-0.37347979237486373,0.12957461994247227,-0.0838423989465046,-0.07622036522022804
899,-0.5451101433703868,-0.08361111879963942,0.46149903904319506,-0.5013573361898379,0.18504130184521245,0.3140433426755448,0.5002590435398729,0.8781778678312578,-0.3746676064941665,0.14123874101898704,-0.0845639660040416,-0.08252178950483394
900,-0.5321965521691541,-0.10512635884534051,0.4270702058507846,-0.4737589064009733,0.156848696594049,0.31840837127418553,0.5127415996464004,0.8974010913119718,-0.34005276964729847,0.17977825757574478,-0.05174351395366654,-0.056530592310263875
901,-0.522867975920835,-0.10337795662457472,0.41949001650855855,-0.46923806221222525,0.1550673454589777,0.31357408054740804,0.5012044391354423,0.8922938296742938,-0.33002091506055264,0.20050485287044123,-0.03960770248176315,-0.04723700368001116
902,-0.5182984797698891,-0.04573222099596767,0.47256625877392133,-0.49543236927190526,0.21341701888897685,0.28201535038292835,0.4649442343667991,0.868912124370152,-0.35061368187687986,0.19817295143642377,-0.05335425472224421,-0.060976293108097865
903,-0.5172629988350487,-0.06254931261432366,0.45471367316687217,-0.48242974357234647,0.19612431800305014,0.28636118787666237,0.4566334196185595,0.8729524392242084,-0.34134224898481136,0.21900754657727647,-0.03306046960301956,-0.04691539097390547
904,-0.5189465262477595,-0.1096248921881178,0.40932161590699656,-0.4620738790367857,0.15027109488026716,0.31223105255827854,0.4489893395707948,0.8712962033242648,-0.3316124537610424,0.2372468326949188,-0.012433347305981397,-0.027596415613155987
905,-0.5161181643790276,-0.07305037405139439,0.44306780129137946,-0.4798929666444201,0.18408311651183845,0.29454676841943206,0.41371914851789326,0.8428248500842721,-0.34943132342467215,0.22199635850844476,-0.016966560804837143,-0.03368120511941884
906,-0.5106764180861498,-0.06097629310809787,0.4497001482759375,-0.4801883204576606,0.190550908390993,0.28201535038292835,0.38872384118910835,0.823179977927418,-0.3582357062840022,0.2210390619344076,-0.007622036638512234,-0.030488146554048932
907,-0.5102752751364972,-0.11589201875879875,0.3943832673953656,-0.45293146365658044,0.1355954077703364,0.3083741641109188,0.3743538859356079,0.8076557578203797,-0.3560937397560012,0.24151910645774086,0.011133505732844235,-0.011569248743375789
908,-0.5060295704278376,-0.09570228273213766,0.4103272983192738,-0.45561738314288525,0.1526806282066388,0.2992578863798958,0.34038219827158517,0.7804344370453943,-0.3670426485460774,0.23750191742021337,0.01981333580566943,-0.006258077771370634
909,-0.4880854352152461,-0.04464386626883896,0.44344157512410526,-0.46266337472348157,0.19694694519277747,0.2667938242287933,0.30084720611055965,0.7540384712685613,-0.3863007997731568,0.2283245333190602,0.025175174048219267,-0.006385610190452312
910,-0.47256625877392133,-0.09146444199193535,0.381101816781986,-0.4268340377779537,0.14481869671417955,0.28201535038292835,0.28201535038292835,0.7393375603426051,-0.38872384118910835,0.24390517243239146,0.03811018261011402,0.007622036638512233
911,-0.4670078920863877,-0.1250455946039575,0.34196229990985705,-0.40155671452565844,0.10492820750318582,0.2954973657521643,0.25804167324910016,0.7188650893224501,-0.3887364948694369,0.24356520985734564,0.051426842552972266,0.021025601381609568
912,-0.45483069333714576,-0.08535386750000432,0.36947681940726385,-0.40932231954147635,0.140351969582798,0.2712190005816941,0.21238909369868175,0.6860956697720723,-0.4175723043289408,0.2219911834947522,0.055155250413414826,0.025249095160505212
913,-0.43629727391086953,-0.11110644163683057,0.3251908412200589,-0.3815721898864121,0.10646358896611129,0.2722286239811372,0.1845245967699609,0.6652339039785832,-0.4368195316106551,0.22509036226450824,0.06654561167559092,0.03457491575373054
914,-0.434456062185076,-0.1676847978930092,0.2667712829303753,-0.35061368187687986,0.04573222099596767,0.2972594364737899,0.1676847978930092,0.6478731183506697,-0.4420781238688152,0.22866110497983838,0.0838423989465046,0.04573222099596767
915,-0.4416804668800819,-0.13593562383105048,0.3057448218476495,-0.373499312970353,0.08413356100129563,0.28848527930199075,0.12301546332249419,0.6078274323472744,-0.47468580617764994,0.19969504211367034,0.08463200300495506,0.04616199604609411
916,-0.43749533461366186,-0.12540859274964533,0.3120867291208047,-0.37482075530317327,0.0919569244157935,0.2795205429353928,0.0844494848099003,0.5764237622819586,-0.5013934423162827,0.18466228382477767,0.08952957806090592,0.04971964049594932
917,-0.4344916765813249,-0.18753550886324646,0.24695619408776184,-0.34092617638283373,0.025848694149964588,0.3075648615183839,0.07252409516159289,0.5685846847784032,-0.5034116507610841,0.19204832149745865,0.11635558520263198,0.06665462160365129
918,-0.4420781238688152,-0.1829288839838707,0.25914923988494454,-0.35061368187687986,0.03811018261011402,0.3125034852880345,0.04573222099596767,0.5411645902678729,-0.5259205414536282,0.17530684093843993,0.12957461994247227,0.0685983268343744
919,-0.44304058797124685,-0.15008387991859073,0.2929566849745337,-0.3649230672947115,0.07199883635680927,0.2941888021791765,0.012688986912223227,0.5014549080968079,-0.5575963576422458,0.15337860574928522,0.1266241141061437,0.06357988582926466
920,-0.4399902376343465,-0.20416596922459662,0.2358242640513662,-0.3338992824963343,0.015445943500104399,0.3172008581191934,0.0034581649984841644,0.49241575485618183,-0.5691421949405342,0.15610463019758922,0.14242212403192867,0.08695776477192677
921,-0.44288883522600214,-0.235382269593758,0.20750656362391137,-0.32121157178832527,-0.013916832981217968,0.3358066900695368,-0.019854107735261566,0.4785268320524477,-0.5885584063695672,0.14426115947398543,0.15210459691124523,0.09756730798053968
922,-0.4420781238688152,-0.2057949944818545,0.23628312938696067,-0.3353695957860184,0.015244073277024468,0.32012550969515685,-0.0685983268343744,0.434456062185076,-0.6326290695364251,0.10670850944448843,0.1371966536687488,0.07622036522022804
923,-0.43529107828215063,-0.2564688283896244,0.178822273597383,-0.30637212794898716,-0.035992368385715755,0.34187343695885775,-0.09058678998922565,0.40719145637082343,-0.6597052616599213,0.08632905680575649,0.13927794485437917,0.08238049510823817
924,-0.43365048559679237,-0.336160249715817,0.09749025878312159,-0.2656663217315567,-0.11489375334447473,0.3812231074962641,-0.09816852870845033,0.39196507964418414,-0.6699588720229601,0.07496277639757451,0.15156048070708453,0.1040120928608653
925,-0.4338894051317222,-0.32482896639455006,0.1090604439004243,-0.271764455714622,-0.1042920498294542,0.3755577389454763,-0.13830637031536686,0.3488140364820206,-0.7099333081856802,0.0388992444808992,0.13767919728959552,0.09232723621565934
926,-0.434456062185076,-0.3353695957860184,0.09908647571821189,-0.2667712829303753,-0.11433055248991919,0.381101816781986,-0.17530684093843993,0.3125034852880345,-0.7545816091568497,-3.843670117553874e-19,0.12195258621619573,0.0838423989465046
927,-0.4397933706354367,-0.4080552326239416,0.03173814352782577,-0.23227040493967505,-0.1867317699015375,0.41975620237727607,-0.18495673423098752,0.2981096860901963,-0.7745202940736474,-0.022253895282232455,0.12290709269119258,0.09784259843866959
928,-0.44282278864634583,-0.4015550904970603,0.04126769326553051,-0.23997802910542249,-0.18179151957371514,0.42015844878264663,-0.21184618417682252,0.26028227979222796,-0.8163695067232244,-0.054011258697484354,0.11262946087309635,0.09001977526541177
929,-0.4417555466972698,-0.35879010473388256,0.08296546326830995,-0.26228901476227,-0.13625913963388073,0.4008593050879094,-0.243188577771359,0.2178782166847903,-0.8659085771583207,-0.09683776617343573,0.09472515421621973,0.07313351819607741
930,-0.4497001482759375,-0.4039679645565868,0.04573222099596767,-0.24390517243239146,-0.17530684093843993,0.4268340377779537,-0.23628312938696067,0.21341701888897685,-0.8765342233305082,-0.11433055248991919,0.09908647571821189,0.0838423989465046
931,-0.45746494635002277,-0.4314671115858492,0.02599783425485979,-0.2372667691268716,-0.20237945412376052,0.44155407148844417,-0.23516905286921014,0.19739895861093504,-0.8971138394730085,-0.12600256258241346,0.09867930887849857,0.08371892157985433
932,-0.45222543448147,-0.3866716594463808,0.06555375089167573,-0.255760565759381,-0.15881109343291766,0.41573759898412443,-0.26316725573410776,0.15353775112989793,-0.94710356340658,-0.16479643003897124,0.07423919325285207,0.0611635721900575
933,-0.4501200315708101,-0.4064843823287272,0.04363564149025738,-0.24267029997637635,-0.177704209871416,0.43074696173035965,-0.26076054255813114,0.14826493021590506,-0.9576720368614069,-0.18526866010876417,0.07142815894859975,0.06657074535580058
934,-0.45732220995967676,-0.4649442343667991,-0.007622036638512233,-0.2210390619344076,-0.23628312938696067,0.4649442343667991,-0.24390517243239146,0.15244073044045608,-0.9603766409153212,-0.190550908390993,0.07622036522022804,0.07622036522022804
935,-0.4572954214841269,-0.4446655789343341,0.012629806654249358,-0.2315539072507107,-0.21664150302964366,0.44776277724604585,-0.2654497483368374,0.11170327026222232,-1.0067764060327409,-0.22969793019878715,0.04736985404745027,0.052370937169075066
936,-0.4608261106918437,-0.4441477113117427,0.016678375352145725,-0.2341931031040565,-0.2130997828045172,0.4520169335259574,-0.2782562966001876,0.09110194739863473,-1.0283928972345333,-0.2565650719259005,0.03444777637200749,0.04697524840155231
937,-0.47858450630376137,-0.5211545083967719,-0.04256999304625646,-0.21524228803661577,-0.28226082276869313,0.5041091911094208,-0.2609741940652788,0.10094735256432685,-1.0194497623195256,-0.24884971157058483,0.050099848813185896,0.0662630465907141
938,-0.4878103448647829,-0.5335425658607506,-0.04573222099596767,-0.2210390619344076,-0.2896373934283591,0.5106764180861498,-0.2667712829303753,0.0838423989465046,-1.0442189839469005,-0.2667712829303753,0.03811018261011402,0.060976293108097865
939,-0.48085134282806774,-0.5019536843587148,-0.021102383749649574,-0.22747664409996238,-0.25876806020519827,0.49073133702011285,-0.28692864401578444,0.06289234705251723,-1.0708231240107822,-0.2994622158083649,0.016361865768441505,0.05142327287829939
940,-0.48419561344520634,-0.5537245259104104,-0.06952894945405667,-0.20206076505265896,-0.30664886252004353,0.519450479788299,-0.28858715842588517,0.05947559632615784,-1.077438419384384,-0.3090049309038349,0.018486504317831318,0.060384227272560584
941,-0.49999292300836196,-0.5843612984093572,-0.08436835747191075,-0.20541395474667884,-0.3318704269905033,0.5420808030272537,-0.293214285365079,0.046906412511078716,-1.0993842817108865,-0.33128792102900506,0.008002500851672652,0.05624819697966933
942,-0.5030543936790275,-0.5335425658607506,-0.030488146554048925,-0.23628312938696067,-0.28201535038292835,0.5182984797698891,-0.3125034852880345,0.022866110497983837,-1.1356834259388358,-0.37347979237486373,-0.022866110497983844,0.030488146554048932
943,-0.4953959883102752,-0.5482907375742533,-0.05289475694392347,-0.21851765780040264,-0.2976187308582391,0.5213172940398078,-0.31584839425968836,0.013596675275528264,-1.1500920432757222,-0.38839994971751446,-0.03204318491993774,0.020352219045673654
944,-0.49829213395065025,-0.6023623200194153,-0.1040701808124895,-0.19240209780847262,-0.35016066267792967,0.55267223768758,-0.3071235295412183,0.016945852447856576,-1.1519932071416796,-0.39385753635907395,-0.03195759846862365,0.02607302095451202
945,-0.5035180058443901,-0.5673153946318038,-0.06379737161565294,-0.21693032343885577,-0.31680430100053175,0.5387762726952265,-0.3173759613592473,-0.0007905035144863454,-1.1746865352569404,-0.4215892030792593,-0.054940255598331135,0.005032527950120095
946,-0.5030543936790275,-0.5487866146749952,-0.04573222099596767,-0.22866110497983838,-0.2972594364737899,0.5259205414536282,-0.32012550969515685,-0.015244073277024466,-1.1890377458951595,-0.434456062185076,-0.0685983268343744,-0.015244073277024466
947,-0.5073434962883384,-0.6017897749335714,-0.09444625979217808,-0.2071715356826309,-0.34428034592593737,0.556771984110292,-0.30012757012839897,-0.002121559842846482,-1.1744647944231201,-0.421139053326863,-0.06090915036025383,-0.002856723223788653
948,-0.5152016750179131,-0.5894928545635035,-0.07429114826536909,-0.21821402371386717,-0.33009504906822673,0.5577392570238161,-0.30252923089883704,-0.00814579210013286,-1.181744715181092,-0.42397808792945607,-0.06872323643416461,-0.00544272393953564
949,-0.5189040989260806,-0.5515891507219446,-0.03268504845965906,-0.23912066050685812,-0.2920081145537185,0.5376764536138627,-0.3124675105331653,-0.026589226491025443,-1.1980186644864115,-0.43600669414822957,-0.07507538230770283,-0.01543592120852007
950,-0.5259205414536282,-0.6021408973547021,-0.07622036522022804,-0.2210390619344076,-0.3353695957860184,0.5640307007658567,-0.2896373934283591,-0.015244073277024466,-1.1814156469348034,-0.41921201337083136,-0.05335425472224421,0.007622036638512233
951,-0.5373632758551204,-0.6288145493549022,-0.09145125777933191,-0.21873704344805694,-0.3553067273778074,0.5832438511407154,-0.2768972692759533,-0.00984100943025505,-1.1737125471767087,-0.40621622809418945,-0.047155551960125185,0.019805619440768
952,-0.545386920143968,-0.5890410160302119,-0.043654051304434824,-0.2490210890973185,-0.31514768688126327,0.5666966601659585,-0.29516526088275447,-0.0281761053504713,-1.197435979382934,-0.42768530145420935,-0.0671154923114311,0.0027467411198793083
953,-0.5497755028601041,-0.6109639646255532,-0.061188436833082,-0.2446211212685727,-0.3357179638955193,0.581239571199462,-0.29175139298016856,-0.026608263806998676,-1.2001122012516716,-0.43070107482001807,-0.06396604076766182,0.003655582062803431
954,-0.5564086763587344,-0.6554951427577921,-0.09908647571821189,-0.22866110497983838,-0.37347979237486373,0.6097629217618243,-0.2743933073374976,-0.015244073277024468,-1.1890377458951595,-0.41921201337083136,-0.05335425472224421,0.015244073277024466
955,-0.5670586681717906,-0.6224046484504563,-0.05534597483890114,-0.256156208889304,-0.3340973975294934,0.5987273157572086,-0.2845441989330482,-0.026607650644518803,-1.2039898691170188,-0.4408351440658103,-0.0703741360543168,-1.1545616948429995e-05
956,-0.5775988756766872,-0.6117556961381578,-0.03415680307975892,-0.269924071542997,-0.3217986671938888,0.5985309182638693,-0.2884467972255229,-0.028091562347949052,-1.2142259431271702,-0.45303676461472553,-0.07725252374682146,-0.01442805797732968
957,-0.5773339592389016,-0.6632942558920428,-0.08596029600293853,-0.2414160070678788,-0.3741521850767988,0.6236204813296153,-0.266906197278871,-0.009847969620566551,-1.1968110414726387,-0.43633806934294556,-0.06556430888498237,-0.002960820569285329
958,-0.571652725172979,-0.6478731183506697,-0.07622036522022804,-0.24390517243239146,-0.3582357062840022,0.6097629217618243,-0.2667712829303753,-0.01524407327702447,-1.196659695749048,-0.4420781238688152,-0.07622036522022804,-0.007622036638512231
959,-0.5713734183679663,-0.5995359266053983,-0.02816246436777687,-0.2677230791388569,-0.30957191174015763,0.5845704613305427,-0.2817867862223926,-0.031034517060485267,-1.2104628512468418,-0.4571446050339594,-0.09172815728793068,-0.028990619232346287
960,-0.5663251021586594,-0.627653053049866,-0.06132798009370284,-0.25004012687674704,-0.3412006603454628,0.5993558455365449,-0.27343096098355785,-0.021545925348288315,-1.2050365509654655,-0.4507317333867181,-0.08535081965834465,-0.022790335273029143
961,-0.550379062103378,-0.6287820369439365,-0.078403023224391,-0.23692661428718034,-0.34940855268747434,0.5935536548613761,-0.268101138915307,-0.0172174039515679,-1.2077321689569334,-0.4537975974295796,-0.08741597595975974,-0.01681173592872903
962,-0.5411645902678729,-0.5640307007658567,-0.02286611049798383,-0.25914923988494454,-0.2896373934283591,0.5564086763587344,-0.2896373934283591,-0.03811018261011402,-1.2347699668911272,-0.4801883204576606,-0.10670850944448843,-0.03811018261011402
963,-0.536568001759894,-0.5690814676573508,-0.0325134717021061,-0.24864462980800559,-0.29988470701963676,0.5567746449373027,-0.29488931016068254,-0.04271324404025481,-1.2387174841529285,-0.4851185899210291,-0.10512812064772371,-0.03801603670695771
964,-0.5235447480077728,-0.6060282481693388,-0.08248350179099069,-0.21682649675164367,-0.34500669658724836,0.5682312111610865,-0.27884357210819527,-0.031020111950087408,-1.2264456125220118,-0.47143381163324277,-0.08896723715294311,-0.018156099941997135
965,-0.5186235456784651,-0.569959923918918,-0.05133637932818992,-0.22950364867999984,-0.31015537236781715,0.5485356337749896,-0.2879153435698906,-0.04609132711052177,-1.2416718727292353,-0.48961185452516387,-0.09656482619551335,-0.03066859998446439
966,-0.5335425658607506,-0.571652725172979,-0.038110182610114035,-0.24390517243239146,-0.30488146088091217,0.5564086763587344,-0.2972594364737899,-0.060976293108097865,-1.2576359655592604,-0.5106764180861498,-0.10670850944448843,-0.04573222099596767
967,-0.5464062304988492,-0.6433099242696017,-0.09690368478267924,-0.2241577908944778,-0.3709769982925877,0.595218335595263,-0.27806718271994657,-0.04827639079624416,-1.2449202150832324,-0.4981698437514295,-0.09913252318094504,-0.03265935336695059
968,-0.5508500250288579,-0.6407250831023723,-0.08987504526317597,-0.2304688368708946,-0.36254654215582605,0.597342019730318,-0.27886433647508335,-0.05110390354229992,-1.2426327182753272,-0.49988568186990995,-0.10823191711526944,-0.03839580045777167
969,-0.5601774868664716,-0.6047093297858532,-0.044531857912512865,-0.2581952156367366,-0.32153729635302164,0.5864152080347516,-0.29010489166240194,-0.06143565445784738,-1.248799387031785,-0.5109465442780484,-0.1251565485104812,-0.05716630273883153
970,-0.5792747868567182,-0.6554951427577921,-0.07622036522022804,-0.25152719683951374,-0.3658577679677414,0.6173849834455636,-0.2667712829303753,-0.03811018261011402,-1.2271479424840048,-0.4878103448647829,-0.11433055248991919,-0.04573222099596767
971,-0.5977962038867366,-0.6884012316295994,-0.09060506074700975,-0.2499629158647335,-0.3869609261077251,0.641755884599805,-0.24907648564558652,-0.020476446319961285,-1.208609677710629,-0.4743993487667194,-0.10852346148644575,-0.040033900283761886
972,-0.6040124509634373,-0.6464359807342617,-0.042423592747389716,-0.27901240824799317,-0.3397186054145562,0.6284061373504979,-0.2593733098256729,-0.03133126411952106,-1.2194887436731594,-0.4938740668154474,-0.1298482806404081,-0.0590964179206272
973,-0.6003021864758722,-0.6496445643290093,-0.04934243432129771,-0.27509129407093735,-0.346095126879567,0.6278575575655416,-0.2543763269249881,-0.025358039616204787,-1.2129117100458506,-0.4895787929930351,-0.1356512426862737,-0.056513193949450494
974,-0.6021408973547021,-0.678361215979159,-0.07622036522022804,-0.25914923988494454,-0.37347979237486373,0.6402510193903137,-0.24390517243239146,-0.015244073277024466,-1.2042817947094042,-0.4801883204576606,-0.12957461994247227,-0.04573222099596767
975,-0.6039586240944494,-0.6301986408422068,-0.026240039620817595,-0.2874281709203446,-0.3242005737400345,0.6197096639357038,-0.2601198211813208,-0.03758644039731771,-1.2319546167165902,-0.5085074656203514,-0.14604478932250806,-0.0628209518366403
976,-0.5933092614666948,-0.5956828597952082,-0.002373601930450051,-0.296542063346939,-0.2954470393680563,0.5991373420283324,-0.2691461481193627,-0.0492906171105752,-1.2449394580748434,-0.5214109409287625,-0.1548570941121492,-0.06773932128267592
977,-0.5851853353201119,-0.6423184642864738,-0.05713316767390726,-0.26352995663906137,-0.345788864171127,0.6171654984389436,-0.25371736318200055,-0.0325112398088039,-1.2292721829454676,-0.5060271284757498,-0.139023579349568,-0.046336045932980435
978,-0.5868968112638405,-0.6402510193903137,-0.05335425472224421,-0.2667712829303753,-0.34299165746975757,0.6173849834455636,-0.25914923988494454,-0.03811018261011402,-1.2423919167450157,-0.5182984797698891,-0.1371966536687488,-0.04573222099596767
979,-0.5863652828973962,-0.5926439791223971,-0.0062786841210774,-0.29043922509347886,-0.29574557390961426,0.5936980075573581,-0.2755580962197744,-0.054704532965766724,-1.2637910129722356,-0.5349341957450836,-0.14545967691091807,-0.05532333296887969
980,-0.5871742025113448,-0.6243029610841188,-0.03712873274355455,-0.2734671931907913,-0.32676798496726894,0.6079559759794066,-0.26151876462518153,-0.040898914618164056,-1.2559706360153189,-0.5225655186441841,-0.13890598223315553,-0.043349095334997804
981,-0.5852166996690514,-0.6419350457312355,-0.05671833488061013,-0.259488964647716,-0.3456294338344036,0.6126800089150326,-0.2518063964562097,-0.030603316007427394,-1.2497165679272413,-0.5211380451920928,-0.14041744664038233,-0.04067044043478024
982,-0.5868968112638405,-0.5868968112638405,2.1158496766813073e-19,-0.2896373934283591,-0.2896373934283591,0.5868968112638405,-0.2667712829303753,-0.04573222099596767,-1.2652581390728501,-0.5411645902678729,-0.16006275484757843,-0.060976293108097865
983,-0.5989990885868988,-0.6015793244840126,-0.002580270668612985,-0.2982628668844201,-0.2980746263702675,0.6040380457679989,-0.25936262003825616,-0.043872330811038564,-1.263105183345223,-0.5342247807714514,-0.16328340287073168,-0.06450946530452015
984,-0.6017790814645958,-0.6570633968260265,-0.05528433413887989,-0.2709878231579677,-0.3527657000757162,0.6311990935033032,-0.23983741264181846,-0.030640296542746616,-1.245518166761608,-0.5127603822430261,-0.157290937361403,-0.05799994228973798
985,-0.6040409237574728,-0.6328413828705716,-0.028800462531622988,-0.2843259266009834,-0.326567527155714,0.6186887843336737,-0.24961968301991233,-0.046006266961111125,-1.2552790207817435,-0.5252408183615882,-0.17548400069644277,-0.07663490715729143
986,-0.6173849834455636,-0.625006970576069,-0.007622036638512231,-0.30488146088091217,-0.3125034852880345,0.625006970576069,-0.25914923988494454,-0.060976293108097865,-1.2652581390728501,-0.5335425658607506,-0.1829288839838707,-0.0838423989465046
987,-0.6145774393717238,-0.6737248869205177,-0.05914749476001367,-0.275278250298602,-0.366040976051023,0.6485801890513874,-0.2462988595231026,-0.04897930036218811,-1.2454150538550188,-0.5081097200698454,-0.162681831230799,-0.06344829131613353
988,-0.5969401122241403,-0.6490317303383218,-0.05209162252219904,-0.2675970189296477,-0.3491940863498123,0.6251034141905218,-0.2479889228576297,-0.049236039792759756,-1.2455729331683445,-0.506110909777896,-0.16836908137989443,-0.06970945287196068
989,-0.5819516532694686,-0.5885785263635317,-0.0066268536501035155,-0.2843355644778879,-0.29307214988903263,0.5843315628163593,-0.2620029518188541,-0.06465569744838384,-1.2582983094782565,-0.5199543086989721,-0.18535438219809772,-0.08602541445031073
990,-0.571652725172979,-0.6173849834455636,-0.04573222099596767,-0.25914923988494454,-0.32774757137889604,0.5945188729475798,-0.25152719683951374,-0.05335425472224421,-1.2423919167450157,-0.5030543936790275,-0.1676847978930092,-0.0685983268343744
991,-0.5649127616493257,-0.6338016006600375,-0.06888880478693987,-0.24378105262661545,-0.3502933566005979,0.6033257603063307,-0.2405337993291323,-0.0369655888167104,-1.2307597119746112,-0.491334388470265,-0.15613848498094468,-0.05767746221449817
992,-0.5621026973972365,-0.5734477199670364,-0.011345009390699745,-0.2731979727987569,-0.29369253566410486,0.5690501444743474,-0.2546874030475179,-0.045532637813649246,-1.2416330921193277,-0.5060639637464952,-0.16946170179024655,-0.06919865750420774
993,-0.5653000812500858,-0.5768521905012564,-0.011552113982021366,-0.2777464933066402,-0.29271336026344835,0.5719262856314778,-0.25660808412748143,-0.04047328179125853,-1.2371336227950651,-0.5083959953647417,-0.1613900111014796,-0.0642819715979827
994,-0.571652725172979,-0.625006970576069,-0.05335425472224421,-0.25914923988494454,-0.3353695957860184,0.6021408973547021,-0.25152719683951374,-0.022866110497983837,-1.2271479424840048,-0.5030543936790275,-0.14481869671417955,-0.05335425472224421
995,-0.5759500611593003,-0.5886954191784554,-0.01274537624145174,-0.27790013622037824,-0.3003204517100536,0.5803283323617757,-0.2737604341709029,-0.03748227713419843,-1.2418248961523928,-0.5189564472733419,-0.15574337916476413,-0.06418130867267506
996,-0.58858132208661,-0.5679810880903782,0.02060020208709449,-0.302715874846694,-0.27195849756842827,0.5757402041765909,-0.285410475406022,-0.051037188234325265,-1.2533270410073376,-0.527145484089319,-0.1561175393941162,-0.06776666311623337
997,-0.607040861201797,-0.6316191969326712,-0.024578329529082933,-0.2910819630778665,-0.32440807307704067,0.6258063664278768,-0.2684965674037692,-0.02986171609059935,-1.2329364135895229,-0.49920035136996715,-0.1272893452322218,-0.04492465174167289
998,-0.6097629217618243,-0.6326290695364251,-0.022866110497983844,-0.2896373934283591,-0.32774757137889604,0.625006970576069,-0.2743933073374976,-0.030488146554048932,-1.2271479424840048,-0.4878103448647829,-0.12195258621619573,-0.03811018261011402
999,-0.5970345808889108,-0.5840331960452593,0.013001375239568935,-0.3005265995382694,-0.28600695855572755,0.5864692217581733,-0.291181651313941,-0.05329653508918421,-1.2418413810023554,-0.4984682879210536,-0.13265090169159,-0.04768544679518705
1000,-0.592492481579576,-0.6201422431737995,-0.02764979124599706,-0.2794303806295138,-0.3236450381547421,0.6067915585288828,-0.27586397950208386,-0.040379438718910046,-1.227148126608017,-0.47465963437895164,-0.11262344533102747,-0.03278930297925462
1001,-0.5939072414433023,-0.6434736600406733,-0.04956641887443046,-0.26774873395108295,-0.3461619935470705,0.6222930149471348,-0.26904650611930425,-0.03325788133935072,-1.2085234041688553,-0.4563610562772722,-0.09916754288983778,-0.024034422102609133
1002,-0.5868968112638405,-0.5868968112638405,-8.027826719042865e-20,-0.2896373934283591,-0.2896373934283591,0.5868968112638405,-0.2972594364737899,-0.060976293108097865,-1.2271479424840048,-0.4801883204576606,-0.12195258621619573,-0.04573222099596767
1003,-0.5745775314989682,-0.5903924722665708,-0.015814935949325502,-0.27896853683811595,-0.2983488783960927,0.5849583790449406,-0.3033523281813807,-0.06056112830676556,-1.2321852930321409,-0.4799748527496738,-0.12725976971088698,-0.05021123104844926
1004,-0.5659920231941403,-0.6345855965323028,-0.06859354285337374,-0.2474946797008718,-0.35020966336347387,0.6049135739101944,-0.28562141525604456,-0.044750445760127495,-1.2143489519125807,-0.4621241529533959,-0.11391807144021138,-0.03934874076514043
1005,-0.5632143319182439,-0.5971824647827568,-0.03396811393593034,-0.2598579694845985,-0.3157030132430071,0.5838332032635796,-0.2960030284407778,-0.06096109406306771,-1.2261478951000313,-0.4819203191546618,-0.12978856862522464,-0.05210798307810363
1006,-0.5640307007658567,-0.571652725172979,-0.007622036638512231,-0.2743933073374976,-0.2896373934283591,0.571652725172979,-0.30488146088091217,-0.0685983268343744,-1.2423919167450157,-0.49543236927190526,-0.1371966536687488,-0.060976293108097865
1007,-0.5634074548256428,-0.6165269744816406,-0.05311954263023705,-0.2547996002892794,-0.33514549637225777,0.5909374692578591,-0.2850412840441746,-0.05396484689147028,-1.2282671918858843,-0.47990134437795695,-0.11576055007524838,-0.04778544321151146
1008,-0.5657079545075099,-0.6075881609591547,-0.04188022434287667,-0.2606799627636108,-0.32302768861054176,0.5861375644687783,-0.28942143687621824,-0.06324364910183441,-1.2343690584890858,-0.49356723652620804,-0.12719465484311507,-0.05115356016978778
1009,-0.5748459197441862,-0.5621417471417381,0.012704183596562394,-0.2889855356822623,-0.27026002873229826,0.5685657327444406,-0.3077763080873445,-0.07786697174461343,-1.2516355409204847,-0.5118688262575555,-0.1467030320790533,-0.06224429868130879
1010,-0.5868968112638405,-0.6021408973547021,-0.015244073277024468,-0.28201535038292835,-0.30488146088091217,0.5945188729475798,-0.2896373934283591,-0.060976293108097865,-1.2347699668911272,-0.4878103448647829,-0.12195258621619573,-0.04573222099596767
1011,-0.5934265171815032,-0.635738853644952,-0.042312374667414485,-0.27535494110567166,-0.33809322138597053,0.6151262080318342,-0.27653727816704815,-0.054776703714836075,-1.2221166646760075,-0.47467901701451176,-0.1088162292072427,-0.034431699852875974
1012,-0.5936882406379558,-0.5898280298365595,0.003860166058065793,-0.29719924858257174,-0.29396246649775754,0.5894034895092769,-0.2979230667270888,-0.07504674599001884,-1.2377400737089403,-0.4928247536736374,-0.12777969097254888,-0.04962540292062105
1013,-0.5951499710504632,-0.6031505613809844,-0.008000609977013524,-0.2891938676287171,-0.3044766249816482,0.5957442635331166,-0.30179362667962856,-0.0704971136341884,-1.2382598758146448,-0.4909278582579008,-0.12500014595497141,-0.05019789843155886
1014,-0.6021408973547021,-0.6631171671649144,-0.060976293108097865,-0.2667712829303753,-0.3582357062840022,0.6326290695364251,-0.2896373934283591,-0.05335425472224421,-1.2271479424840048,-0.4801883204576606,-0.11433055248991919,-0.03811018261011402
1015,-0.6038200429933411,-0.6340064671821473,-0.030186424621207165,-0.28324930749385036,-0.32835207475583894,0.6192304597474043,-0.3091028297369386,-0.06831644118274205,-1.2403560666068187,-0.4956270877350133,-0.130894924576187,-0.05278930747587311
1016,-0.5941278412800756,-0.6116649663648921,-0.01753709844624246,-0.2841318322308401,-0.3102848207458523,0.6027835158098493,-0.3324692532601508,-0.0828518218595156,-1.2598816932264325,-0.5083731777185394,-0.13926019629566685,-0.06885515279336737
1017,-0.5835764394776672,-0.665960920474446,-0.08238447852258864,-0.2473697121472486,-0.3713451862294267,0.6246138146843767,-0.3218643956196744,-0.07188343563633325,-1.2518450960884797,-0.4989968726305085,-0.12470956640282413,-0.05467364865194893
1018,-0.5792747868567182,-0.6554951427577921,-0.07622036522022804,-0.25152719683951374,-0.3658577679677414,0.6173849834455636,-0.32012550969515685,-0.07622036522022804,-1.250013941152138,-0.5030543936790275,-0.12957461994247227,-0.05335425472224421
1019,-0.5738791185144697,-0.5963455608773685,-0.022466416041618222,-0.27678608823059064,-0.30688442160100987,0.588247226984085,-0.3353384980114198,-0.09173407677273238,-1.2635641419685284,-0.5174228327483259,-0.14496139396073163,-0.06958391715829969
1020,-0.5641186213198363,-0.6161913653702938,-0.05207270173486077,-0.253054082059679,-0.3291979289869923,0.5930405725801858,-0.32377159738352584,-0.08253072448891181,-1.256180355321688,-0.5106046462245908,-0.13636821258305595,-0.053745700330881836
1021,-0.5521515424540749,-0.6241650402387474,-0.0720134782193015,-0.23713016441262005,-0.3452725238749931,0.5870450609696153,-0.31179139878321027,-0.07824365601428013,-1.2506146694359437,-0.5024703093570819,-0.13034197632158895,-0.036379394390839086
1022,-0.5487866146749952,-0.5640307007658567,-0.015244073277024466,-0.2667712829303753,-0.2896373934283591,0.5564086763587344,-0.32774757137889604,-0.09908647571821189,-1.2728801634799725,-0.5182984797698891,-0.14481869671417955,-0.05335425472224421
1023,-0.5590814797621775,-0.5772340354324026,-0.018152538080385732,-0.2675805840377269,-0.2983499466343121,0.5716092691659613,-0.3264267993425693,-0.10320992195546823,-1.2719884540706952,-0.5228885988175215,-0.14301419725411388,-0.053442934785126454
1024,-0.5695719864602306,-0.6375783446221563,-0.06800635816565384,-0.24772256883525703,-0.3506353721731967,0.6072267440067964,-0.3092981618320725,-0.09307696489962604,-1.2514088428660375,-0.507593673136772,-0.12740604395892693,-0.03120502773889085
1025,-0.5709805330670393,-0.604557442917123,-0.033576916941418775,-0.26986199726422955,-0.3150171881082563,0.5919269634544129,-0.3177035858848731,-0.10521808542606738,-1.264802762794858,-0.516359476614165,-0.1338228512169198,-0.03447364519815093
1026,-0.571652725172979,-0.5792747868567182,-0.007622036638512234,-0.28201535038292835,-0.2896373934283591,0.5792747868567182,-0.32774757137889604,-0.11433055248991919,-1.2805020387806274,-0.5259205414536282,-0.1371966536687488,-0.03811018261011402
1027,-0.5719884855169853,-0.6361986014158951,-0.06421007852851757,-0.25050713840922906,-0.3460608705812456,0.60458563094539,-0.31984887542048,-0.10141317786995953,-1.2613821844008288,-0.5060964070439308,-0.11800020568005506,-0.018778447564358758
1028,-0.5674722147930585,-0.6297996722701572,-0.06232745351307422,-0.24872148787621967,-0.3440702954001806,0.5998457621444248,-0.3292732647674587,-0.10382334375483672,-1.259630098846426,-0.5100792032625259,-0.11821273678023879,-0.019723179313268495
1029,-0.562376402076953,-0.5745121075152,-0.012135697603036405,-0.271233266032397,-0.29380429650793694,0.5730945076286788,-0.3458407962080945,-0.11677628259418257,-1.2750182667198005,-0.5291659675670766,-0.13236880855884578,-0.032691420466668696
1030,-0.5640307007658567,-0.6173849834455636,-0.05335425472224421,-0.25152719683951374,-0.3353695957860184,0.5945188729475798,-0.3353695957860184,-0.10670850944448843,-1.2652581390728501,-0.5182984797698891,-0.12195258621619573,-0.022866110497983837
1031,-0.5646058547757332,-0.6586796263279758,-0.0940737540602392,-0.23168787736378504,-0.37624327208744435,0.6148417476610545,-0.3299583655105025,-0.10196788905438701,-1.2640925509611736,-0.5180113726049158,-0.11663855962209349,-0.023808196527994527
1032,-0.5613974029724758,-0.6091436066639151,-0.04774617711970145,-0.25246814503371856,-0.3285118924878867,0.5901205254715831,-0.3478977991812268,-0.11683882290939433,-1.2874845826735462,-0.5402130250928073,-0.13487009334170347,-0.04381628383008247
1033,-0.5667470317042279,-0.6169350392607957,-0.050188011087823815,-0.25534412016699715,-0.33362723189683186,0.5943879486429623,-0.34574279781368533,-0.10684097932515424,-1.2794843646685536,-0.5350300595090663,-0.13228193379609932,-0.04175012169185245
1034,-0.5792747868567182,-0.6707391915720368,-0.09146444199193535,-0.24390517243239146,-0.381101816781986,0.625006970576069,-0.32774757137889604,-0.0838423989465046,-1.2576359655592604,-0.5182984797698891,-0.11433055248991919,-0.030488146554048932
1035,-0.5849328639567521,-0.6296769208684904,-0.044744058448059516,-0.27030960411889643,-0.33457158564002,0.6100138535306397,-0.3363416075625644,-0.09320902529927491,-1.271965673423881,-0.5282472770356036,-0.1234801542782246,-0.04596402841385385
1036,-0.5922686864978317,-0.6018105091039049,-0.00954185327012998,-0.2912627609691923,-0.3006622716874766,0.6017406009872932,-0.3468370226945431,-0.09961871815850037,-1.2810211665800568,-0.5324872559237871,-0.1328033154554032,-0.05796120060045351
1037,-0.6059550796161757,-0.6601538318705411,-0.054198809302091464,-0.2758425641921182,-0.35457497251421394,0.6360340166550482,-0.32746165065848376,-0.07509222732524147,-1.2550038416731357,-0.5101531749895212,-0.11507598223426932,-0.03777243448354209
1038,-0.6097629217618243,-0.6554951427577921,-0.04573222099596767,-0.28201535038292835,-0.35061368187687986,0.6326290695364251,-0.32774757137889604,-0.07622036522022804,-1.2576359655592604,-0.5106764180861498,-0.11433055248991919,-0.03811018261011403
1039,-0.607300342406184,-0.6069949152303791,0.0003054327694718451,-0.3042124624493701,-0.3032465654249483,0.6062415626891863,-0.35001074424175377,-0.09906633401077083,-1.2804139667690375,-0.5269389726353115,-0.1301535137172765,-0.06125730435934753
1040,-0.6173957089202382,-0.6404130050156684,-0.023017293485563906,-0.2952203452115523,-0.33223228489017076,0.6317095446989198,-0.3379719934487874,-0.08609953872844586,-1.263012820890768,-0.5121188916055054,-0.11757437424130047,-0.04531126990602804
1041,-0.6252693317773068,-0.6564689698002418,-0.031199623653388204,-0.2931977885792295,-0.34288121148769,0.6436036366263616,-0.32932299376892227,-0.07892525555625426,-1.2496680341191255,-0.50472606527535,-0.10667949165120041,-0.030811782939729658
1042,-0.6173849834455636,-0.5945188729475798,0.022866110497983837,-0.32012550969515685,-0.28201535038292835,0.6021408973547021,-0.35061368187687986,-0.10670850944448843,-1.2728801634799725,-0.5259205414536282,-0.12195258621619573,-0.05335425472224421
1043,-0.6101359318261835,-0.5924975146321685,0.017638418781146907,-0.3152681653755316,-0.2860422869408508,0.598641303203371,-0.338600357858178,-0.10219158084497165,-1.2665684796965677,-0.5144032918427295,-0.1151320849142286,-0.048054890974042044
1044,-0.6051087914686282,-0.6292139945381408,-0.02410521424925942,-0.2871513557200639,-0.32799812181324134,0.6217293428060265,-0.31321145401891104,-0.07395484924927534,-1.2405407276940346,-0.48478707177957714,-0.09437246188065686,-0.022278998350459274
1045,-0.5869079960811562,-0.5756103262560336,0.011297666514647954,-0.2964381025163423,-0.2809345687315493,0.582790931227193,-0.32770191984786956,-0.08281973598111714,-1.2460077932431846,-0.4941508401499306,-0.10571811748112712,-0.02727064528567369
1046,-0.571652725172979,-0.5335425658607506,0.03811018261011402,-0.30488146088091217,-0.24390517243239146,0.5487866146749952,-0.3353695957860184,-0.09146444199193535,-1.250013941152138,-0.5030543936790275,-0.11433055248991919,-0.030488146554048932
1047,-0.562224430068617,-0.5685393100119448,-0.006314891572659707,-0.27470218789456247,-0.28356796326161277,0.5646476470887407,-0.31039366306096944,-0.06739704901565902,-1.2249598971661606,-0.482974782962838,-0.09533758239402157,-0.011464203124363505
1048,-0.538813777850907,-0.539159765308638,-0.0003460152610291916,-0.2668556736793374,-0.2658748451187797,0.5377222685135801,-0.3067746719974477,-0.06010284482731583,-1.218769843240327,-0.4872512455547048,-0.09529126968822779,-0.011133128014387454
1049,-0.5229817039145553,-0.4728242891645358,0.0501574029633232,-0.28704513094007056,-0.20764621963297686,0.4935133920310443,-0.324162785210046,-0.07081087117826795,-1.241109541274925,-0.5065927788203635,-0.10950256950184448,-0.02640903488441887
1050,-0.5259205414536282,-0.5030543936790275,0.022866110497983837,-0.2743933073374976,-0.23628312938696067,0.5106764180861498,-0.3125034852880345,-0.060976293108097865,-1.2423919167450157,-0.49543236927190526,-0.09908647571821189,-0.015244073277024463
1051,-0.5248896607377835,-0.5297169206414906,-0.00482729878988436,-0.26049349779607234,-0.26316491559159816,0.5231483290150324,-0.2951418264558131,-0.05624808311617355,-1.2307202586130435,-0.48936354938681303,-0.09393127442738408,-0.003445486264608279
1052,-0.5317305328781149,-0.48468360782295,0.047046932437528464,-0.2870367308337111,-0.215635116739347,0.5065334535715424,-0.30750718241750363,-0.07256064266049715,-1.2476588125015777,-0.5085535395899046,-0.1115674582136599,-0.02278736890305427
1053,-0.5432922055642734,-0.49266124352582386,0.05063098496487123,-0.29368437893963656,-0.21652737964476518,0.5176898680195433,-0.3093746615344756,-0.07391299126099805,-1.2550136653571058,-0.5050593685657346,-0.11058903669238646,-0.02819892988972294
1054,-0.5411645902678729,-0.5335425658607506,0.007622036638512231,-0.2743933073374976,-0.25914923988494454,0.5335425658607506,-0.2972594364737899,-0.0685983268343744,-1.2423919167450157,-0.4878103448647829,-0.09908647571821189,-0.015244073277024466
1055,-0.534864043400227,-0.4875513797619449,0.04731266644483815,-0.28846301230955473,-0.22021485806495947,0.5070435014373897,-0.30760712991507466,-0.08519232948264394,-1.2512878728890553,-0.4974427075032425,-0.10980504268795434,-0.030183613709654937
1056,-0.5289930602671201,-0.44640756080407457,0.08258547656243913,-0.3023688589353713,-0.1794599381405079,0.48391886881569507,-0.3109810637067708,-0.09410594606884204,-1.2565452323272615,-0.5025939441476794,-0.11518431435927412,-0.04328393612768707
1057,-0.5241892104448358,-0.4882387925699691,0.03595039576984095,-0.28151401154675243,-0.22309870296829834,0.5029687111159724,-0.28982975111431397,-0.0776237606926686,-1.2325270822702046,-0.47852271624687354,-0.10211152060048123,-0.021781790949958083
1058,-0.5182984797698891,-0.47256625877392133,0.04573222099596769,-0.28201535038292835,-0.21341701888897685,0.49543236927190526,-0.2896373934283591,-0.07622036522022804,-1.2271479424840048,-0.47256625877392133,-0.09908647571821189,-0.015244073277024468
1059,-0.5010461865036115,-0.3964463157706123,0.10459985749371056,-0.2988576983720351,-0.14275271024884775,0.44919944770922876,-0.3087437189523504,-0.09060854796743087,-1.2408006309044002,-0.48703621192134755,-0.10102155262021352,-0.030390262930102184
1060,-0.48737430634787515,-0.40605538966587673,0.08131889748978315,-0.2827046725123022,-0.16012221002483595,0.4462601912382653,-0.31228208814482955,-0.08456023884751342,-1.231792465769236,-0.47740514273673706,-0.09137627466313837,-0.019916826810705023
1061,-0.48922295420862344,-0.42124436217674865,0.06797857876677807,-0.2783627437280228,-0.17654252692512032,0.4555008255742065,-0.3158963265747937,-0.07509926634939537,-1.2154053531502909,-0.46208487752390864,-0.08183397813716485,-0.00590801259547912
1062,-0.49543236927190526,-0.3582357062840022,0.1371966536687488,-0.3125034852880345,-0.10670850944448843,0.4268340377779537,-0.34299165746975757,-0.0838423989465046,-1.2271479424840048,-0.47256625877392133,-0.0838423989465046,-0.015244073277024466
1063,-0.495732805505824,-0.354040146211377,0.1416926683799175,-0.31419718342318276,-0.10204653466023235,0.4246059493450627,-0.3592890185226263,-0.08587524363496828,-1.2315590021785825,-0.47128971012182047,-0.08090345629571816,-0.008166907457514215
1064,-0.4938121644042545,-0.40266907225170706,0.09114308712943885,-0.2895940224221618,-0.1517735971242948,0.44880777391393617,-0.3547312584679969,-0.08282511724606975,-1.2144295239409735,-0.45278822741798846,-0.06555364203404046,0.013704388306237204
1065,-0.49668269616199223,-0.36861397496906306,0.1280687047312355,-0.3078154445791078,-0.11733525102156521,0.43180340403663375,-0.37673226853902353,-0.09775440758627368,-1.2272234938264068,-0.46456560640842537,-0.06144275719561995,0.01276466484207231
1066,-0.5030543936790275,-0.34299165746975757,0.16006275484757843,-0.32774757137889604,-0.09146444199193535,0.41921201337083136,-0.4039679645565868,-0.10670850944448843,-1.250013941152138,-0.4801883204576606,-0.060976293108097865,0.015244073277024466
1067,-0.49920857539714325,-0.3992256266888683,0.09998297604200186,-0.2994750790527701,-0.14697161986899793,0.4449471879580311,-0.3974739591253035,-0.09905723827338611,-1.237058933724811,-0.46631418806777014,-0.04793473338244243,0.035303482049642114
1068,-0.4853582288327476,-0.3970939142873226,0.08826430885035591,-0.28501231870078686,-0.14995473819343688,0.43902363790441734,-0.40449914069361415,-0.10612869932292478,-1.2404353308212313,-0.47554163522894544,-0.05040264442510715,0.032495919585877345
1069,-0.47914428855024593,-0.3472497814411395,0.131894471250581,-0.3013861404818066,-0.10397059073697107,0.41411057902891135,-0.4222178484380057,-0.11501916586861985,-1.2610773694760946,-0.5003792568664625,-0.06366706349467502,0.02195950320325659
1070,-0.4801883204576606,-0.38872384118910835,0.09146444199193535,-0.28201535038292835,-0.14481869671417955,0.434456062185076,-0.411589988963709,-0.10670850944448843,-1.250013941152138,-0.4878103448647829,-0.05335425472224421,0.03811018261011403
1071,-0.4742831880208155,-0.4285678136274132,0.04571537186555772,-0.25574102464112025,-0.19043152157495105,0.44763658257279265,-0.40711522495166635,-0.10973489031256564,-1.2384052422814475,-0.47583807041565623,-0.0434734662270993,0.047903340328985924
1072,-0.47048207134340764,-0.38531904686387375,0.08516304100980704,-0.2762286651127185,-0.15070882564156057,0.42618303807205715,-0.41980731865074256,-0.11983951823726965,-1.2496581208128714,-0.4901400640980864,-0.05139799131942648,0.04093304260918382
1073,-0.4729566827534766,-0.3959327955092665,0.0770238775026327,-0.27469230241254144,-0.15922243750215404,0.43413605443723574,-0.4140696631762487,-0.10789002205690154,-1.2431160359695783,-0.4789296786066424,-0.03677009418027702,0.05271313613062001
1074,-0.47256625877392133,-0.4497001482759375,0.022866110497983844,-0.24390517243239146,-0.21341701888897685,0.45732220995967676,-0.39634590287284754,-0.09146444199193535,-1.2195258435236487,-0.4497001482759375,-0.007622036638512233,0.07622036522022804
1075,-0.47104868920682497,-0.4190995200464104,0.05194920511658752,-0.25726683944291245,-0.18357561356929314,0.44091425284705615,-0.4033641256997914,-0.09582299628313112,-1.2198400527874715,-0.4566603328373487,-0.010347828390158966,0.07406946446971953
1076,-0.4776464499712893,-0.4042297314610618,0.07341672292979907,-0.27191636784112727,-0.16554879711320958,0.43718055644848924,-0.42136638615266037,-0.09803637975339112,-1.2341030637017198,-0.4708566699609167,-0.015806218411493454,0.06384833950103437
1077,-0.49250977310354593,-0.47389713746460527,0.018612626334418087,-0.25213466353882336,-0.22743183673306688,0.47991459807246795,-0.4002208750972464,-0.07432394311654983,-1.2175039054466665,-0.4461105185048453,0.010395735444632397,0.0863886578926569
1078,-0.5030543936790275,-0.4878103448647829,0.015244073277024461,-0.25914923988494454,-0.23628312938696067,0.49543236927190526,-0.381101816781986,-0.060976293108097865,-1.2042817947094042,-0.434456062185076,0.022866110497983837,0.09908647571821189
1079,-0.5117458781503094,-0.4622049441797812,0.04954094241853172,-0.2816266851699094,-0.20700514858434865,0.48752828194244413,-0.4001614231477223,-0.07358365609533224,-1.2169648740850973,-0.45427882179726436,0.009524682905915847,0.07900931082747203
1080,-0.5322426988991076,-0.5182898669559524,0.013952832260893312,-0.27049203823386947,-0.24970975296041537,0.5246121192782842,-0.39525277892240185,-0.07302927972162966,-1.2106695900204072,-0.44982478730733855,0.0118580253112142,0.0834896559325831
1081,-0.5406368334566002,-0.5575896304387152,-0.01695278322465822,-0.25841584769822834,-0.2839066012909313,0.5495770127363374,-0.3793749946675648,-0.07082872275287655,-1.2063152705207776,-0.44371471198879026,0.012072783927993911,0.08835482585198753
1082,-0.5335425658607506,-0.5182984797698891,0.015244073277024466,-0.2743933073374976,-0.25152719683951374,0.5259205414536282,-0.4039679645565868,-0.09908647571821189,-1.2423919167450157,-0.47256625877392133,-0.015244073277024468,0.05335425472224421
1083,-0.5329459116567602,-0.5384509701470462,-0.005505077939755306,-0.2645762402065634,-0.2722853124624805,0.5349072941143402,-0.4160695115662356,-0.11659581461039506,-1.2551472202502245,-0.48346530759312045,-0.030523848009435254,0.03610784854008381
1084,-0.5315261869688135,-0.6035090232433624,-0.0719828327834039,-0.22745969274361855,-0.33771383122258997,0.5701012210670998,-0.40087052119633015,-0.10766664632174913,-1.2377642834034948,-0.4751222498147184,-0.034000785362486706,0.0388479966365223
1085,-0.5370318563381109,-0.5896695246310286,-0.052637667675968954,-0.23818462433604498,-0.3206541195767958,0.5666451397883828,-0.40962694318717097,-0.12322462670508448,-1.2626884751298668,-0.4988145870789198,-0.06748693313758065,0.010277303556828349
1086,-0.5564086763587344,-0.5868968112638405,-0.030488146554048925,-0.25914923988494454,-0.30488146088091217,0.571652725172979,-0.41921201337083136,-0.14481869671417955,-1.2957462367013395,-0.5259205414536282,-0.09908647571821189,-0.015244073277024468
1087,-0.5679786527710119,-0.6598780522058335,-0.09189941588289187,-0.23400594760740157,-0.3712854243278801,0.613687664773437,-0.400647873140036,-0.13318359709696126,-1.282659176485548,-0.5246636881768683,-0.098347696635294,-0.012999641462255341
1088,-0.5809682344227151,-0.6786854159833462,-0.097717205238769,-0.23934944309904307,-0.38654182246763713,0.6298234067715898,-0.3973945156769535,-0.1333860208999495,-1.2891787635686833,-0.5376624208216754,-0.11119758916783701,-0.03199065542744711
1089,-0.5998201891745341,-0.6506545245177022,-0.05083435458301104,-0.2753221865744427,-0.3511690795463224,0.6254533355634656,-0.4023354639459004,-0.14689675038236125,-1.3153195117996752,-0.5611510378213973,-0.13466889561014525,-0.058849282951752
1090,-0.6097629217618243,-0.7012273637537597,-0.09146444199193535,-0.25914923988494454,-0.39634590287284754,0.6554951427577921,-0.37347979237486373,-0.12957461994247227,-1.2957462367013395,-0.5487866146749952,-0.12195258621619573,-0.04573222099596767
1091,-0.6150426531575005,-0.7463315329744757,-0.13128888246164674,-0.23849860161197373,-0.4360636278643756,0.6798242937298006,-0.35400926578495306,-0.1175471978973547,-1.2749324989938176,-0.5357451931985284,-0.10485654904662599,-0.03388547164981367
1092,-0.6186865297709776,-0.7079141577086596,-0.08922764764786469,-0.2620298661269095,-0.3936414105703697,0.6662152094892919,-0.3713343017980289,-0.1345666496884363,-1.296158945546414,-0.557186964424798,-0.11681412342527732,-0.050744499884995485
1093,-0.6149612070021269,-0.7134041753349123,-0.09844298423974633,-0.2593396893540779,-0.40330032518283715,0.6670230690209976,-0.36685986681385985,-0.1324273745634938,-1.2973575325385642,-0.55960314653959,-0.11970610118761951,-0.04873376384241104
1094,-0.6097629217618243,-0.762203633563972,-0.15244073044045608,-0.22866110497983838,-0.45732220995967676,0.6859833149395151,-0.34299165746975757,-0.11433055248991919,-1.2728801634799725,-0.5411645902678729,-0.10670850944448843,-0.030488146554048932
1095,-0.6087402090391731,-0.727941146351037,-0.11920095639774446,-0.2410205200058177,-0.4234216958780452,0.6716442575606141,-0.35131691636320245,-0.12339198278394865,-1.2791188398416222,-0.5550535575982409,-0.11535603960939586,-0.039533760747083854
1096,-0.6096332664817657,-0.6968273929774464,-0.08719410795689331,-0.2592401101540639,-0.39265975072448045,0.6552777006019951,-0.36179375387289653,-0.1330019625899776,-1.2952810121380567,-0.5692512290516771,-0.12853335694409762,-0.04929451687925042
1097,-0.60959841416268,-0.7529765594272653,-0.1433781279854726,-0.23344491606505885,-0.44706891251325825,0.6815769265143392,-0.3432327205682201,-0.11484255534360463,-1.2803326955358671,-0.5475493759457855,-0.11699537273911265,-0.03164329849219861
1098,-0.6173849834455636,-0.762203633563972,-0.14481869671417955,-0.23628312938696067,-0.4497001482759375,0.6936053393466374,-0.34299165746975757,-0.11433055248991919,-1.2805020387806274,-0.5487866146749952,-0.12195258621619573,-0.038110182610114035
1099,-0.6253313203482227,-0.7160768813704717,-0.09074559145113151,-0.26763619895051,-0.40237342330121983,0.6719979253806042,-0.3588274781018651,-0.13535686285748866,-1.3011723484478912,-0.5717753947724245,-0.1443973869589499,-0.06685559848938258
1100,-0.6172226053555395,-0.7438473713671613,-0.12662471093208327,-0.2434225481920044,-0.4357683748820831,0.6807999306587541,-0.3457313994594188,-0.12790859202156338,-1.2915315363680726,-0.5553069675227749,-0.13264618907073403,-0.05733005018239091
1101,-0.6072561596161002,-0.7658665084718954,-0.15861031229324546,-0.2201304681913009,-0.46219760786300995,0.6918893026425422,-0.33524373867053947,-0.11143223568613553,-1.278771179194628,-0.5410340730430399,-0.12325229245694572,-0.04660562331767927
1102,-0.6097629217618243,-0.708849388160882,-0.09908647571821189,-0.25152719683951374,-0.4039679645565868,0.6631171671649144,-0.35061368187687986,-0.12195258621619573,-1.2957462367013395,-0.5640307007658567,-0.14481869671417955,-0.0685983268343744
1103,-0.6145985243915089,-0.7145056719865105,-0.09990714670261394,-0.2532929644654492,-0.40436146346447477,0.6643237038715819,-0.34799522448957454,-0.12108859857742697,-1.2934757525005993,-0.5629845053975319,-0.138690040227044,-0.06765284040333097
1104,-0.6234701457176057,-0.7805229707223107,-0.1570528815873264,-0.23118212770122396,-0.46438195748284683,0.70427688639051,-0.33667104958236665,-0.10231488516609044,-1.2786160825243718,-0.5472263743104588,-0.116602870530668,-0.05286901147916673
1105,-0.6362605530331489,-0.7605914668953002,-0.12433098703266206,-0.2561125521608868,-0.43887060773589953,0.7019041682938219,-0.34784031572095336,-0.11440881707457959,-1.295620086687523,-0.5644489738196337,-0.12881975687916267,-0.06837331377534178
1106,-0.6478731183506697,-0.7393375603426051,-0.09146444199193535,-0.2743933073374976,-0.411589988963709,0.6936053393466374,-0.35061368187687986,-0.12957461994247227,-1.3109902855155842,-0.5792747868567182,-0.1371966536687488,-0.07622036522022804
1107,-0.6594007991915443,-0.8008922348186885,-0.14149144299457228,-0.2536504378782703,-0.4674151835535512,0.7294679200939036,-0.3315074643416809,-0.11137806959246736,-1.29244521246729,-0.566561965281424,-0.11814770958494436,-0.057206842518569265
1108,-0.6651307239874914,-0.8032183105490762,-0.1380876084965651,-0.2632414780476121,-0.46656097063549273,0.7360478697279881,-0.33020503630763204,-0.10971231688427259,-1.288124850154841,-0.56709813053637,-0.1179164129380582,-0.0569919705648735
1109,-0.6602943876404153,-0.749030347861483,-0.08873596506025641,-0.28448547336645014,-0.4157472345712171,0.7092019377583302,-0.3477130123384874,-0.12506497878898748,-1.3083221021033746,-0.5824707446347219,-0.13264065145215131,-0.0718885134614702
1110,-0.6554951427577921,-0.7850697813385727,-0.12957461994247227,-0.25914923988494454,-0.45732220995967676,0.7240934369751267,-0.34299165746975757,-0.11433055248991919,-1.3033682611084618,-0.571652725172979,-0.12195258621619573,-0.060976293108097865
1111,-0.6547760523826354,-0.8203719593575431,-0.16559584611265057,-0.24431466996421985,-0.49349197564052044,0.7378208294434557,-0.3320174814165261,-0.10436692732810551,-1.2856163630886905,-0.5543168440703093,-0.1112617623497604,-0.049974713972068395
1112,-0.6549598493498198,-0.7661827374298167,-0.11122287284483623,-0.2697971649777015,-0.4380353887200542,0.7122721633220552,-0.3467055105633393,-0.11316310981933766,-1.297040818354339,-0.5659406068624561,-0.12460392673367805,-0.06482276035692532
1113,-0.6551185219069675,-0.7677782837448048,-0.11265976257357727,-0.2679380551095043,-0.44077233318089826,0.7153192294441646,-0.34575668862328923,-0.1111344279266869,-1.2992678010299428,-0.5684228796529271,-0.12795276365117406,-0.06529945950731388
1114,-0.6554951427577921,-0.823179977927418,-0.1676847978930092,-0.24390517243239146,-0.49543236927190526,0.7393375603426051,-0.32774757137889604,-0.09908647571821189,-1.2881242122942171,-0.5564086763587344,-0.12195258621619573,-0.05335425472224421
1115,-0.6499230827358449,-0.7809597257786887,-0.13103665131945086,-0.25656628387244074,-0.45271558133726136,0.7142485365298535,-0.34159709628259294,-0.10660515420918239,-1.30728020949315,-0.575140286558568,-0.13740829031905072,-0.0687064514654332
1116,-0.6446716604240675,-0.7278907763831822,-0.08321912697708213,-0.27796109269086716,-0.401778321442016,0.6891605328222872,-0.35783358998159454,-0.12676367643270733,-1.3279608165379144,-0.6013010216473841,-0.1533984098039447,-0.0828218470064348
1117,-0.6497243800722154,-0.759318199827531,-0.10959384257917287,-0.2704538646171052,-0.4303197656850666,0.7077760865613745,-0.34436782340502503,-0.1279990400705257,-1.3231932949166267,-0.600181459276434,-0.15192701892669608,-0.07215918974699638
1118,-0.6478731183506697,-0.7240934369751267,-0.07622036522022804,-0.28201535038292835,-0.39634590287284754,0.6859833149395151,-0.34299165746975757,-0.1371966536687488,-1.3414783831440735,-0.6173849834455636,-0.1676847978930092,-0.07622036522022804
1119,-0.6292275039517992,-0.6105146888423283,0.018712834552252686,-0.3188192544896778,-0.2955393998140001,0.6169971293783028,-0.35632323208766975,-0.16811504926188975,-1.3781626108734015,-0.6600544002064039,-0.19506984079526019,-0.09211579327158355
1120,-0.6242342234102111,-0.5696628670286495,0.05457133596366227,-0.33851517481163707,-0.2559480816056908,0.5919745766419424,-0.35255885382895596,-0.17815307208317796,-1.392634622883405,-0.6812912324126335,-0.19722880697903217,-0.08119904569275542
1121,-0.6364754130539374,-0.5185711567739646,0.11790421416303265,-0.3769739183834655,-0.19639845176923681,0.575090001129301,-0.35376870333460775,-0.19201540610256113,-1.4118907431792982,-0.7059110246712441,-0.2046242331691141,-0.06677738086453046
1122,-0.6402510193903137,-0.3658577679677414,0.2743933073374976,-0.45732220995967676,-0.04573222099596767,0.5030543936790275,-0.38872384118910835,-0.25152719683951374,-1.4710529471716203,-0.7698257325243281,-0.23628312938696067,-0.07622036522022806
1123,-0.6341545411829019,-0.2580290837560608,0.3761254477093082,-0.5059564676811688,0.05559153316477776,0.4428914066643941,-0.42039708076423143,-0.30773627145316457,-1.522037915427708,-0.8176105109565732,-0.24336060455499098,-0.07106687295959496
1124,-0.6313840450152414,-0.20681594003589882,0.42456800582880216,-0.5251853980203505,0.10481384626807197,0.4166121627753819,-0.435100712238422,-0.3417645376957224,-1.5448691048962488,-0.8298482163202701,-0.22250405127253087,-0.04099228269921841
1125,-0.6324751648117631,-0.07579753993877428,0.5566776006222386,-0.5918536461321896,0.2371878990454124,0.3544235133444345,-0.47250265121346635,-0.39222716799156043,-1.585322881622424,-0.8569550116604676,-0.21021791702872358,-0.02914555910589916
1126,-0.625006970576069,0.05335425472224421,0.678361215979159,-0.6554951427577921,0.3658577679677414,0.28201535038292835,-0.5259205414536282,-0.4420781238688152,-1.6234937335270017,-0.868912124370152,-0.17530684093843993,-0.007622036638512233
1127,-0.6035330903904887,0.09843374237671336,0.7019667842851811,-0.6575667791555868,0.40111270240403274,0.2472988443659055,-0.5721088530696834,-0.4688468885489676,-1.6178958879765175,-0.8253799560032173,-0.0933681973957512,0.05888472339924075
1128,-0.5725219319267043,0.1871606540504247,0.7596825979480286,-0.6687365006967603,0.47086362400009163,0.19219306657272614,-0.6525775386757048,-0.5130331742147947,-1.6184428073199104,-0.7808942605772413,0.00013000853100050228,0.12531047339909537
1129,-0.5200358592283356,0.3236968246696541,0.843732713683293,-0.6865514947323116,0.5802748011828571,0.09712983619773183,-0.7723024544733619,-0.5766667009902433,-1.6326555252643389,-0.7340282549719263,0.10912322689042445,0.19489745239047407
1130,-0.4420781238688152,0.3582357062840022,0.8003138301528174,-0.625006970576069,0.5792747868567182,0.038110182610114014,-0.899400296551875,-0.625006970576069,-1.6158718582263472,-0.6326290695364251,0.26677128293037533,0.3125034852880345
1131,-0.3615663029101772,0.3476282958616136,0.7091946345831501,-0.5354793460360064,0.5292366235635715,0.005962160257475743,-1.0600301218972938,-0.6781822013816484,-1.5891831685759252,-0.5154937424720668,0.4436832798456807,0.4413196671309908
1132,-0.2769884885582481,0.3575495453632035,0.6345380362955797,-0.4576241827224613,0.49373864962061725,-0.03977386426938681,-1.2700988020908557,-0.745792380325122,-1.5744787957130844,-0.4060189284788596,0.6242966916224434,0.555270776609244
1133,-0.16654947531896294,0.23423951909454865,0.40078895488779975,-0.28748561899561764,0.31375943058776007,-0.03391466601643823,-1.4737886057445284,-0.7865741105797994,-1.5379638325549272,-0.2578896500389141,0.835902093365386,0.6867177641337991
1134,-0.06097629310809787,-0.060976293108097865,1.464108391582087e-18,-0.030488146554048932,-0.030488146554048932,0.060976293108097865,-1.6616038555626134,-0.8079359291131736,-1.4862971450923326,-0.09908647571821187,1.0518410829072564,0.823179977927418
1135,0.014295797085468897,-0.3969309194261177,-0.411226704763829,0.2161709981380253,-0.4001893091477974,0.1907962579487752,-1.8621994666719388,-0.8472965235493666,-1.4588366874647196,0.008796325387870872,1.2178630471013974,0.9155784953581557
1136,0.08933244109988445,-0.8342797509411941,-0.9236121109328304,0.5105559516591405,-0.8770594615471585,0.3747709260949924,-2.037915634277436,-0.8753867576969401,-1.4412717515456486,0.10506832097228772,1.3587363761199343,0.9781458791730495
1137,0.15701869291459164,-1.4365470469387671,-1.5935655966277955,0.878549466803128,-1.5153576322306386,0.6432187630328874,-2.1508933914876023,-0.861471850045389,-1.4035110905479895,0.22012510723580253,1.5001229213312628,1.0401376557633848
1138,0.19817295143642377,-2.0274617726368223,-2.2256347054349375,1.2119037445632925,-2.1265480899294125,0.9146444199193535,-2.2485007786563047,-0.8536680755559074,-1.3948325539939297,0.28201535038292835,1.5853836114913902,1.0594630327611452
1139,0.2336137426419394,-2.537509735804932,-2.77112364286383,1.501418413811243,-2.654658421540291,1.15159067249999,-2.3324022444601686,-0.8502643706580233,-1.4120329219807033,0.29974657316115116,1.6171780008653647,1.0387582066022878
1140,0.25918206532940574,-3.0688098928550653,-3.3279921900944176,1.7962053680706047,-3.196528383610822,1.4049024963372405,-2.3510598779521055,-0.7951444983825862,-1.3818522250802237,0.35563161549630173,1.6683964569075074,1.0426283798983087
1141,0.27039711195358546,-3.520041326411571,-3.790438539695087,2.0337944293539594,-3.651040930785643,1.6252983050545666,-2.333672942799955,-0.7264160141672651,-1.335485284770663,0.40957854735594,1.705641585442036,1.0364123649451897
1142,0.28201535038292835,-3.7805300701913707,-4.062545271467831,2.1722803854786137,-3.9177268077325076,1.7530684466610165,-2.3170991474268727,-0.6707391915720368,-1.3109902855155842,0.4268340377779537,1.6920921022975701,0.9908647385438105
1143,0.29416577406594197,-3.984277788613783,-4.278443333532873,2.2857321547837506,-4.127329890522953,1.849669192402028,-2.264830745618898,-0.5772380772176728,-1.2469830198113803,0.4747272488702703,1.689183287530346,0.9692453467676139
1144,0.30338269617054137,-4.160848585476572,-4.464231246745751,2.384542080004349,-4.310393845765236,1.9303803110367772,-2.194771758447163,-0.47926628249845643,-1.170298434099549,0.5244113041631839,1.6847467238698348,0.9562598136740388
1145,0.30375967838786777,-4.180708437000122,-4.484468270313642,2.393522086693223,-4.333171756786378,1.9380554734705853,-2.151864178924323,-0.4293304231650148,-1.14722001932664,0.5052416923350038,1.6172272229012075,0.8992744752024906
1146,0.2896373934283591,-4.1311437893448675,-4.420781313241386,2.3552092694624847,-4.275962253080191,1.9207532818306423,-2.103682165814513,-0.39634590287284754,-1.143305450345958,0.4497001482759375,1.524407267127944,0.8384240267416627
1147,0.26801056824091896,-4.112600854345961,-4.3806113706456875,2.3276185646319405,-4.2463288800845085,1.9250445124929167,-2.02769462821374,-0.36768498253669796,-1.1397546054143037,0.3792170155760157,1.4294443393515375,0.7959717941823599
1148,0.23942641392589287,-3.99958658603077,-4.2390128508090505,2.242953955432741,-4.119718420601056,1.8850181540150346,-1.9649328752729676,-0.37743226305361655,-1.193416470379993,0.24564338224542265,1.2782344016133884,0.7238161346513905
1149,0.19847536336145916,-3.798748299472947,-3.99722370692644,2.1020158568483582,-3.8973513354240956,1.8027151745982015,-1.901856475450559,-0.4157754673144961,-1.286404571284735,0.05900864075703952,1.087687888234958,0.6212580024760515
1150,0.14481869671417955,-3.6661994058716014,-3.81101816781986,1.981729477087621,-3.734797923748637,1.7606904710681386,-1.7835565442895054,-0.4268340377779537,-1.3491005566576633,-0.10670850944448845,0.9222664443264759,0.5411645902678729
1151,0.0785729179429493,-3.5282210047121847,-3.606793622806749,1.843011640677514,-3.5627210941003846,1.7274303655144463,-1.6369355505242653,-0.41306442352100015,-1.3959971379133838,-0.25219571657947537,0.7557109622655571,0.46199557217921244
1152,0.0029694269829699292,-3.304276892862059,-3.3072459498545257,1.656690692709771,-3.304710328259968,1.6555273407334867,-1.5041209814012724,-0.4098327731229,-1.4583412934087117,-0.4095641463982633,0.5673102897769334,0.34878014188055945
1153,-0.06914619319103146,-3.1318766183916025,-3.0627302646950314,1.5010356260679705,-3.096685535702146,1.60333067624379,-1.340951137613688,-0.3805876506829632,-1.4895056714977095,-0.5266403205088106,0.4095265263502056,0.25610122371384814
1154,-0.14481869671417955,-3.0259484610345213,-2.8811296990862623,1.3719666298790303,-2.9497282169632983,1.5853836114913902,-1.150927549306314,-0.32012550969515685,-1.4862971450923326,-0.5945188729475798,0.28201535038292835,0.190550908390993
1155,-0.22639324190588067,-2.848033749060812,-2.6216405692130578,1.2018448437000553,-2.730899972219616,1.5366357870532164,-0.9962497035427608,-0.2826602707947934,-1.5001117340160233,-0.6738555455440309,0.13862741507229404,0.09513150031045968
1156,-0.29645494222179947,-2.673321548188339,-2.376866674028912,1.0418116808622644,-2.5210020764295216,1.4868569791197168,-0.8599266778060823,-0.2497997508617417,-1.5137962386971222,-0.7399408842369016,0.011192672144148071,0.005254773319185349
1157,-0.36821678345838904,-2.6005703445629695,-2.2323534836647214,0.9323914119631744,-2.4134883802098903,1.4886818101599208,-0.713782669711453,-0.1949244270988385,-1.4909816453448808,-0.7586657395181837,-0.0729212255199116,-0.0477044114327459
1158,-0.4420781238688152,-2.4924060070036216,-2.050327845858189,0.8079359291131736,-2.2713668518776715,1.4710529471716203,-0.6097629217618243,-0.1676847978930092,-1.4862971450923326,-0.7926918057456951,-0.17530684093843993,-0.12195258621619573
1159,-0.49453579984984275,-2.318705249285938,-1.824169499281014,0.6689832779075865,-2.0690901382443374,1.4077603200122848,-0.5386559327829181,-0.1659459803552505,-1.50770633045596,-0.8453843566473922,-0.29310311269043177,-0.2096482150288307
1160,-0.5463881606431817,-2.2289538855722775,-1.6825656847929191,0.5717497468137314,-1.9505071209907523,1.386315688653499,-0.44236619807274025,-0.13691264002366946,-1.4936873420040295,-0.8521098121126697,-0.3541603475469812,-0.2501959721887488
1161,-0.6062158419369368,-2.1467134104686973,-1.5404974506166944,0.4708445086114117,-1.8411310164600754,1.3779559234617509,-0.35764556248280405,-0.10896998289632451,-1.4765206762182848,-0.8484007810945187,-0.4013504530599823,-0.280651388310185
1162,-0.6554951427577921,-1.9741074526804985,-1.3186123099227065,0.3353695957860184,-1.646359955854836,1.3186123099227065,-0.32012550969515685,-0.11433055248991919,-1.493919169499455,-0.868912124370152,-0.47256625877392133,-0.3353695957860184
1163,-0.6960738405700582,-1.843342769759373,-1.1472690222576571,0.23011045543185646,-1.4927894399231008,1.2701994691471397,-0.2631056465571393,-0.09852064714790723,-1.4738745963388158,-0.8536906848361661,-0.494855095827362,-0.3556153084416027
1164,-0.7317624733894725,-1.767439322872847,-1.035676858078026,0.15314682927930356,-1.396390580061716,1.2510455912415601,-0.18533820818379365,-0.05363763792684513,-1.4157691480380405,-0.8064071614970922,-0.47298130541277134,-0.33980063096323426
1165,-0.7655806998238839,-1.616078829377992,-0.8504981559069864,0.04313723414114213,-1.2308657331515254,1.195150120813588,-0.15457650366706333,-0.035705630993509624,-1.3886432790136938,-0.7765475368553083,-0.47722265555790433,-0.3493301199254717
1166,-0.7926918057456951,-1.4710529471716203,-0.678361215979159,-0.053354254722244206,-1.0747071561286234,1.1356834259388358,-0.1371966536687488,-0.022866110497983844,-1.3643444563654403,-0.7393375603426051,-0.47256625877392133,-0.35061368187687986
1167,-0.8003910565933805,-1.4092544380666194,-0.6088633606243785,-0.09454876748496802,-1.0061175174718688,1.1089276739424057,-0.08404672944957275,0.02286737745830426,-1.3003424404653057,-0.6752106116846504,-0.42631027752923706,-0.30979619987976537
1168,-0.7971129522937443,-1.3058366412615263,-0.5087236726280892,-0.14494946249106086,-0.9041022405716924,1.0533783193643984,-0.05472600580711897,0.05614102227463196,-1.2521715830385303,-0.6260878222153927,-0.3950552512458034,-0.2853947635871642
1169,-0.7889266086408558,-1.159726659010519,-0.3708000326636244,-0.20886681032364993,-0.7666625654049912,0.9740341691111787,-0.06302885370940449,0.06404419709072838,-1.2360268734685969,-0.6011428053849056,-0.3836493216417899,-0.27722666805660096
1170,-0.7774476823782167,-1.1128173527174687,-0.3353695957860184,-0.2210390619344076,-0.7240934369751267,0.9451325175478427,-0.04573222099596767,0.09146444199193535,-1.2042817947094042,-0.5640307007658567,-0.35061368187687986,-0.24390517243239146
1171,-0.7704807258028539,-1.0869017090068331,-0.3164210356527526,-0.22439490003743007,-0.6974953119866643,0.9281628201830711,-0.021735792821763984,0.11980964607115185,-1.1741154704242323,-0.5292520335872979,-0.32251875622625725,-0.2212272898272846
1172,-0.7663209230908276,-0.9845023195907489,-0.21818147771725327,-0.2692851416345074,-0.6002166604316478,0.8778113822309946,-0.033333105095737496,0.11933098718082222,-1.1765799766768594,-0.5248594653881662,-0.3190230511021808,-0.22188481260895124
1173,-0.7592318813054401,-0.9304551295820341,-0.17122319233737002,-0.29077227076019485,-0.5499928757947944,0.8481244821248536,-0.03385884807107864,0.12818915851964974,-1.1645482702282586,-0.5081745141807092,-0.30518365687370647,-0.20491640107307008
1174,-0.7545816091568497,-0.9375104931407205,-0.1829288839838707,-0.28201535038292835,-0.5564086763587344,0.8460460511487851,-0.015244073277024468,0.15244073044045608,-1.1356834259388358,-0.47256625877392133,-0.28201535038292835,-0.1829288839838707
1175,-0.7492156210611002,-0.8640439043503443,-0.11482836130510385,-0.31258303620230055,-0.48872239560195874,0.8090078059082749,-0.024271249127213786,0.1542854389547772,-1.1329801050505288,-0.4636592163792089,-0.27526453391503436,-0.18245280981477158
1176,-0.7405929528463346,-0.7907234080801341,-0.05013043581064657,-0.34395613608658837,-0.41917869134063784,0.7707011565579204,-0.033500859651513365,0.15700599293851455,-1.1270919621455766,-0.4570754104639593,-0.26435280136955513,-0.17541239417210172
1177,-0.7393568841079367,-0.8228621819410148,-0.08350527689889348,-0.32750286356614916,-0.44878837737972044,0.7838912031650346,-0.01638166956833645,0.1851108571436339,-1.0919178480285612,-0.420662607851106,-0.23273720680497975,-0.15303862050431766
1178,-0.7393375603426051,-0.815557878967062,-0.07622036522022804,-0.32774757137889604,-0.4420781238688152,0.7774476823782167,-0.015244073277024468,0.190550908390993,-1.0823291805357458,-0.4039679645565868,-0.2210390619344076,-0.15244073044045608
1179,-0.7273421616309922,-0.7439226062802796,-0.016580419376434667,-0.35108133625408483,-0.3760946480591266,0.7349259317488517,-0.029991972952333086,0.17410910504953633,-1.0969951521548618,-0.4127750640381522,-0.23004508718496947,-0.16203557700502674
1180,-0.7186502459311488,-0.7661458110201986,-0.04749551327020905,-0.33229168856785496,-0.40517036043761173,0.7447770247986083,-0.021124713115570633,0.19021924476065513,-1.0828561293819405,-0.39638516457685125,-0.21408258581256356,-0.14752225598595364
1181,-0.7139212104020001,-0.7990200072250271,-0.0850987868286545,-0.31027853156686125,-0.44174646568271464,0.7599541118930517,-0.004262488942185216,0.2071738596710141,-1.0625900140451137,-0.3786270610477394,-0.1946755083020748,-0.136675374245238
1182,-0.708849388160882,-0.7393375603426051,-0.030488146554048932,-0.3353695957860184,-0.381101816781986,0.7240934369751267,-0.015244073277024466,0.190550908390993,-1.0747071561286234,-0.39634590287284754,-0.2057949944818545,-0.15244073044045608
1183,-0.7083097408167928,-0.733151667682393,-0.024841917761586355,-0.33829288552165,-0.37489267513813324,0.7201303813216766,-0.02147623396675803,0.19073980268180082,-1.0740834461205753,-0.39727686132003204,-0.20519043629415157,-0.15660698662313785
1184,-0.7071670231992228,-0.790533623834674,-0.08336659754179263,-0.30737724700584856,-0.43303939276891473,0.7495686220772901,0.0017275068756586417,0.21154601460199388,-1.048661419137543,-0.3692956121405774,-0.18355277740400072,-0.14369410977110306
1185,-0.710164796181259,-0.7665269696850002,-0.05636213467704091,-0.32407581675166897,-0.40836647161432726,0.7377997539290182,0.004025872964956663,0.21017033341850508,-1.0458196966571145,-0.3700280904437242,-0.1875667977971993,-0.14836798125337616
1186,-0.7164714125680044,-0.7317155359354828,-0.015244073277024468,-0.35061368187687986,-0.37347979237486373,0.7240934369751267,-0.007622036638512234,0.2057949944818545,-1.0518410829072564,-0.381101816781986,-0.19817295143642377,-0.15244073044045608
1187,-0.7193920068705657,-0.7770428093148103,-0.05765075279623687,-0.3309420019158568,-0.4150875517528588,0.7514014808579552,0.014431688125427389,0.22309875302423118,-1.0283240300552574,-0.35818623728538196,-0.1802949561134371,-0.13375254551003132
1188,-0.7379849614855458,-0.791696000233084,-0.05371102757629494,-0.34238724667572185,-0.4173283586496066,0.7688293045834924,0.024304321913905424,0.22774558319589233,-1.0189425950969775,-0.3492248499996254,-0.17882176036248182,-0.13426991920162476
1189,-0.7591632877761774,-0.7494347633060421,0.009728516662854382,-0.3837520937837603,-0.3674772655321651,0.7582107419363688,0.00023023141756323725,0.2062325681170985,-1.0440131718774095,-0.37314351208740903,-0.20681860654346268,-0.15976994758841703
1190,-0.762203633563972,-0.7698257325243281,-0.007622036638512234,-0.37347979237486373,-0.38872384118910835,0.7698257325243281,0.015244073277024468,0.21341701888897685,-1.0365969595397782,-0.3658577679677414,-0.2057949944818545,-0.15244073044045608
1191,-0.7566624103020848,-0.7963252780318262,-0.03966280710514472,-0.35429917953066054,-0.41530500043167945,0.7774609813591494,0.047363341235701205,0.23733805489701743,-1.0100522142417372,-0.3461528189694104,-0.1931061163508928,-0.13341564710153203
1192,-0.7464678339528155,-0.7429499693511896,0.0035178176635223325,-0.3715742958816428,-0.3649779557772264,0.7440057984853577,0.026649885610729677,0.22099442578982947,-1.0327323678187519,-0.37024872870291403,-0.21745046123730058,-0.15588305797237922
1193,-0.7354182892388271,-0.730979313912945,0.004438955691638236,-0.36590184142529264,-0.36005214449830186,0.7335810746063129,0.01991031569993949,0.21858510042549373,-1.0378705959709766,-0.37659567683853723,-0.22576961913321505,-0.1650955735008812
1194,-0.7240934369751267,-0.7698257325243281,-0.04573222099596767,-0.3353695957860184,-0.4039679645565868,0.7469595847497275,0.05335425472224421,0.25152719683951374,-1.006108787358055,-0.35061368187687986,-0.2057949944818545,-0.14481869671417955
1195,-0.7007705041655947,-0.7202585784259947,-0.01948804885197361,-0.33703818592872364,-0.36513163500535967,0.7099971944847241,0.05157342307699541,0.24966337261198512,-1.013498087843001,-0.3590075365030276,-0.21457178279515152,-0.15359363300971413
1196,-0.6838624103766894,-0.6671158271542941,0.016746563684556962,-0.34608211925947013,-0.32421712513175127,0.6774111342489803,0.04463584850503095,0.242018193392487,-1.0212863590446877,-0.3663181567314389,-0.22382217503515295,-0.16266832864129663
1197,-0.6881919829063601,-0.7128920249357114,-0.024700055072297212,-0.32863622623418975,-0.3680078875129763,0.7048815667867246,0.06998748456102954,0.26937801935465566,-0.9975717515179793,-0.34226490720206343,-0.20737046557979982,-0.1473735634065641
1198,-0.6936053393466374,-0.7164714125680044,-0.022866110497983844,-0.3353695957860184,-0.3658577679677414,0.708849388160882,0.07622036522022804,0.28201535038292835,-0.9984868375041666,-0.34299165746975757,-0.2057949944818545,-0.15244073044045608
1199,-0.6963150624641665,-0.6577436975006421,0.038571350086513974,-0.3681968717636299,-0.3085523433056652,0.6780436914147149,0.07148076697869132,0.278064220855194,-1.0031677845731772,-0.354095867495254,-0.2137707505634106,-0.16266306524677382
1200,-0.7131985810928774,-0.6856661513845215,0.02753244231954429,-0.3681638965023504,-0.32851253077946785,0.6984224632010795,0.09300682992703624,0.2974256248006529,-0.9799244675507588,-0.3333998415854295,-0.20843599792950945,-0.14902432328425508
1201,-0.7253659724627581,-0.7270704554295497,-0.0017044898610541364,-0.35773882151759107,-0.35923779842735837,0.7270363350844231,0.10818408945365808,0.31474269131546695,-0.9660376691696777,-0.31920974720144774,-0.20652639539085543,-0.14804383427569817
1202,-0.7240934369751267,-0.678361215979159,0.04573222099596767,-0.381101816781986,-0.3125034852880345,0.7012273637537597,0.09908647571821189,0.30488146088091217,-0.9756206897295658,-0.3353695957860184,-0.21341701888897685,-0.1676847978930092
1203,-0.7282329458343431,-0.6727125173537571,0.05552042736835387,-0.38806945676731713,-0.308648691771912,0.6965335408195907,0.10620767150535969,0.3056858827608964,-0.9675548206700442,-0.3345568749742916,-0.21374322359901654,-0.1654258539534017
1204,-0.735419448519601,-0.7303417836988544,0.005077621571402021,-0.36655419429889824,-0.36064816262108323,0.7315166442560812,0.1278055161786883,0.3250367827372938,-0.9458772658467365,-0.31412090593666386,-0.2150477986339578,-0.15333525069878443
1205,-0.740612425277841,-0.703975731759102,0.03663665076335391,-0.38461598283203774,-0.3299250719362732,0.721573833493323,0.12691431985467688,0.3251564198953163,-0.9469980803653879,-0.3147399477505902,-0.22403229212068856,-0.1663204889161363
1206,-0.7469595847497275,-0.6631171671649144,0.0838423989465046,-0.411589988963709,-0.2896373934283591,0.7012273637537597,0.12957461994247227,0.32774757137889604,-0.9451325175478427,-0.3125034852880345,-0.22866110497983838,-0.17530684093843993
1207,-0.7466025077713769,-0.7050597834305894,0.04154269772637286,-0.3931108376012102,-0.3329535511210928,0.7250189688818327,0.15861270419994314,0.35674735906281585,-0.9148726163421516,-0.2873235300950654,-0.22345841330877725,-0.16241948322675945
1208,-0.7483572594357225,-0.7007350673691235,0.04762218335053133,-0.3988092320977715,-0.32358833290440264,0.7234403809289909,0.17520742880644466,0.37277799846624626,-0.9011100877795721,-0.2824312174483232,-0.2182585590070267,-0.16421463226681682
1209,-0.7569118963724737,-0.6385510270745055,0.11836088088516121,-0.43680998354727,-0.25700711844697555,0.6932220569355624,0.1773935458687167,0.37589827337915765,-0.906725754866321,-0.2892610217123006,-0.2222658998352247,-0.17894192108828316
1210,-0.762203633563972,-0.6631171671649144,0.09908647571821189,-0.4268340377779537,-0.28201535038292835,0.708849388160882,0.2057949944818545,0.4039679645565868,-0.8841562477376304,-0.2667712829303753,-0.21341701888897685,-0.17530684093843993
1211,-0.7618443195943247,-0.701861273177667,0.05998307754361437,-0.40632489944322553,-0.3210422823911297,0.7278714475357118,0.22991118484084636,0.4265363385708425,-0.8594752682291812,-0.2537590949600779,-0.2016148490071839,-0.17160574673582552
1212,-0.7611585483254751,-0.656301756901259,0.10485680175035964,-0.43154353437462134,-0.27597016758385934,0.7067409478926079,0.21886688143421792,0.4218463649866127,-0.8697755827500582,-0.2733415624700455,-0.2216997175063161,-0.18540466854864696
1213,-0.7624548688577383,-0.6488529155704057,0.11360191184430074,-0.43811749305157044,-0.2669081731279183,0.7056651221805912,0.22944644904084777,0.43409202579754036,-0.8596986164557043,-0.2670937722626514,-0.22402951112467165,-0.18931577531442556
1214,-0.7698257325243281,-0.7012273637537597,0.06859832683437439,-0.41921201337083136,-0.3125034852880345,0.7317155359354828,0.25914923988494454,0.45732220995967676,-0.8308019277813067,-0.24390517243239146,-0.2057949944818545,-0.1829288839838707
1215,-0.7811798052700113,-0.6767754492065998,0.10440433301583592,-0.44337935269137235,-0.28206446287168974,0.7240971676468209,0.2542765086965281,0.4519182140844916,-0.8397090378606915,-0.25861250412445513,-0.22695220954073786,-0.1929850135270729
1216,-0.7871230821614027,-0.6301416048544717,0.15698146415932115,-0.46967056295700016,-0.23291001153050106,0.7073694814772322,0.2585666628481837,0.4561074047043879,-0.8412368206233255,-0.2693726613493592,-0.23841293337113395,-0.20073167195209152
1217,-0.781942911471586,-0.6622481434844995,0.11969476408196467,-0.4474214702439291,-0.2678246870615759,0.722165102516021,0.29379394804129666,0.49333475799006216,-0.7994991756747362,-0.2394537574874331,-0.21140116438843748,-0.18320784723123898
1218,-0.7774476823782167,-0.6554951427577921,0.12195258621619573,-0.4497001482759375,-0.2667712829303753,0.7164714125680044,0.3125034852880345,0.5182984797698891,-0.7774476823782167,-0.2210390619344076,-0.2057949944818545,-0.17530684093843993
1219,-0.7773621756636823,-0.5866385200236416,0.19072373230766043,-0.4843579857081887,-0.1990874547561543,0.6823610626699067,0.3210142015767253,0.5269216589930198,-0.775489919888056,-0.21890883353055018,-0.21463074216871822,-0.18390310015012704
1220,-0.7734086448137587,-0.5981950468257814,0.1752135796450286,-0.47428445503301664,-0.20857184043763743,0.6840342074252961,0.3459547768856422,0.5519120712505753,-0.7460625207048555,-0.19337095667235715,-0.20449474752952784,-0.17138423142329784
1221,-0.7674020902866743,-0.6225560392679328,0.14484599334057258,-0.4556034235773199,-0.23575387500468323,0.6906033584061112,0.37297049691615014,0.5777954364580026,-0.717389522461074,-0.17126204854615315,-0.19878772017787813,-0.15921740873356388
1222,-0.762203633563972,-0.5564086763587344,0.2057949944818545,-0.4801883204576606,-0.17530684093843993,0.6554951427577921,0.381101816781986,0.5868968112638405,-0.7164714125680044,-0.17530684093843993,-0.21341701888897685,-0.17530684093843993
1223,-0.7506981621598307,-0.5288728658701274,0.2218253276111544,-0.48185425473343396,-0.15358330844696008,0.6363477842787113,0.39326008650571587,0.6061018199327044,-0.6976347901391633,-0.16234690963738663,-0.2122627120440042,-0.17486270546401314
1224,-0.7380513995176332,-0.5614079974811641,0.17664335274573256,-0.45429918488946897,-0.1927536920272582,0.6452815852940519,0.4258667412552716,0.6354047277026674,-0.6650527023947752,-0.13649333384866766,-0.19400876002407005,-0.15501036004900023
1225,-0.7280476236051943,-0.5158907328399777,0.21215687808060213,-0.4656970810979435,-0.15096708896407735,0.6190410933403584,0.43156108575206753,0.6369176337205511,-0.6666685312885806,-0.14198076056618356,-0.20573041119042348,-0.16883659020196862
1226,-0.7240934369751267,-0.4649442343667991,0.25914923988494454,-0.4878103448647829,-0.09908647571821189,0.5945188729475798,0.4268340377779537,0.6326290695364251,-0.6707391915720368,-0.14481869671417955,-0.2210390619344076,-0.190550908390993
1227,-0.7283370196106995,-0.5052352348669055,0.22310176858145822,-0.4752033787982092,-0.13970885070545927,0.6171224933629502,0.4561297853834759,0.6550507370476976,-0.6409115167855751,-0.11475432427062685,-0.19802093117102817,-0.17430591932329526
1228,-0.7375620963555367,-0.509602535742579,0.22795951198830644,-0.4827189842457063,-0.1419705918727749,0.6231820482184809,0.46442280002184033,0.6656203611007748,-0.6286840432997011,-0.10466638092922995,-0.19015990206948147,-0.1670774131564976
1229,-0.7511916127168137,-0.4591265633876256,0.292065049981143,-0.5219581972291529,-0.08284827702883642,0.6054875069565457,0.4441961659545323,0.6497932703538563,-0.6440732013732998,-0.11669773496791583,-0.21238060662725494,-0.1907468918149579
1230,-0.762203633563972,-0.4878103448647829,0.2743933073374976,-0.5182984797698891,-0.10670850944448843,0.625006970576069,0.45732220995967676,0.6554951427577921,-0.6326290695364251,-0.09908647571821189,-0.2057949944818545,-0.190550908390993
1231,-0.761747124566115,-0.5220652049837823,0.239681907967409,-0.4972645301681725,-0.14211057873249794,0.6390448539271696,0.4745420933850178,0.6712302243510325,-0.609751102581143,-0.07636881944601118,-0.18830402128499146,-0.17871795934367138
1232,-0.7641389429237098,-0.4662119149852041,0.2979270009951002,-0.5288438878249456,-0.08147714395038906,0.610484458007101,0.46086091334560153,0.6601118087690181,-0.6159213544457522,-0.08286707103327608,-0.2040854141325742,-0.20085198827831413
1233,-0.7708977231758118,-0.44634982241608556,0.32454785919666507,-0.5477904241329387,-0.05731069287326501,0.6057588320110914,0.4615119983520519,0.6587968386189059,-0.6106787731969537,-0.07797626149870199,-0.2113059141918762,-0.21199092254404736
1234,-0.7698257325243281,-0.4801883204576606,0.2896373934283591,-0.5259205414536282,-0.09146444199193535,0.625006970576069,0.4878103448647829,0.6859833149395151,-0.5792747868567182,-0.04573222099596767,-0.190550908390993,-0.190550908390993
1235,-0.7678799407991703,-0.43194963417801713,0.33593031903010107,-0.5469920858392185,-0.04290216576663195,0.6003793488272439,0.4916710248751921,0.6902392335089119,-0.5737015404129238,-0.034677296309286926,-0.19648165053078884,-0.19190412961872366
1236,-0.7715029932841717,-0.3694050661487822,0.4020978771587168,-0.5856737790219635,0.015352572265816374,0.568783406005796,0.4837019543427149,0.680749195670902,-0.5838051411466547,-0.04226652948396459,-0.21716955864908133,-0.20336344692051284
1237,-0.7663412363391664,-0.39368168554192484,0.37265948754082223,-0.5691289548276438,-0.01380844421537129,0.5753911799646204,0.5043595674454594,0.7031072490330328,-0.5601663586358323,-0.01974994396003405,-0.19382417580533806,-0.18026777665129778
1238,-0.762203633563972,-0.38872384118910835,0.37347979237486373,-0.5640307007658567,-0.007622036638512234,0.571652725172979,0.5182984797698891,0.7164714125680044,-0.5411645902678729,-4.942715038559049e-19,-0.17530684093843993,-0.1676847978930092
1239,-0.7681909207548516,-0.33203740830258593,0.4361534886016089,-0.5973467342656646,0.048922053714076985,0.5496949959096848,0.5046006693992406,0.7007898703173364,-0.5491434421102781,-0.008738881570833305,-0.19086120083330738,-0.18254724474663064
1240,-0.7665317406061096,-0.35054976705966473,0.41598194050086584,-0.5902120331042926,0.0305055611016075,0.5583408579060261,0.5092136205245599,0.7145070848923158,-0.5344698348824886,0.008791446394284643,-0.17310421357454303,-0.16988919156661006
1241,-0.7598509969719145,-0.382109765983294,0.37774124268363074,-0.568209124721215,-0.00240279661345316,0.5714530453062308,0.5174994104382293,0.7333847670917676,-0.5145445896956259,0.03630095326768565,-0.1486727207605615,-0.1478941976469614
1242,-0.7545816091568497,-0.32774757137889604,0.4268340377779537,-0.5868968112638405,0.04573222099596767,0.5411645902678729,0.49543236927190526,0.7164714125680044,-0.5259205414536282,0.030488146554048922,-0.16006275484757843,-0.15244073044045608
1243,-0.7373015714587672,-0.3103504662057096,0.4269510971059243,-0.5780726198776014,0.057013020875148555,0.5201141372778348,0.4844661987037532,0.7113870014281638,-0.5242615696174467,0.03681042503211399,-0.14803687259681847,-0.14478973607087806
1244,-0.7237365570268213,-0.3631735595002034,0.36056301933838514,-0.5383207033230073,-0.0016408376784018165,0.5417843186438321,0.4916966776917573,0.7224669795527815,-0.5072409099000882,0.06095093901889857,-0.1211498812574073,-0.12411724452419023
1245,-0.7242408364741577,-0.33803520141456866,0.3862056748181648,-0.5519316993802601,0.018862185259049053,0.5306634877000365,0.46851949227897266,0.7088729938566203,-0.5156735222368146,0.05647387960929887,-0.12549612267933172,-0.12355109809944553
1246,-0.7240934369751267,-0.2896373934283591,0.434456062185076,-0.5792747868567182,0.0685983268343744,0.5030543936790275,0.4420781238688152,0.6936053393466374,-0.5259205414536282,0.05335425472224421,-0.12195258621619573,-0.12195258621619573
1247,-0.7272627912423761,-0.33431625608678883,0.39294650686487526,-0.5609214357477825,0.029271593691400394,0.5294786114344009,0.4436788247682985,0.6945200568878839,-0.5131969532014928,0.07788796562766102,-0.0963694169318463,-0.10362373230528037
1248,-0.7386036009992774,-0.34440992107864277,0.39419364874031004,-0.5641757196692216,0.023235713752512335,0.5423677572007777,0.424182924796523,0.6813767390476722,-0.5138080710647145,0.0835023264472331,-0.09264700963536704,-0.09873070323125538
1249,-0.7353060705384933,-0.27506140830570025,0.46024467890174015,-0.5936632455126977,0.08815913819300841,0.504883004368982,0.3846340584130269,0.654755658471259,-0.5290496735029835,0.07612799881555213,-0.09862091396845261,-0.10942147850000723
1250,-0.7240934369751267,-0.28201535038292835,0.4420781238688152,-0.5792747868567182,0.07622036522022804,0.5030543936790275,0.37347979237486373,0.6478731183506697,-0.5182984797698891,0.09908647571821189,-0.07622036522022804,-0.09908647571821189
1251,-0.7236802195558207,-0.32032322380982087,0.40335702993679495,-0.5598331027983477,0.038212212131873716,0.521888244558895,0.36173065990252834,0.6406847581373077,-0.5055993077403369,0.11685019665053994,-0.05888314445934347,-0.08264638599428151
1252,-0.7182068168097842,-0.2726170472709497,0.4455898100489484,-0.577922692266578,0.08173479729164526,0.4959654452349913,0.32180659094605946,0.6101684914101937,-0.5279025172143111,0.10338027857328473,-0.06946198225158756,-0.09372175104482036
1253,-0.7028315588948859,-0.2591253292637582,0.44370622815560096,-0.569598714441253,0.08970018837670743,0.4799453373227742,0.28836719630248697,0.5907799905091122,-0.5409936987763463,0.10183621597139789,-0.06217231197239591,-0.09601035295220202
1254,-0.6859833149395151,-0.3125034852880345,0.37347979237486373,-0.5259205414536282,0.030488146554048936,0.49543236927190526,0.2667712829303753,0.5868968112638405,-0.5335425658607506,0.11433055248991919,-0.03811018261011402,-0.07622036522022804
1255,-0.6669799935727994,-0.28749935313074343,0.379480646969259,-0.5190730811217661,0.043266343088268176,0.47623420101998165,0.22809846393689326,0.5601750916526624,-0.552616002740096,0.10444380410412493,-0.036955657172048316,-0.07429579237334166
1256,-0.6562089832164297,-0.2471586844734204,0.40905031133018627,-0.5304862054249797,0.07639608989958661,0.45113817249242083,0.19131318963646904,0.5331746646987989,-0.5761388587081661,0.09835304520391813,-0.030291726663140905,-0.07191210915238574
1257,-0.6401126414161006,-0.2940987075578271,0.3460139022760238,-0.4938076131349438,0.022490759431592504,0.4619144278886379,0.18007335375241224,0.5348086930837868,-0.5658857210795359,0.12415825379310715,0.0049884032675543985,-0.0419397146476721
1258,-0.6173849834455636,-0.30488146088091217,0.3125034852880345,-0.4649442343667991,2.065507133300507e-21,0.45732220995967676,0.15244073044045608,0.5182984797698891,-0.571652725172979,0.12957461994247227,0.022866110497983833,-0.022866110497983837
1259,-0.6139907038588917,-0.2635289092142434,0.35046177001496204,-0.47906624503590245,0.039317242554794046,0.43894260287532383,0.0978561197628648,0.47418927085333346,-0.603643393878874,0.10334331890976473,0.019577057810030878,-0.024836621590262564
1260,-0.6219310195099192,-0.30776783716397116,0.31416318298450124,-0.46394950382521805,0.0008265822147694541,0.46256371120516904,0.06902351643605824,0.4589945538723831,-0.6064609613040324,0.10446954114535856,0.0402986086957545,-0.009728980645895627
1261,-0.6254882229888515,-0.368845142778148,0.256643099294799,-0.43731903636234293,-0.05474579632840254,0.4937852599548038,0.05299283658320372,0.450224057318096,-0.6056032587596544,0.11374965287586804,0.06687440830890182,0.013071859081684258
1262,-0.6326290695364251,-0.34299165746975757,0.2896373934283591,-0.45732220995967676,-0.022866110497983847,0.4878103448647829,0.007622036638512233,0.4039679645565868,-0.6478731183506697,0.0838423989465046,0.060976293108097865,0.007622036638512234
1263,-0.6388661767415236,-0.3590265918440772,0.2798395756037033,-0.4556342226219223,-0.03829865266847926,0.49685014580149733,-0.03227377025314517,0.3636449528047858,-0.6821124105053101,0.060428693506402766,0.06072582143269291,0.002307154351588088
1264,-0.6398706662416281,-0.4478967128800565,0.19197402394479868,-0.4118696181030649,-0.12927481703577284,0.5382374027790984,-0.045808502745408104,0.35017269453456623,-0.6900344383724448,0.06405283736538364,0.0867618785235981,0.02312404002741307
1265,-0.6390095505228394,-0.4549427861830297,0.1840667857936718,-0.40800774213134994,-0.13412827326006696,0.5448417882402359,-0.07290659608910574,0.3235109854030417,-0.7229233845929041,0.042234049725183964,0.08721174292315238,0.02895578895647209
1266,-0.6326290695364251,-0.434456062185076,0.19817295143642377,-0.411589988963709,-0.11433055248991919,0.5335425658607506,-0.10670850944448843,0.2896373934283591,-0.762203633563972,0.015244073277024466,0.07622036522022806,0.022866110497983837
1267,-0.6246823085053279,-0.5024245190619083,0.12225781108237463,-0.3689181013950199,-0.18888607913277305,0.5603174869753387,-0.11384146187976521,0.2769241462644229,-0.7676693494968767,0.021901992127539436,0.10331008209229499,0.04454067846636672
1268,-0.6257197494206277,-0.5339134710486997,0.09180632459754139,-0.3575381116210291,-0.22216551386498196,0.5771281657587941,-0.12347080649045632,0.2608441233675023,-0.7828055169796304,0.010280853965964537,0.1230976178988759,0.06047004439068102
1269,-0.6219549176061185,-0.4899053518531827,0.13204956356740719,-0.37644860042170036,-0.17785395402834106,0.5568539667876085,-0.15636912747748433,0.22317043849750806,-0.8181521927226432,-0.025710988472704657,0.10907694777311587,0.04907307863383217
1270,-0.6173849834455636,-0.5259205414536282,0.09146444199193535,-0.35061368187687986,-0.21341701888897685,0.571652725172979,-0.17530684093843993,0.2057949944818545,-0.8308019277813067,-0.030488146554048932,0.11433055248991919,0.05335425472224421
1271,-0.6278966164489964,-0.5886810267399,0.03921556345119929,-0.3296434426890963,-0.2706915747849683,0.6074944953970817,-0.18319930495490166,0.2046264996323051,-0.8370385396446324,-0.030039836987213988,0.1308665756749889,0.06860298588789261
1272,-0.6346469220369709,-0.5553741161023416,0.07927276340141676,-0.35277638040875386,-0.23448736688483718,0.5964193548067093,-0.2112150748580492,0.17430886471555648,-0.868658293532822,-0.06235459477538441,0.11758977737965023,0.06083050648218906
1273,-0.6320924473391984,-0.552856002595856,0.07923640658621724,-0.35280443358459423,-0.23282763252782254,0.590834518952398,-0.23273430137436604,0.14687403941414168,-0.8988686182858168,-0.08979715106530693,0.10532033052949522,0.05315423964175178
1274,-0.6478731183506697,-0.625006970576069,0.022866110497983844,-0.3353695957860184,-0.2972594364737899,0.6326290695364251,-0.23628312938696067,0.14481869671417955,-0.9146444199193535,-0.09908647571821189,0.10670850944448843,0.060976293108097865
1275,-0.6631429333842325,-0.6188829803988662,0.044259964075594044,-0.35094775071094036,-0.2837559560056938,0.640820140864667,-0.25699663324569155,0.12022473754768899,-0.9448542982693877,-0.12941375969008515,0.08593966924604303,0.052585091484279756
1276,-0.6580593862026842,-0.588152088276282,0.06990731472621733,-0.3606567691983882,-0.25474107982912225,0.6210033140383178,-0.2779130938254447,0.08453274660092794,-0.9851757678291502,-0.17064428436855825,0.06524487586902632,0.036132721533192545
1277,-0.6693839488475561,-0.6519586694344346,0.01742525548315077,-0.344836272595386,-0.3143770755931688,0.6573173179004056,-0.27019709997423214,0.0741343063040631,-1.0004884429640941,-0.18561780896978042,0.07160417360338496,0.04137708039599655
1278,-0.6859833149395151,-0.6859833149395151,-1.3336087773826518e-18,-0.34299165746975757,-0.34299165746975757,0.6859833149395151,-0.2743933073374976,0.05335425472224421,-1.0213528361722997,-0.2057949944818545,0.060976293108097865,0.03811018261011402
1279,-0.6778026590051811,-0.64763505364626,0.03016764935346264,-0.3499282550520284,-0.30649446837684735,0.6624444625537518,-0.29576380368497185,0.01508698414964699,-1.064038724642636,-0.2437037813849361,0.033302970185084234,0.01732796545375962
1280,-0.6899069957211488,-0.6826943405136116,0.007212701487090136,-0.34714212126409855,-0.33219244751277466,0.6886555245901321,-0.2869896216839275,0.004962176517191793,-1.0780229503663827,-0.2534322429535599,0.03725595433223682,0.024003211000608576
1281,-0.7141239820362523,-0.7421770801692761,-0.028053065925659426,-0.34255690765122837,-0.3829783622375507,0.7309899975336867,-0.2729149123713901,0.005485720740685332,-1.0755875319966228,-0.25523114318549084,0.04471731003175195,0.04065859715055613
1282,-0.7164714125680044,-0.708849388160882,0.007622036638512234,-0.3582357062840022,-0.35061368187687986,0.708849388160882,-0.2896373934283591,-0.015244073277024466,-1.1051953283103464,-0.2896373934283591,0.022866110497983837,0.022866110497983837
1283,-0.7205120536247067,-0.7019625083248188,0.01854954434201237,-0.3655261204993151,-0.3383162426680652,0.7088677250981921,-0.2941911897450259,-0.024631445071921387,-1.1271575707931751,-0.31218515219197535,0.013253356959541326,0.011059343209972736
1284,-0.7276950841270584,-0.7722999999274058,-0.04460491385854199,-0.33754349671211276,-0.40621921447308484,0.7536031804639707,-0.28196309835797756,-0.023079915606486777,-1.1268218945090958,-0.3143768779407185,0.015176866864697644,0.02395771390667884
1285,-0.7336175312426834,-0.7736754695754465,-0.04005795674456234,-0.3437062736958294,-0.4069798434038039,0.7569253747675528,-0.2983512908899278,-0.05008729284339034,-1.1567928730858243,-0.3523852507467755,-0.011929074067915619,0.003749771038181072
1286,-0.7393375603426051,-0.7469595847497275,-0.007622036638512233,-0.3658577679677414,-0.37347979237486373,0.7469595847497275,-0.32012550969515685,-0.07622036522022804,-1.196659695749048,-0.39634590287284754,-0.03811018261011402,-0.022866110497983837
1287,-0.7283497603254347,-0.8031281012769937,-0.07477828798838179,-0.32694637414709854,-0.4339642462498177,0.7705380203801658,-0.3140960310310338,-0.07506063192478744,-1.201702071041904,-0.40148337674780177,-0.0372399475760746,-0.010145049809765636
1288,-0.7172729809188728,-0.8260241467901408,-0.1087511095435213,-0.3044855211563519,-0.46631963314590263,0.7725270033354799,-0.3189647328973335,-0.08878767064425296,-1.2178813887354842,-0.4216829195280847,-0.05003179925666581,-0.018259747368176316
1289,-0.7156105293102654,-0.7775334228851154,-0.06192287418116318,-0.3260586008395166,-0.41962863551617835,0.7474365301981198,-0.34130696858400744,-0.11215883728043233,-1.25021964697258,-0.45947714492894925,-0.07479429869702013,-0.04339835126086497
1290,-0.7164714125680044,-0.8003138301528174,-0.0838423989465046,-0.3125034852880345,-0.4420781238688152,0.762203633563972,-0.3353695957860184,-0.10670850944448843,-1.250013941152138,-0.45732220995967676,-0.0685983268343744,-0.030488146554048932
1291,-0.7262643235191446,-0.844172742454147,-0.11790842388247451,-0.3026555627487155,-0.4816977057407169,0.7861290783288023,-0.31885357235167283,-0.10224107847041378,-1.2391935409367167,-0.44573846931509287,-0.05782285575345514,-0.019445624766389846
1292,-0.7377836308381696,-0.8007901645212824,-0.06300657681780963,-0.3389367010056679,-0.42946844280435664,0.7700906437667999,-0.32954251761162123,-0.11836263159823127,-1.2509970940094335,-0.46351871865024485,-0.07238541944814635,-0.03341743661078868
1293,-0.7384377681873294,-0.7816302929711001,-0.04319259087897735,-0.34619351940099463,-0.4090460090766672,0.7649025214803553,-0.3323960451646382,-0.11844184634435814,-1.2551901718158605,-0.47115927422401527,-0.07232854942741164,-0.03636855064762699
1294,-0.7469595847497275,-0.8308019277813067,-0.0838423989465046,-0.32774757137889604,-0.45732220995967676,0.7926918057456951,-0.3125034852880345,-0.09908647571821189,-1.2423919167450157,-0.45732220995967676,-0.05335425472224421,-0.022866110497983837
1295,-0.7654016903196892,-0.8129337309600273,-0.04753207407739716,-0.357839423900855,-0.42818168739836676,0.7921958876499948,-0.31382099413478864,-0.10043669672974967,-1.2437155121631247,-0.4643482672449103,-0.06119437904159501,-0.024523441852702752
1296,-0.77045853705881,-0.7678892995832312,0.002569185373309556,-0.3873957486249112,-0.376911316912325,0.7742699172503487,-0.32742186145766505,-0.11677064299235608,-1.2575116190190299,-0.48351855767313356,-0.07645179094352998,-0.040813752743320136
1297,-0.769857062900524,-0.8144671426824337,-0.04461009283143769,-0.36208487913395254,-0.4275176619842707,0.7945094272273956,-0.31250733708028766,-0.10944989525048611,-1.253792528377057,-0.4743819286134832,-0.06196056468286332,-0.03268487601015917
1298,-0.7774476823782167,-0.8384240267416627,-0.060976293108097865,-0.3582357062840022,-0.4497001482759375,0.8079359291131736,-0.30488146088091217,-0.10670850944448843,-1.2576359655592604,-0.47256625877392133,-0.060976293108097865,-0.030488146554048936
1299,-0.7826256858867059,-0.7929227682535991,-0.01029707622326613,-0.3870120763981587,-0.3981237510815889,0.7908416672612829,-0.3241703299621806,-0.13130465400560626,-1.2817108771536776,-0.49761537428939984,-0.08687588703653462,-0.06148367682589428
1300,-0.7889036849137345,-0.8285431634946023,-0.03963949162884984,-0.37195162343947874,-0.4320075747454743,0.8126230262797057,-0.32239028584491786,-0.13669780111833962,-1.2863667346388148,-0.5007933753672731,-0.08885143102028706,-0.06808776026590728
1301,-0.791611995158284,-0.8838200841436772,-0.09220806095068715,-0.34652664397563177,-0.4880025663675766,0.8418494672357074,-0.31054323806707035,-0.12900345008823505,-1.2788562902066911,-0.4965525663080305,-0.08581457228443799,-0.06183656461215843
1302,-0.7850697813385727,-0.8384240267416627,-0.05335425472224421,-0.3658577679677414,-0.4420781238688152,0.815557878967062,-0.32012550969515685,-0.14481869671417955,-1.2957462367013395,-0.5182984797698891,-0.10670850944448843,-0.0838423989465046
1303,-0.7833305537588496,-0.8264221622157344,-0.04309164664707492,-0.36779059458314345,-0.4299757336477495,0.8050721147800486,-0.3176846255202569,-0.1453647428517413,-1.3006953338962117,-0.5182411528361917,-0.10607174185977547,-0.08457924291642112
1304,-0.7837812180165493,-0.8822347996156056,-0.09845355476166257,-0.33741978745732437,-0.4888760986267626,0.8350139152160375,-0.30344083144765965,-0.11893282963443143,-1.2803976340232337,-0.4971122158301211,-0.08777039694694636,-0.06060938160478807
1305,-0.7717989145341839,-0.8556638197776095,-0.08386483234144815,-0.3414653416355792,-0.4700524937546534,0.8171561246532338,-0.308020701975323,-0.11805589750657444,-1.2852419384277638,-0.5112939461636522,-0.09750373143259097,-0.06655357352656138
1306,-0.762203633563972,-0.8079359291131736,-0.04573222099596767,-0.3582357062840022,-0.4268340377779537,0.7850697813385727,-0.3125034852880345,-0.12957461994247227,-1.3033682611084618,-0.5259205414536282,-0.10670850944448843,-0.07622036522022804
1307,-0.7618563886376174,-0.847059218723305,-0.0852027559502139,-0.335902894920169,-0.46586283044074,0.8068529655634435,-0.29569651705991745,-0.11298777572955888,-1.2868013608268711,-0.501627815666578,-0.0885084264999006,-0.053347425922422524
1308,-0.7596310686137121,-0.8539872234850544,-0.09435612650980232,-0.3272576719130874,-0.47478263902368006,0.8116213927061632,-0.2840382608729316,-0.10439639159709821,-1.2757109268970748,-0.4966467472175705,-0.08603846385959375,-0.042720999075172114
1309,-0.7655042861476458,-0.7995647526345258,-0.03406048298129577,-0.3635242508974262,-0.41587567541884796,0.7859575154212094,-0.2929117186755004,-0.11874927781602108,-1.2927806713683643,-0.5144375953395945,-0.10408646158567683,-0.05823808772015591
1310,-0.7850697813385727,-0.823179977927418,-0.03811018261011403,-0.37347979237486373,-0.4268340377779537,0.8079359291131736,-0.2896373934283591,-0.11433055248991919,-1.2881242122942171,-0.5030543936790275,-0.09908647571821189,-0.05335425472224421
1311,-0.7971349034650754,-0.8667725476756848,-0.06963759697732068,-0.3602992549496214,-0.46430977924853206,0.8335345045283109,-0.27889746027489715,-0.10854180146860412,-1.2747326913887247,-0.49570559278007986,-0.09307745490795076,-0.04707981859665262
1312,-0.8058007511480241,-0.8262510536495232,-0.020450239742052994,-0.39061689876149586,-0.41938908500802924,0.8131734212830111,-0.2957233338821992,-0.13277109579424384,-1.2983209856837403,-0.5224643516214532,-0.11781259661904567,-0.0728507923030573
1313,-0.8196552573775634,-0.8140540587247135,0.005601297889657974,-0.4125370207180138,-0.40069741977800966,0.8134612014429516,-0.30248964757618085,-0.14416258216292335,-1.3076072989732255,-0.5316467072463561,-0.12864487624905085,-0.08213563337539911
1314,-0.8308019277813067,-0.8612901745162636,-0.030488146554048932,-0.39634590287284754,-0.4420781238688152,0.8460460511487851,-0.28201535038292835,-0.12957461994247227,-1.2881242122942171,-0.5182984797698891,-0.11433055248991919,-0.0685983268343744
1315,-0.8312248309455341,-0.8359344444707941,-0.004709571456271692,-0.4086944587085994,-0.4156471050262909,0.8344559474432334,-0.28363967745552954,-0.1371847115066661,-1.2997359022481059,-0.5313225015936416,-0.12693893475705403,-0.08788578881350832
1316,-0.8302732144707224,-0.7941932697411441,0.03607995749455701,-0.43126194680362856,-0.37812407237178686,0.810738028564627,-0.29578833522772047,-0.15313498548203963,-1.3222459150623571,-0.5524687619253993,-0.1503219355980186,-0.11003724480454842
1317,-0.8428373833375047,-0.845742555497202,-0.002905146470084661,-0.42073987045269157,-0.42341371862488153,0.8460415799874021,-0.28404700988081377,-0.1369236056290978,-1.311997447586248,-0.5435898788267645,-0.1379882336721278,-0.08980083507540546
1318,-0.8460460511487851,-0.868912124370152,-0.022866110497983837,-0.411589988963709,-0.4420781238688152,0.8612901745162636,-0.28201535038292835,-0.12957461994247227,-1.3109902855155842,-0.5487866146749952,-0.1371966536687488,-0.0838423989465046
1319,-0.8264423626563323,-0.819182370558922,0.007259906281555144,-0.41311246849346367,-0.40531759858210176,0.8202670683397616,-0.29616371187702284,-0.14952183915322248,-1.3296858898105113,-0.576081279604199,-0.1646408569616045,-0.10568347345352941
1320,-0.8239629647226397,-0.8423469858110667,-0.018384000170806797,-0.4010741785751503,-0.4289022832899652,0.8314033267739519,-0.29004245329852746,-0.14435059245223597,-1.3279829909294398,-0.5692784688572649,-0.15768647253811657,-0.09315637663310411
1321,-0.8308137268302032,-0.8907541351193499,-0.0599403552794491,-0.3850456106590258,-0.4714881156792436,0.8665816120413403,-0.28105256871772577,-0.12581864326844994,-1.31493974238801,-0.5546913789835466,-0.14467622191941296,-0.07376584641066943
1322,-0.823179977927418,-0.8460460511487851,-0.022866110497983844,-0.39634590287284754,-0.434456062185076,0.8384240267416627,-0.2896373934283591,-0.1371966536687488,-1.3262343343298288,-0.571652725172979,-0.1676847978930092,-0.09146444199193535
1323,-0.821019174619262,-0.8232714222049825,-0.002252281384623852,-0.40783336165909423,-0.4134486845845988,0.8218588425919653,-0.2863028136662005,-0.14245962371117438,-1.3305929470001372,-0.5708262120384215,-0.172713710423673,-0.09676312579533801
1324,-0.8235641675538335,-0.8705641975753126,-0.04700006689237277,-0.3897230944758938,-0.45810717575007825,0.848300144198413,-0.27463972715632556,-0.12427273430740468,-1.3114751672181106,-0.5517870939418648,-0.16042700699879814,-0.08129339160497712
1325,-0.8231139375555894,-0.8517312760124554,-0.02861742231236654,-0.39603659947196995,-0.44054137357191037,0.8357797043971099,-0.2753707856534197,-0.1256522111255556,-1.3153076551920728,-0.5632291901455992,-0.1751607867309882,-0.08976170029102423
1326,-0.8384240267416627,-0.815557878967062,0.022866110497983837,-0.4268340377779537,-0.39634590287284754,0.823179977927418,-0.2743933073374976,-0.1371966536687488,-1.3338563587369512,-0.5792747868567182,-0.190550908390993,-0.10670850944448843
1327,-0.8625642318504276,-0.87066015465237,-0.008095896427697442,-0.4231957371634014,-0.43911545052623463,0.869032097615564,-0.26229747496646366,-0.12598893274796324,-1.3223237027212398,-0.5670105656061025,-0.1796451528817074,-0.10206920236529413
1328,-0.8718586044470598,-0.8962467421513562,-0.024388079946842143,-0.42029039084091835,-0.46069588291052294,0.8860437883043977,-0.25855814315409675,-0.12369550698004339,-1.3187726387048602,-0.5688077896993775,-0.17421344097857205,-0.09895436414039752
1329,-0.8661022863554758,-0.8437857730073381,0.02231661238922907,-0.4400276403941755,-0.4104378813553271,0.8489051741299805,-0.2706746216287682,-0.14302657077171108,-1.3388267497133224,-0.5937656225100254,-0.18645990777691,-0.10967779740166583
1330,-0.868912124370152,-0.8612901745162636,0.007622036638512231,-0.434456062185076,-0.4268340377779537,0.8612901745162636,-0.2667712829303753,-0.1371966536687488,-1.3338563587369512,-0.5868968112638405,-0.17530684093843993,-0.09908647571821189
1331,-0.8717825552706149,-0.9055547524256619,-0.033772163379705296,-0.41831312831814466,-0.4702668304164365,0.8895696596595415,-0.2505639737480284,-0.1199789503142712,-1.3163566250123206,-0.5632139003523979,-0.1521576593136722,-0.08159730126864248
1332,-0.8554463657914682,-0.8599665082217868,-0.004520119799964439,-0.4256901946760613,-0.43007017434915973,0.8541443364166436,-0.2631086418691469,-0.1354215329628059,-1.3276253569891208,-0.5762846680943693,-0.1646060822160873,-0.0978647600694775
1333,-0.8438152054499715,-0.8452632355333782,-0.0014480290847802715,-0.4212831409753387,-0.4193547965492781,0.8426320689333178,-0.2741297044396409,-0.14268306339755712,-1.328769973385501,-0.5841932668119233,-0.17387608027594606,-0.10398397505569615
1334,-0.8460460511487851,-0.899400296551875,-0.05335425472224421,-0.39634590287284754,-0.47256625877392133,0.8765342233305082,-0.25914923988494454,-0.12195258621619573,-1.3033682611084618,-0.5564086763587344,-0.15244073044045608,-0.0838423989465046
1335,-0.8348248241237023,-0.8699618048270498,-0.03513693821701831,-0.3969517221874831,-0.4482615549886365,0.8531751075980973,-0.2655940712788884,-0.12380429908861976,-1.3026457277636756,-0.5499192128393339,-0.1574646677321539,-0.09604908300246179
1336,-0.8279775137012958,-0.8193501971428625,0.008627344242484809,-0.41390828357695647,-0.4037561871924808,0.8251185842376716,-0.2865671527335073,-0.1338872788706786,-1.3193458765578518,-0.5646795623919603,-0.18425497466425755,-0.1201520916587733
1337,-0.8437074919565151,-0.8670162162750273,-0.023308743885513336,-0.40663352881586834,-0.44490534803654846,0.859125315575484,-0.2742864943920711,-0.11255157978470706,-1.2995001836292783,-0.5466101502577927,-0.1765928222977595,-0.10705023678467442
1338,-0.8460460511487851,-0.8765342233305082,-0.030488146554048932,-0.4039679645565868,-0.4497001482759375,0.8612901745162636,-0.25914923988494454,-0.09908647571821189,-1.2805020387806274,-0.5335425658607506,-0.1676847978930092,-0.09908647571821189
1339,-0.8308082494613209,-0.8079891862077809,0.02281911863852785,-0.42291013740065,-0.38818789286209887,0.8190522865549061,-0.26599114819939645,-0.10733818348840937,-1.2922064451993933,-0.5525701118575694,-0.18228171861620537,-0.11350407100350138
1340,-0.8373750156922922,-0.8226749058988964,0.014700147502059932,-0.4222973327037432,-0.4008279505858502,0.8299603592388954,-0.2595388793301249,-0.09543357342297082,-1.2885050468843011,-0.5499438534352846,-0.169969938726507,-0.10424401240098886
1341,-0.8451688674642559,-0.8657244448814811,-0.020555518656955943,-0.40849272404542636,-0.43887717460374537,0.8558928682294177,-0.25114179948724463,-0.08344592096845083,-1.2796359204769123,-0.5413649403489096,-0.14842175736678548,-0.08982108834048874
1342,-0.8308019277813067,-0.815557878967062,0.015244073277024468,-0.41921201337083136,-0.39634590287284754,0.823179977927418,-0.2667712829303753,-0.10670850944448843,-1.3033682611084618,-0.5640307007658567,-0.16006275484757843,-0.10670850944448843
1343,-0.8218915854362584,-0.7970208358309971,0.02487069028377907,-0.4194949498429028,-0.38520053787642583,0.8053947431360964,-0.27504653870771767,-0.11874353897267503,-1.3138438691859555,-0.5644256301275268,-0.15976815922929632,-0.107857662223022
1344,-0.8239004249656817,-0.855328469064277,-0.03142806899232737,-0.39262366369399904,-0.44416188209681845,0.8397398317890253,-0.2740706701669209,-0.10337735861533306,-1.3003341547052292,-0.5402566220091866,-0.13779108233070414,-0.07974823487182117
1345,-0.8207244156625214,-0.8474204953509401,-0.026696062887951955,-0.39295655748516595,-0.43618817544154653,0.8379147306987471,-0.28743059876634164,-0.11462186015577494,-1.308142681292661,-0.5462827491838517,-0.14180891226122977,-0.08153450574720689
1346,-0.815557878967062,-0.815557878967062,-1.1931942568556803e-20,-0.4039679645565868,-0.4039679645565868,0.815557878967062,-0.2972594364737899,-0.1371966536687488,-1.3262343343298288,-0.5564086763587344,-0.15244073044045608,-0.09908647571821189
1347,-0.8135957338271826,-0.8650457099438146,-0.05144993952923342,-0.38017316304304816,-0.4538530585741759,0.8417298270823803,-0.29078095874434473,-0.12671999160365685,-1.3157396893700373,-0.5376574671643541,-0.13990694218139285,-0.08806201021386997
1348,-0.8190993394583679,-0.8872295814537532,-0.06813023207915338,-0.3761177815079942,-0.4757763586877927,0.856818582416963,-0.29343729350372877,-0.123042882557901,-1.3062507105893344,-0.5377549912586884,-0.14305762528162844,-0.08583185003644453
1349,-0.8229164796533079,-0.8367124787506364,-0.013796066824320035,-0.4042280375356536,-0.42584522848581374,0.8282322279890564,-0.30982157424517,-0.14378533463342819,-1.3251346403624074,-0.5638477248781928,-0.167067453471818,-0.10487900954890118
1350,-0.823179977927418,-0.8536680755559074,-0.03048814655404894,-0.39634590287284754,-0.4420781238688152,0.8384240267416627,-0.3125034852880345,-0.14481869671417955,-1.3338563587369512,-0.5640307007658567,-0.1676847978930092,-0.10670850944448843
1351,-0.827989265416301,-0.9021931256368472,-0.07420384117059231,-0.3773535959132944,-0.4852442610406535,0.8691880038003734,-0.3089687503855568,-0.1400949980957717,-1.3284133287132895,-0.5576781059389126,-0.1625632807404129,-0.108306672674644
1352,-0.8318753926968647,-0.8660890043854377,-0.034213540322351244,-0.397006115240648,-0.4455978739877659,0.8504093681237397,-0.32470399347504586,-0.15947151391854303,-1.3500307106604814,-0.5826219792472369,-0.1847598084562212,-0.1291980356165094
1353,-0.8284738865982184,-0.8521499302886837,-0.023676023924501674,-0.3980166813934155,-0.43493472724168625,0.8407392434738534,-0.336224677984704,-0.16596801142148837,-1.3632008905113568,-0.5929105070692967,-0.19941381411369394,-0.13651341951104756
1354,-0.823179977927418,-0.9070223209589974,-0.0838423989465046,-0.3658577679677414,-0.49543236927190526,0.868912124370152,-0.32774757137889604,-0.15244073044045608,-1.3491005566576633,-0.5792747868567182,-0.190550908390993,-0.12957461994247227
1355,-0.812192975113915,-0.8850168929021904,-0.07282393946201093,-0.366367451380997,-0.479475862242747,0.8527709097253087,-0.3302723181947909,-0.16112068431942123,-1.3561246733621726,-0.5882944043501519,-0.19380255352733192,-0.13978806725408796
1356,-0.7975685591675878,-0.8284827880060388,-0.030914237096502775,-0.37858566881621647,-0.4288377607943942,0.8166981939913691,-0.3412410420006539,-0.1722685549886348,-1.3686111379354473,-0.5950366516436364,-0.20079535570673568,-0.14524223290035707
1357,-0.7912364744418331,-0.8649791832214664,-0.0737427105382473,-0.3561656107788716,-0.47016254762092613,0.831515563720721,-0.3287859852723785,-0.15049911188327053,-1.3456169094449157,-0.5684122376794389,-0.1828358453716479,-0.11915068657275024
1358,-0.7926918057456951,-0.8841562477376304,-0.09146444199193535,-0.35061368187687986,-0.4878103448647829,0.8384240267416627,-0.32012550969515685,-0.1371966536687488,-1.3338563587369512,-0.5564086763587344,-0.17530684093843993,-0.10670850944448843
1359,-0.7869196988403069,-0.824808051366152,-0.037888404588200766,-0.3717387080551119,-0.4273581832975457,0.8048944508048917,-0.3331908259222535,-0.150242833820117,-1.3470692855199593,-0.5694180991327533,-0.18957342590633547,-0.12085370361273251
1360,-0.7837814192608584,-0.8336947874254714,-0.04991337407515059,-0.3625263463587686,-0.44055880788392976,0.8113167018071777,-0.3289363410324367,-0.14663456268685632,-1.3380457654887112,-0.5652412899960563,-0.18067761610605956,-0.11222272471643424
1361,-0.7973722628246777,-0.8866091834244032,-0.08923691096653757,-0.35040652936833994,-0.48708821529331714,0.8454483368677629,-0.31991051212551436,-0.13602272004789182,-1.3234049405945054,-0.5549150879514684,-0.16570632336252153,-0.097143033323623
1362,-0.8003138301528174,-0.8460460511487851,-0.04573222099596767,-0.37347979237486373,-0.4420781238688152,0.823179977927418,-0.34299165746975757,-0.15244073044045608,-1.3414783831440735,-0.571652725172979,-0.1829288839838707,-0.11433055248991919
1363,-0.7808111130371227,-0.8100877070592185,-0.02927651493284026,-0.3745276307848743,-0.419118936589879,0.7945132726293844,-0.3551783735360448,-0.15838015780776452,-1.3463843429129583,-0.5775594622980292,-0.18912150363629665,-0.1205041346844244
1364,-0.777852526339494,-0.8606605499960446,-0.08280802388887984,-0.34877314467436527,-0.4700344132793249,0.8217282416909767,-0.33692117583688624,-0.138058557458983,-1.3284573995217426,-0.556179165466147,-0.16844466016369256,-0.10005727070239308
1365,-0.785616357609792,-0.8532751782054857,-0.06765886465721417,-0.3577412590214706,-0.4569199557653963,0.8232996744777283,-0.340331025729223,-0.1428845613325094,-1.3406801145152625,-0.562557429253221,-0.17272564542142926,-0.10400791390490013
1366,-0.7774476823782167,-0.8003138301528174,-0.022866110497983844,-0.37347979237486373,-0.411589988963709,0.7926918057456951,-0.3582357062840022,-0.16006275484757843,-1.356722431958318,-0.5792747868567182,-0.1829288839838707,-0.11433055248991919
1367,-0.7689598299920604,-0.834594991830977,-0.06563519962060302,-0.3502824220258174,-0.4476003144041526,0.8061367429397681,-0.3479690637683437,-0.148728284492035,-1.3371040297826273,-0.5609827565372902,-0.1643183583533776,-0.09610187150794222
1368,-0.7719526311709274,-0.8586838007743798,-0.0867311791917196,-0.344125633821099,-0.46919158756179,0.8168532479084324,-0.3409800469124905,-0.14735649000275602,-1.3386332554818101,-0.5609182317625967,-0.1636494124633889,-0.09441166767859895
1369,-0.7799364740611918,-0.803593024055883,-0.023656465746274124,-0.3766276620098228,-0.4150982091784181,0.792042653509335,-0.35466989090719053,-0.1646312861719745,-1.3611531340362106,-0.585213579768914,-0.17774972901456035,-0.10999006710697765
1370,-0.7926918057456951,-0.815557878967062,-0.022866110497983847,-0.381101816781986,-0.41921201337083136,0.8079359291131736,-0.35061368187687986,-0.16006275484757843,-1.356722431958318,-0.5792747868567182,-0.1676847978930092,-0.09908647571821189
1371,-0.7997966686943103,-0.8699357837596066,-0.07013918456923483,-0.3640646747322309,-0.4661267404850194,0.8394056632387601,-0.3449415496419827,-0.15519306046937884,-1.3560148227870497,-0.5728484241460806,-0.16835418069980154,-0.09319066916350731
1372,-0.7961022390159769,-0.8344182558576185,-0.03831597489433548,-0.37905224696810513,-0.43450707475954575,0.8171263553217801,-0.36647693084366834,-0.17430240129080532,-1.3798613995033966,-0.5952151091802137,-0.18878659172622037,-0.11478758561535964
1373,-0.7908752342673832,-0.8110456849801128,-0.020170422404407237,-0.3855990036272241,-0.41592502019423616,0.8002922418099974,-0.36961277365913836,-0.18188532186642822,-1.382886374328919,-0.5981739149258174,-0.18567597826618906,-0.11975431043226856
1374,-0.7926918057456951,-0.868912124370152,-0.07622036522022804,-0.3582357062840022,-0.47256625877392133,0.8308019277813067,-0.35061368187687986,-0.1676847978930092,-1.3643444563654403,-0.5792747868567182,-0.1676847978930092,-0.10670850944448843
1375,-0.7932752513865126,-0.864657147314142,-0.0713819241726426,-0.35753316374450184,-0.46827226724798865,0.8322724821269547,-0.3588558782589879,-0.16935073956710903,-1.365217466880773,-0.5865770120154497,-0.17554164869930922,-0.11540894451472175
1376,-0.7878834937781215,-0.8190664368205508,-0.031182933071435253,-0.37605285574384817,-0.423462557338541,0.8071895662266555,-0.3718436292171085,-0.18488369980966063,-1.3777622388210151,-0.602152639163238,-0.1910705569428992,-0.128506983436952
1377,-0.7835502316119435,-0.8583251430052383,-0.07477493466032464,-0.35486371989704973,-0.46209153230069366,0.825147771380113,-0.3608523432951715,-0.1778232494060243,-1.3638490455374068,-0.5866369203865406,-0.17491291901705985,-0.11634297497169147
1378,-0.7850697813385727,-0.8841562477376304,-0.09908647571821189,-0.34299165746975757,-0.4878103448647829,0.8384240267416627,-0.3582357062840022,-0.1676847978930092,-1.356722431958318,-0.5792747868567182,-0.1676847978930092,-0.11433055248991919
1379,-0.7894944501629411,-0.832001606476028,-0.04250712140442855,-0.3738399286079134,-0.4362503405285348,0.8109561022204124,-0.36590497973129665,-0.17463593674383748,-1.370454948553297,-0.5934768896990568,-0.18827281785159333,-0.12932805816664286
1380,-0.7989606600532588,-0.8388327295919346,-0.03987208725739883,-0.3775452597686282,-0.4405136575270664,0.8208223261799591,-0.3587120746989255,-0.16855959594711786,-1.359759322296363,-0.5835992928496316,-0.1806568292230949,-0.11892343700851205
1381,-0.8107962050245571,-0.884727320884189,-0.07393113374583225,-0.36442224025988174,-0.47799345981962493,0.8512999068021726,-0.3487979697735656,-0.15942913848641355,-1.3481461319313028,-0.5706733683562468,-0.16705723377365683,-0.10542517309691582
1382,-0.815557878967062,-0.8460460511487851,-0.030488146554048936,-0.38872384118910835,-0.434456062185076,0.8308019277813067,-0.3582357062840022,-0.17530684093843993,-1.3719666298790303,-0.5945188729475798,-0.190550908390993,-0.12195258621619573
1383,-0.8189824840574818,-0.8174321903708354,0.0015502341675754676,-0.4057506620423046,-0.40719662677752444,0.8202921647991289,-0.3621399024013478,-0.18030256720791688,-1.3770053516527159,-0.6018120595533718,-0.19723849269885074,-0.12695902898384712
1384,-0.829747330378305,-0.8650896045292761,-0.03534234731424001,-0.3961401682599442,-0.4492680770673638,0.8529877471396405,-0.3485079121318488,-0.16478616427218903,-1.3593940874630603,-0.5771574931513085,-0.17597629438354886,-0.11194391346878518
1385,-0.8268421732888305,-0.8524316055961955,-0.025589380093806558,-0.3997543642702499,-0.43416236078450193,0.8419236944290927,-0.35660305867422515,-0.17436650075169258,-1.3704501660486257,-0.587602587644488,-0.18015469902967524,-0.11980650641886195
1386,-0.815557878967062,-0.8003138301528174,0.015244073277024468,-0.411589988963709,-0.38872384118910835,0.8079359291131736,-0.37347979237486373,-0.190550908390993,-1.3872106786932747,-0.6097629217618243,-0.190550908390993,-0.12957461994247227
1387,-0.8108502615131086,-0.8261549274114737,-0.015304729034524569,-0.39718321497626896,-0.4201881972187877,0.8190107290134638,-0.35761198108706915,-0.1740849317813889,-1.370076515654145,-0.5873629407420321,-0.1686073529653674,-0.11186957079590111
1388,-0.7932733444272205,-0.8260453394728673,-0.03277196365901776,-0.3786364284961862,-0.4296353703576627,0.8074588390988746,-0.34507329253915037,-0.1654216757421799,-1.35826914747011,-0.5758167343996525,-0.15318209721673468,-0.10649438809310743
1389,-0.7707132289753527,-0.7392897615616483,0.031423548624625916,-0.39737858448290375,-0.3538456437010207,0.7513774984878647,-0.35186865383809823,-0.1790728090873932,-1.3645416991133594,-0.5895749226038014,-0.16341352875657444,-0.11574553221894447
1390,-0.762203633563972,-0.7164714125680044,0.04573222099596767,-0.4039679645565868,-0.3353695957860184,0.7393375603426051,-0.3353695957860184,-0.1676847978930092,-1.3491005566576633,-0.571652725172979,-0.15244073044045608,-0.09908647571821189
1391,-0.7507413018919937,-0.7403207712682909,0.010420539796412172,-0.380891131559922,-0.36516330551564047,0.7465091385480158,-0.3126150303024431,-0.14560911592637263,-1.3258740947349712,-0.5479967900606709,-0.1298152790846519,-0.08202690893148042
1392,-0.7402342805931841,-0.6873895316814007,0.05284477230264941,-0.3967138403343659,-0.3158662989233497,0.7112587890545026,-0.31890211796430845,-0.1505353489970054,-1.3310111935204716,-0.555694945169579,-0.138602559390875,-0.09402472052878348
1393,-0.7386323739504969,-0.6567243282414559,0.08190800811817957,-0.4094151289563027,-0.2826100842910916,0.6941763074646436,-0.313774592025983,-0.14766044964523667,-1.3279018697579597,-0.5500401101261013,-0.1418796898584327,-0.09604238035085391
1394,-0.7393375603426051,-0.708849388160882,0.030488146554048932,-0.381101816781986,-0.3353695957860184,0.7240934369751267,-0.28201535038292835,-0.12195258621619573,-1.3033682611084618,-0.5259205414536282,-0.12195258621619573,-0.07622036522022804
1395,-0.7437093112119568,-0.7032720955235612,0.04043723567076268,-0.3908652738141865,-0.33137845764874896,0.7245518021825943,-0.27612806988180993,-0.11745177930579398,-1.3029885411197974,-0.5323277386967011,-0.1286816449285969,-0.07744763800143654
1396,-0.7509118229561379,-0.6634593210987298,0.08745252397698483,-0.41994339510265044,-0.28599389918884477,0.7043470823726834,-0.2896353494809222,-0.12776786318718325,-1.3205452949114558,-0.5522561438866986,-0.14877624596668484,-0.09399466111596451
1397,-0.7552900073744568,-0.7065243371129157,0.04876571274705295,-0.401818412949972,-0.32527085614191703,0.7277872364248951,-0.27312494005604876,-0.1156794122429468,-1.311688946012151,-0.5422779943914533,-0.13862236763405414,-0.08603978270121458
1398,-0.762203633563972,-0.7317155359354828,0.030488146554048936,-0.39634590287284754,-0.35061368187687986,0.7469595847497275,-0.25914923988494454,-0.10670850944448843,-1.3033682611084618,-0.5335425658607506,-0.12957461994247227,-0.07622036522022804
1399,-0.7641350911926192,-0.6754395263426504,0.0886955791904711,-0.42383494511190617,-0.2939849481589197,0.7174660355609036,-0.2767138537125803,-0.11896442199549728,-1.3198552188935628,-0.5459047358373998,-0.14221148346001297,-0.08838004670830407
1400,-0.7529049950202775,-0.6683692555150332,0.08453575323826763,-0.4137263505289177,-0.29124745342448644,0.7053475778931767,-0.280964114615449,-0.11980042625062456,-1.3255237364744779,-0.5437108418637676,-0.14032309788681116,-0.08779481502512332
1401,-0.7453522403814851,-0.6959446522409385,0.04940758352533465,-0.394694570544166,-0.32370031916530345,0.7181718419305692,-0.27401256374485716,-0.1140109058316826,-1.314801080131779,-0.5295408114098076,-0.12583946195785933,-0.07182338510465724
1402,-0.7469595847497275,-0.6402510193903137,0.10670850944448843,-0.4268340377779537,-0.2667712829303753,0.6936053393466374,-0.2972594364737899,-0.12957461994247227,-1.3262343343298288,-0.5335425658607506,-0.12957461994247227,-0.07622036522022804
1403,-0.7367335102728465,-0.5893557802610461,0.14737770088884664,-0.44223332372479446,-0.22045649586285967,0.6629077700110154,-0.31912019821033877,-0.14420724291868584,-1.3362315065037509,-0.5360646817363978,-0.12822998789559395,-0.08090403245965412
1404,-0.7211548503387963,-0.6148981765736711,0.10625669011255745,-0.4135404518690928,-0.2553582394761799,0.6685363567391646,-0.31849697134522625,-0.14278057977841704,-1.3205276654920814,-0.5258862515564008,-0.10639106058020503,-0.061707091008240275
1405,-0.7142730320334476,-0.5906047190597454,0.12366832993071923,-0.41907503619766306,-0.23213091958998272,0.6515313905474045,-0.3371090569466917,-0.14810659484381528,-1.3220372459144847,-0.528721951006413,-0.0999674434316006,-0.05383561562215211
1406,-0.708849388160882,-0.5335425658607506,0.17530684093843993,-0.4420781238688152,-0.17530684093843993,0.6173849834455636,-0.3658577679677414,-0.16006275484757843,-1.3414783831440735,-0.5411645902678729,-0.10670850944448843,-0.060976293108097865
1407,-0.7017127110656708,-0.5624080512542198,0.13930467396856894,-0.4203571142114797,-0.21074108715895654,0.6305057149751232,-0.3667561173976085,-0.1605958028241301,-1.3310029322484265,-0.5363484288627108,-0.09569947575526429,-0.05052934080315637
1408,-0.7002241481559126,-0.5828399989047882,0.11738414585448012,-0.40916934725834214,-0.23289676527116449,0.6432439696431231,-0.37192597111921155,-0.16377124649515992,-1.3241608708407178,-0.5340065470680917,-0.09262314995778675,-0.044054450972321565
1409,-0.7005180726939532,-0.5302361769963178,0.17028187075469814,-0.43472943250000107,-0.180260440470334,0.6137354255023939,-0.39570130066230147,-0.18093367160577473,-1.3498191352918605,-0.5570331714944519,-0.11326164764931013,-0.057966039553745116
1410,-0.7012273637537597,-0.5411645902678729,0.16006275484757843,-0.4268340377779537,-0.190550908390993,0.6173849834455636,-0.39634590287284754,-0.1829288839838707,-1.356722431958318,-0.5640307007658567,-0.10670850944448843,-0.05335425472224421
1411,-0.7058329067934355,-0.5986724298920343,0.10716049071622609,-0.40189534921566594,-0.2421765793935735,0.6516225748452847,-0.39056022079098973,-0.17789711824982724,-1.3448164065418027,-0.5527221705490828,-0.0877158831815783,-0.04204516794903738
1412,-0.7123576479578912,-0.580237178287706,0.13212048591863376,-0.42079033221253714,-0.22220782208604486,0.6462332586831885,-0.41458671090845306,-0.20094011881526974,-1.3649482286182513,-0.573650959452119,-0.1109515699159,-0.06098292331077165
1413,-0.717686371738337,-0.5701910269087842,0.14749537336656895,-0.4323895508894792,-0.21100366757665284,0.6443846659640161,-0.4258843388787104,-0.21218620307434188,-1.3778778397083047,-0.5843031394841284,-0.11720919447868361,-0.06463123207900213
1414,-0.7240934369751267,-0.6326290695364251,0.09146444199193535,-0.4039679645565868,-0.2667712829303753,0.678361215979159,-0.411589988963709,-0.190550908390993,-1.356722431958318,-0.5564086763587344,-0.0838423989465046,-0.03811018261011402
1415,-0.7202623880360328,-0.6347256573123685,0.08553679549931464,-0.3979531634251427,-0.2730922138000024,0.6737038962028535,-0.4195452575282272,-0.18677238323169268,-1.3516759181368898,-0.5515940176761566,-0.08488071887243664,-0.03494075015674496
1416,-0.7057998698296781,-0.5905249587821335,0.11527492348389805,-0.4096672837594973,-0.23883604145543194,0.6466790608227901,-0.4338166561115895,-0.1927860363413807,-1.358474411832343,-0.5569369852292732,-0.09376315510385166,-0.037122160515497236
1417,-0.7004554426027996,-0.6309484108278969,0.06950703147887735,-0.3842123106126183,-0.28008429235789245,0.665011615858213,-0.4200866772119149,-0.17570511759838842,-1.3397372195705262,-0.5299288466330934,-0.06476645202439663,-0.013795076396343389
1418,-0.7012273637537597,-0.6631171671649144,0.03811018261011403,-0.3658577679677414,-0.3125034852880345,0.678361215979159,-0.411589988963709,-0.1676847978930092,-1.3262343343298288,-0.5182984797698891,-0.05335425472224421,9.400384279787636e-19
1419,-0.6893365706644196,-0.6157285428498992,0.07360799394572572,-0.38009870031022625,-0.271724816114327,0.6518137914003761,-0.4191523902140011,-0.1761832720445875,-1.327475032447971,-0.5327161860849685,-0.06821662551887978,-0.006295453805943372
1420,-0.6841080608199197,-0.6353206980555002,0.048787361418355865,-0.36770494241265594,-0.2911731851125955,0.6582780368568003,-0.4094840807549654,-0.16224017056930512,-1.3111525245753444,-0.5202639545434212,-0.05602083081798068,-0.0029829186152232215
1421,-0.698693626450077,-0.7004218171642062,-0.0017281848365958783,-0.3473668841588126,-0.3468893886760091,0.6957296200208924,-0.3926122490334077,-0.13995057829168173,-1.2904273535784907,-0.4989348557158262,-0.03328859299520733,0.011308738661367241
1422,-0.708849388160882,-0.678361215979159,0.030488146554048932,-0.3658577679677414,-0.32012550969515685,0.6936053393466374,-0.4039679645565868,-0.15244073044045608,-1.3033682611084618,-0.5182984797698891,-0.04573222099596767,-1.0256244180920475e-18
1423,-0.7163831899467645,-0.6714689107350209,0.044914301776646064,-0.37653934897686325,-0.3096792727643206,0.6944345414516238,-0.41023915778092424,-0.16449477270739526,-1.3137685459400916,-0.5312958113383622,-0.05721468109507812,-0.017371120027669256
1424,-0.7416405728721989,-0.74646698862537,-0.004826340989837704,-0.3650567188797561,-0.3714369369880989,0.7438574867356771,-0.38580455863078705,-0.14588400880595956,-1.2988851389980363,-0.5095262188414478,-0.04245068054386715,-0.0046858514094937544
1425,-0.754761963234766,-0.7633494924856827,-0.008587499752355945,-0.3688334367923859,-0.3828311008182508,0.7585574747325485,-0.3857755848062667,-0.1515911591518575,-1.3112874992963384,-0.5191790121155325,-0.054525738907969926,-0.017820481176544244
1426,-0.7469595847497275,-0.7393375603426051,0.007622036638512235,-0.37347979237486373,-0.3658577679677414,0.7393375603426051,-0.4039679645565868,-0.17530684093843993,-1.3414783831440735,-0.5487866146749952,-0.0838423989465046,-0.05335425472224421
1427,-0.7549238419192146,-0.7966563442655644,-0.04173245147286174,-0.356002636344458,-0.4200457103402541,0.7737512764398663,-0.38781127819262656,-0.16470117476945323,-1.336023152920653,-0.542818943072518,-0.08392216951006981,-0.04888445282106687
1428,-0.7706769739387177,-0.8446172729678926,-0.07394027654508434,-0.3484100751066479,-0.45678853748196513,0.8111599883428007,-0.37836628397490074,-0.16364835660141966,-1.3374322229505333,-0.5499185038468892,-0.09620396353214773,-0.05361421876756886
1429,-0.7657906951465985,-0.8079961231902413,-0.04220543801631022,-0.3620764522902548,-0.4216337912215248,0.7896965065398931,-0.3921438888287731,-0.19203815093552634,-1.3641384778737866,-0.5798971919277064,-0.13351207844841115,-0.08591278268655986
1430,-0.762203633563972,-0.823179977927418,-0.06097629310809787,-0.35061368187687986,-0.4420781238688152,0.7926918057456951,-0.381101816781986,-0.19817295143642377,-1.3719666298790303,-0.5868968112638405,-0.14481869671417955,-0.09146444199193535
1431,-0.7730299222245274,-0.8864943210406384,-0.11346433603422304,-0.326389520663452,-0.5008077666740108,0.8322868877082525,-0.36448125518048763,-0.19428167206815286,-1.3728400126158589,-0.5942346870990942,-0.14633961375467508,-0.09283752305367166
1432,-0.7811248811376609,-0.8708717663093025,-0.08974690558952696,-0.34338534487177685,-0.4780872042244682,0.8310031367819191,-0.37289352477573706,-0.2093923687538513,-1.39319402497858,-0.6174019062705878,-0.16826424385276692,-0.11439505370546449
1433,-0.7871195460504326,-0.8594192525901695,-0.0722997242634873,-0.35759483034672684,-0.4617309437821853,0.8259770329893006,-0.36765339634306526,-0.20969327519446668,-1.4001125815297544,-0.623191230301423,-0.17225632458573295,-0.12049174473648479
1434,-0.8003138301528174,-0.9222664443264759,-0.12195258621619573,-0.3353695957860184,-0.5182984797698891,0.8612901745162636,-0.34299165746975757,-0.190550908390993,-1.3872106786932747,-0.6097629217618243,-0.15244073044045608,-0.10670850944448843
1435,-0.8115378402963912,-0.9243243620011816,-0.11278651779577452,-0.34423203576733924,-0.514927504885696,0.867541966007759,-0.33935773724578705,-0.19277807142669878,-1.3888984817374148,-0.6109849913749644,-0.15445680411444015,-0.10913246257438938
1436,-0.822155026381945,-0.8802301270018936,-0.05807508123633808,-0.38138061395993283,-0.4649669256152018,0.852802547599594,-0.34664705455021827,-0.20414193880987924,-1.399331972090215,-0.6272640873653118,-0.1664108886923474,-0.12075869541368815
1437,-0.833456090573613,-0.9202036149856063,-0.08674748736155909,-0.37247669288802654,-0.5003425189997875,0.8814677428634043,-0.33904336403795693,-0.19203191202343942,-1.387860522626919,-0.6179703409763673,-0.15367692071045422,-0.10759881719921509
1438,-0.8384240267416627,-0.952754541954965,-0.11433055248991919,-0.3582357062840022,-0.5335425658607506,0.899400296551875,-0.3353695957860184,-0.1829288839838707,-1.3795886542861524,-0.6021408973547021,-0.14481869671417955,-0.09908647571821189
1439,-0.8375525485479796,-0.9065380659159554,-0.06898556513470051,-0.3829806663539891,-0.4885596754106591,0.8723787270551574,-0.34657341847882056,-0.19491697300355,-1.391083491738157,-0.6133041664479167,-0.16184027833352752,-0.1176350791439143
1440,-0.8400374052670292,-0.9184360336231379,-0.0783986013008631,-0.3819949421858394,-0.4960445613835349,0.8805833336714046,-0.3512158058394132,-0.19492270954964708,-1.387444946350551,-0.6115840613540378,-0.16947234364919878,-0.11843927723851122
1441,-0.8484037543434088,-0.9706182507132476,-0.12221446808778845,-0.3620376852382371,-0.5428280727625443,0.914105604709468,-0.337433974526232,-0.17772459339701735,-1.3640539498353066,-0.5869696956165235,-0.15513310326205337,-0.10324159669685147
1442,-0.8536680755559074,-0.9375104931407205,-0.0838423989465046,-0.381101816781986,-0.5106764180861498,0.899400296551875,-0.3353695957860184,-0.1829288839838707,-1.3719666298790303,-0.5945188729475798,-0.16006275484757843,-0.11433055248991919
1443,-0.8522982675004215,-0.9099179145748568,-0.0576195998549279,-0.3930245681838465,-0.484847960800161,0.8842919806617976,-0.34441220157598457,-0.19407040455182797,-1.3890715142155965,-0.6072573075550528,-0.17611289140308867,-0.12490282801119426
1444,-0.8565986549170789,-0.9541008563723437,-0.09750219435669492,-0.377579470779986,-0.5230033302452909,0.9102740162232271,-0.33243259218111226,-0.17529664545585746,-1.3701190997374986,-0.5829045768524531,-0.165106673398271,-0.1127742196146258
1445,-0.8620480323844044,-0.9477790775398836,-0.08573104105200982,-0.38876261934191664,-0.513528410990937,0.9073611601220493,-0.3308141891374069,-0.17053769943669977,-1.3679902414644738,-0.5864858773936968,-0.16327056272532764,-0.12094629933919368
1446,-0.868912124370152,-0.9146444199193535,-0.04573222099596767,-0.411589988963709,-0.4801883204576606,0.8917782721447527,-0.35061368187687986,-0.190550908390993,-1.3948325539939297,-0.6173849834455636,-0.1829288839838707,-0.14481869671417955
1447,-0.8806049085977998,-0.9618941447299079,-0.08128920875976497,-0.39675576484150543,-0.5218944965585824,0.9242172594602143,-0.3470301054711005,-0.18666972684075037,-1.3899408836153522,-0.6068327440465449,-0.17915340685806003,-0.14101517481272835
1448,-0.8849381229506295,-0.9945048787792836,-0.10956681649130563,-0.38299174079338494,-0.5519353888073805,0.9437801199326663,-0.3409920259423604,-0.1839345907390465,-1.389971751324989,-0.6076722548236054,-0.17605947758837465,-0.13805355478481998
1449,-0.8824496190265438,-0.9519164330328471,-0.06946685188617999,-0.4037007606025599,-0.5103001072105957,0.9211858868084668,-0.3557163910659995,-0.205148818453558,-1.4175205003419231,-0.6427221294966656,-0.19787912927155313,-0.15993709721202828
1450,-0.8765342233305082,-0.9603766409153212,-0.0838423989465046,-0.39634590287284754,-0.5182984797698891,0.9222664443264759,-0.3582357062840022,-0.2057949944818545,-1.417698776321764,-0.6402510193903137,-0.19817295143642377,-0.16006275484757843
1451,-0.8635616879931165,-1.0013313321408892,-0.13776962442976629,-0.360687717446348,-0.5646773552413916,0.9328876516442942,-0.3454629810239913,-0.1904910256288751,-1.4006392813551696,-0.6171818245821534,-0.18220345276072744,-0.13899738764073186
1452,-0.8574038013185288,-0.9651194330859986,-0.10771563515754598,-0.3691660155930531,-0.5354233433671213,0.9126949596466845,-0.341480216079728,-0.1980886742978164,-1.4100828772188971,-0.6254480729254213,-0.1921815142204918,-0.14383732231878768
1453,-0.848355872295477,-0.9371070463738557,-0.08875113403431056,-0.37783342297345013,-0.5122761578588034,0.8970853123628153,-0.3422581208356661,-0.20510296647150073,-1.4143301616062784,-0.6299269744887347,-0.1952027867308133,-0.1523508712312209
1454,-0.8308019277813067,-0.9756206897295658,-0.14481869671417955,-0.34299165746975757,-0.5564086763587344,0.9070223209589974,-0.3353695957860184,-0.190550908390993,-1.3948325539939297,-0.6097629217618243,-0.17530684093843993,-0.1371966536687488
1455,-0.8227316857812441,-0.9587912318699688,-0.13605956071920078,-0.33954798841761197,-0.5458204996338123,0.8948095852583229,-0.3328223587052687,-0.18685398385511232,-1.3894356384838265,-0.6050395550105567,-0.17733938309414918,-0.13351324458715116
1456,-0.8221048517110365,-0.9046398996729571,-0.08253508741669892,-0.36837921995523004,-0.4953170334178465,0.8653958807313238,-0.3386594193233258,-0.19496193528760414,-1.399229311569141,-0.6147204141250652,-0.18874110734845861,-0.14224781746889706
1457,-0.8235991225724059,-0.9305971148703647,-0.10699797336156511,-0.35753333026267625,-0.5171644112987548,0.876679285619993,-0.3302585057892411,-0.18549374668334226,-1.3872627177203813,-0.603725607944893,-0.17786899371269008,-0.13225377591718196
1458,-0.8308019277813067,-0.952754541954965,-0.12195258621619573,-0.35061368187687986,-0.5335425658607506,0.8917782721447527,-0.32012550969515685,-0.1829288839838707,-1.3795886542861524,-0.6021408973547021,-0.17530684093843993,-0.12957461994247227
1459,-0.8360712293531145,-0.8987231839051625,-0.06265195033237353,-0.38614238221409125,-0.48012414859877084,0.8672588364107349,-0.3258970077692569,-0.20574565976680645,-1.4004089016168488,-0.6305936560524533,-0.19313814726812814,-0.14863538672410195
1460,-0.841791010997389,-0.8809744514164137,-0.039183442998842605,-0.39955136425427257,-0.45888383573791625,0.861984589875286,-0.32171721577188817,-0.21918625300941968,-1.418470815752382,-0.649294463458089,-0.20310455394996302,-0.15093628399327236
1461,-0.8462984125700769,-0.8853890383663503,-0.03909062308172115,-0.4001287677320212,-0.45760329855404536,0.8647708296000433,-0.30990252419502823,-0.22435541526927683,-1.429651659989592,-0.66179386434433,-0.2098693972000255,-0.14490911723574484
1462,-0.8460460511487851,-0.7926918057456951,0.053354254722244226,-0.4497001482759375,-0.3658577679677414,0.815557878967062,-0.32774757137889604,-0.25914923988494454,-1.4710529471716203,-0.708849388160882,-0.23628312938696067,-0.16006275484757843
1463,-0.845415764414486,-0.6825186677959727,0.1628971001685256,-0.5015836189478329,-0.2565794885905144,0.7628823923955647,-0.34848280124399944,-0.3019686077740706,-1.5192875740810654,-0.7639264195948334,-0.25836225732160806,-0.16529767201578088
1464,-0.8457437164095406,-0.6311145546830299,0.21462915316639464,-0.5258186817058702,-0.20339203294567432,0.7390424387070953,-0.34964101595554575,-0.32980867373714107,-1.55155808839784,-0.8002664427436484,-0.2595252980585641,-0.1487930421275261
1465,-0.8454954043487766,-0.52376243039963,0.3217329527638474,-0.5796917077671235,-0.09876590701361956,0.6845035599966482,-0.38062147734014484,-0.3775918872160171,-1.6067137426214415,-0.8500113676213772,-0.2748185013795225,-0.14665295646063398
1466,-0.8460460511487851,-0.37347979237486373,0.47256625877392133,-0.6554951427577921,0.04573222099596767,0.6097629217618243,-0.434456062185076,-0.4420781238688152,-1.6768480534833254,-0.9070223209589974,-0.2896373934283591,-0.14481869671417955
1467,-0.8460323798045075,-0.3026548552437964,0.5433775484566006,-0.6944746353735733,0.115392553822944,0.5716515986759503,-0.456904712886231,-0.4784961603676083,-1.7081279767693844,-0.9241967269567077,-0.2606073830561896,-0.10835160734567509
1468,-0.843700367588903,-0.23455363003246243,0.6091467390236892,-0.7243839878286735,0.18629770649214114,0.5344124057217674,-0.49118078607578414,-0.5133896825181098,-1.731380456269826,-0.9193021482336104,-0.21606163865373906,-0.06461340726073608
1469,-0.8336028305136438,-0.09554653875909098,0.7380563152097487,-0.7824536068885695,0.3206977268206696,0.4612786726010132,-0.5680072498347359,-0.5796574769847586,-1.7725735556097533,-0.9222445764015618,-0.17509283331753955,-0.03583554341081284
1470,-0.815557878967062,-0.015244073277024468,0.8003138301528174,-0.8079359291131736,0.38872384118910835,0.411589988963709,-0.6478731183506697,-0.6326290695364251,-1.7835565442895054,-0.8917782721447527,-0.09146444199193537,0.022866110497983844
1471,-0.7850181697570452,0.010796952747816179,0.795815073891202,-0.7901473140580444,0.3990617358941067,0.38258552098527765,-0.745132832217472,-0.6670462207675967,-1.7675629139697324,-0.8224850584281601,0.02800880245268542,0.11476831635471031
1472,-0.7291406337806289,0.10233517032913114,0.8314758093779063,-0.7825848844023048,0.4635783029999536,0.3119581940464019,-0.9031054983415459,-0.7369217629645342,-1.7739808342052523,-0.7600463177376465,0.1478078237480069,0.200635871460135
1473,-0.6496272875191988,0.17187666672479068,0.8215040046713624,-0.7388083340702023,0.49252191679248025,0.2386092256136979,-1.0906701445238351,-0.8150751507653525,-1.767515182398863,-0.6731888675674852,0.30123301206565906,0.3073520008098215
1474,-0.5564086763587344,0.12195258621619573,0.678361215979159,-0.6173849834455636,0.39634590287284754,0.21341701888897685,-1.2805020387806274,-0.8612901745162636,-1.722580349032527,-0.5335425658607506,0.5030543936790275,0.4497001482759375
1475,-0.4491023113449978,0.052321506952457145,0.5014237632513028,-0.4782182244973074,0.2758018105037908,0.19364859816463476,-1.4972451641474838,-0.9103174555800475,-1.6801452814028253,-0.3895391661395439,0.7038026899157224,0.578312417673454
1476,-0.3366108863639716,-0.07290349747402536,0.2637073804611092,-0.30188744076490953,0.09746091704171347,0.20335686074041362,-1.7328087646113375,-0.9611731107677446,-1.6368870585442352,-0.2427824917417702,0.9055796958582191,0.6977818336744588
1477,-0.2335123143347495,-0.39350164184268155,-0.15998933394577056,-0.030865308123156257,-0.27235980816051486,0.3136471325957773,-1.9383083216778119,-0.9770589284348462,-1.5664323467707673,-0.07089430001577171,1.1241429589834622,0.8271860253529585
1478,-0.14481869671417955,-0.8308019277813067,-0.6859833149395151,0.2743933073374976,-0.7545816091568497,0.4878103448647829,-2.1189260655222903,-0.9832427141366882,-1.501541193906577,0.0838423989465046,1.3109902855155842,0.9222664443264759
1479,-0.06799475195299501,-1.2883294113298795,-1.220334682546857,0.5754916119484309,-1.2537026337398252,0.6783520128805685,-2.284728038312061,-0.9976120324831367,-1.459239278319528,0.2050166904413932,1.4411010418138108,0.9655692637947416
1480,-0.0063280153624259115,-1.8501925356226712,-1.8438642660377058,0.9218013818060099,-1.846226798265986,0.9277296171520775,-2.4035963942000156,-0.985204848335546,-1.4200069680979368,0.324625549028624,1.5506858222028224,0.9960605377829689
1481,0.035559454894092395,-2.4564661062425506,-2.492025506479319,1.266547699189866,-2.469094622705748,1.2113384274477887,-2.474420809105286,-0.9474671151180527,-1.3825300084341445,0.4250823626692319,1.6418716589439761,1.0174764667272165
1482,0.0685983268343744,-2.9421058943432405,-3.010704412220276,1.5396514650486561,-2.972594290184665,1.4405648495431311,-2.5305162781457002,-0.9222664443264759,-1.3643444563654403,0.47256625877392133,1.6844700778904478,0.9984868375041666
1483,0.0995466900547362,-3.356817575491296,-3.456364148979552,1.7812640806622522,-3.4069718429707097,1.632612566171083,-2.546357719044055,-0.8838514265402454,-1.3395291174455006,0.509220944060089,1.7008441229661244,0.9660512438437301
1484,0.11881458232910302,-3.7570483446259724,-3.875862874735543,1.9994377467864184,-3.813686302309169,1.8229281776970498,-2.5065325633846203,-0.8055536763133522,-1.28899448658896,0.5630102467950548,1.7181966365244734,0.9513122695224532
1485,0.13678120440537128,-4.0094950507427525,-4.146276322299846,2.1417338452907284,-4.075021453894363,1.9400331930915737,-2.46421172603637,-0.7328346709570072,-1.2428389522491943,0.5935169110797879,1.7063835720647842,0.912685863305568
1486,0.15244073044045608,-4.123521764937745,-4.275962253080191,2.2180126810278153,-4.199742009008968,1.9893515014947432,-2.4161856138259306,-0.6707391915720368,-1.2042817947094042,0.6021408973547021,1.669226029076203,0.8612901745162636
1487,0.14950786012699796,-4.235438027018801,-4.3849458141703055,2.2688497949560675,-4.306856268370078,2.0473785238035997,-2.3249865639949068,-0.5887308669715758,-1.1496074558544604,0.6136314503462024,1.6334637363611146,0.8352713571998369
1488,0.13581132875016047,-4.285259317821713,-4.421070847226362,2.2770600781215156,-4.351188407876156,2.0761672413475196,-2.2442101523969433,-0.5299415702723289,-1.1209845449459004,0.5802798847263665,1.560312939981213,0.7793889565340323
1489,0.11274406142714714,-4.200301338043991,-4.313045444418393,2.21366482391836,-4.256299578305553,2.044193852415,-2.1911483971939782,-0.5155282240772747,-1.1476362395136104,0.4804156851668798,1.4319061622431546,0.6848194078808718
1490,0.0685983268343744,-4.115899740530623,-4.184498258407659,2.1265480899294125,-4.146387838159113,2.0274617726368223,-2.1113041902216354,-0.5106764180861498,-1.196659695749048,0.35061368187687986,1.2881242122942171,0.6097629217618243
1491,0.008387240069174334,-4.049986499633932,-4.058374132572771,2.0324992730361084,-4.053082789934172,2.022578494369033,-2.0070594913828823,-0.5179385032381436,-1.2587723648891116,0.19198857831763927,1.1280000252324782,0.530293049243882
1492,-0.06392473990906543,-3.886919699715488,-3.8229950102771806,1.8821251793475633,-3.8542900688045783,1.9734422321461476,-1.905674658957123,-0.5417680819307559,-1.3497421665800684,-0.001255554157216338,0.9368959405059225,0.4192963788512356
1493,-0.1380306121387365,-3.702495005260285,-3.564464296652452,1.7165955207156136,-3.6285712199676285,1.922087609717138,-1.781813985986297,-0.5451641285709273,-1.4327564290871004,-0.18832978044039464,0.7457452535804228,0.32130419743193667
1494,-0.2057949944818545,-3.5823571373932555,-3.376562180188018,1.5853836114913902,-3.475648497480608,1.8978870595028077,-1.6158718582263472,-0.5182984797698891,-1.4862971450923326,-0.34299165746975757,0.571652725172979,0.24390517243239146
1495,-0.26904676985662024,-3.410841758455743,-3.1417948858634808,1.4356907055684407,-3.275527627488301,1.8401817036987707,-1.4406657081089504,-0.4888417347893551,-1.532288317435718,-0.4821513178208424,0.3984004350891346,0.1486072359806886
1496,-0.3273517014301108,-3.196795615857912,-2.869443848014247,1.27297029018969,-3.034062781495935,1.7639630431580569,-1.2773221434093154,-0.4559344123460069,-1.5625077725898686,-0.5993530679474272,0.24221436197610333,0.052930630986780136
1497,-0.3856434711216067,-3.0651860960404838,-2.6795425966684716,1.151404593969868,-2.8711490892196494,1.7290367731694234,-1.092932426703275,-0.3962637673719157,-1.556550017370589,-0.6642479153285461,0.12258983841406526,-0.011952725094828823
1498,-0.4497001482759375,-2.9497282169632983,-2.500027882304276,1.0289749351326558,-2.7210671865366938,1.6997141267046925,-0.9146444199193535,-0.3353695957860184,-1.547273340349311,-0.708849388160882,0.015244073277024466,-0.07622036522022806
1499,-0.5123880681144044,-2.776619677238693,-2.264231630584684,0.8765262149905805,-2.519454564569574,1.6439906548011378,-0.7848176863734517,-0.3042483083184328,-1.5526853044253417,-0.7678424508668359,-0.10053747178675922,-0.15796101542140203
1500,-0.5763344896096458,-2.6605060229528146,-2.084171693449765,0.7538067778127404,-2.3727825780698,1.6188478209571888,-0.6633257817173742,-0.2777098460451594,-1.5489029053481953,-0.8061543691896501,-0.20181033395561046,-0.22271361844651116
1501,-0.6508377307879799,-2.592170426522811,-1.9413327317182139,0.6450503413509167,-2.2667698688145426,1.6213378881342146,-0.5398502182800288,-0.2386053159859147,-1.5349219050043104,-0.8213230202576163,-0.275186459833623,-0.2662890483480399
1502,-0.7317155359354828,-2.4542958849680097,-1.722580349032527,0.49543236927190526,-2.088437967893801,1.5930056358985125,-0.45732220995967676,-0.2210390619344076,-1.5396514650486561,-0.8536680755559074,-0.35061368187687986,-0.32012550969515685
1503,-0.8071852716595616,-2.3171800621642498,-1.509994721957824,0.35460594644693944,-1.9106749115363044,1.5619889116421282,-0.3906828456644681,-0.21883465428463408,-1.5434709273856573,-0.8775758866954388,-0.4255130220382566,-0.3710743983495136
1504,-0.8721679191251414,-2.2550872566784554,-1.38291932498353,0.2581586730232183,-1.814724917799999,1.5651543162599242,-0.3117224883124386,-0.19381780176866753,-1.5219457093415822,-0.8664180555438401,-0.46342252850779486,-0.3929884771484265
1505,-0.9207459699698038,-2.1442324790736875,-1.2234865953988208,0.15034834362685617,-1.6801170176966544,1.5370493992434462,-0.24769098017103017,-0.16949920234574478,-1.5050802597864024,-0.8625398369107645,-0.4919347556539075,-0.41199543387551874
1506,-0.952754541954965,-1.981729477087621,-1.0289749351326558,0.03811018261011402,-1.501541193906577,1.4710529471716203,-0.2057949944818545,-0.16006275484757843,-1.501541193906577,-0.8612901745162636,-0.5259205414536282,-0.434456062185076
1507,-0.9803548320581607,-1.887245365405303,-0.9068905177843528,-0.03343978725957687,-1.3959265609267257,1.4369475929567375,-0.15501123056352914,-0.13308110761481587,-1.4702454467411092,-0.8229570996141282,-0.5251337276964367,-0.43144963876910525
1508,-1.008591062096956,-1.8007290590893184,-0.7921379920439222,-0.1042710436608531,-1.297506576909198,1.4096781406482295,-0.1066319564939171,-0.10559538206682217,-1.4284601807170592,-0.7864635802750626,-0.5089755613307889,-0.4223878808896775
1509,-1.024305011293857,-1.6421700703748434,-0.6178649465839843,-0.19936655639840695,-1.128988958650617,1.3355719106490227,-0.08571803631223207,-0.0955324705545571,-1.4131865152091678,-0.7714535088684378,-0.5125032569131115,-0.4287962165099515
1510,-1.0289749351326558,-1.5320294406415338,-0.5030543936790275,-0.25914923988494454,-1.0137308863184111,1.2805020387806274,-0.060976293108097865,-0.0685983268343744,-1.3872106786932747,-0.7317155359354828,-0.49543236927190526,-0.411589988963709
1511,-1.0294801373317335,-1.477286503058772,-0.4478064025914777,-0.28959551188424426,-0.9582644199794371,1.2567579628047194,-0.02231398048711662,-0.030207619812687242,-1.3365172127825053,-0.6804220953588369,-0.4567263177715291,-0.37315373322383855
1512,-1.0240863855414817,-1.3599868152734873,-0.33590051812491584,-0.34549265311119026,-0.8458835479378974,1.194179175962333,-0.012536760057189903,-0.017741841577204914,-1.315497773270332,-0.6594435500263038,-0.446261836179184,-0.3616192394770773
1513,-1.020387320473982,-1.2549723271550295,-0.23458501449769323,-0.3914463396180733,-0.7454882826450984,1.1377341223760145,-0.012520328060235163,-0.01057080725445695,-1.302361564637363,-0.6365810176745785,-0.43399232396735465,-0.3515445925664302
1514,-1.0213528361722997,-1.2423919167450157,-0.2210390619344076,-0.39634590287284754,-0.7317155359354828,1.1356834259388358,0.007622036638512234,0.015244073277024466,-1.2652581390728501,-0.5945188729475798,-0.39634590287284754,-0.32012550969515685
1515,-1.0152231079266618,-1.1910634859302438,-0.17584038583108025,-0.4188741864226545,-0.6802976067594437,1.1075745714227927,0.012024451479995335,0.030364473775854696,-1.2431776012296885,-0.5728070801034939,-0.3808574863596369,-0.3102500203696786
1516,-1.0115617561585846,-1.0976217614655523,-0.08606001531868263,-0.46299770895940273,-0.5877628878586071,1.0578201550740276,0.0014930110561264278,0.030650153466380864,-1.23464875972869,-0.5651553049109027,-0.3756230288325607,-0.3115325345196363
1517,-1.0124703135615274,-1.08577734434938,-0.07330708130092914,-0.46974300614625325,-0.5757329777362308,1.0532224322437527,0.014980798697499291,0.04467876439814339,-1.2082140170016995,-0.5366753503913516,-0.34702109135489373,-0.28656271074016765
1518,-0.9984868375041666,-1.0823291805357458,-0.0838423989465046,-0.45732220995967676,-0.5792747868567182,1.0442189839469005,0.030488146554048932,0.060976293108097865,-1.1890377458951595,-0.5106764180861498,-0.32774757137889604,-0.2667712829303753
1519,-0.9776334038701071,-1.012942903083622,-0.035309475263466644,-0.4680475250958815,-0.52292902622112,0.998946487780096,0.019626281518832424,0.060994349040407105,-1.1884516235486438,-0.5094379295189784,-0.32874655354635013,-0.27263615670569724
1520,-0.9750188478020972,-1.000849644287854,-0.025830775097047252,-0.470679919850557,-0.5146094019188152,0.9919910782771115,0.01646122678665421,0.06822142338582009,-1.179777594075941,-0.5038341368362863,-0.31573695981461214,-0.2674461906579422
1521,-0.9715182453920033,-1.032691255225694,-0.06117302123447501,-0.4510801976928341,-0.5456264823715025,1.005414696996099,0.03780742373058726,0.09091852906441183,-1.1587518414881006,-0.4787755417651417,-0.28935702929650164,-0.2441307908930333
1522,-0.952754541954965,-0.9832427141366882,-0.030488146554048936,-0.45732220995967676,-0.5030543936790275,0.9679985907692097,0.038110182610114014,0.09146444199193535,-1.1585495737134364,-0.47256625877392133,-0.2896373934283591,-0.24390517243239146
1523,-0.9431647077134918,-0.9368849614221086,0.00627975991954057,-0.474427641944497,-0.4641424576961014,0.938806521725055,0.026624985527073743,0.08087111119398091,-1.1623154305432768,-0.47696047727968877,-0.295060623270917,-0.24908027769703273
1524,-0.9468543647449036,-0.9743458239585301,-0.027491467884656416,-0.4578885632227341,-0.5019455131496665,0.9639220915320063,0.04804232891373089,0.09756588128567563,-1.142250781967626,-0.4541407143943916,-0.27207500492649045,-0.22693060144351967
1525,-0.9411991029201745,-0.9695714562157263,-0.02837232528217374,-0.4527653641303689,-0.49799240069089673,0.9576580378015527,0.061044653134153984,0.10582378683117072,-1.136274305228298,-0.4414033779613579,-0.27121863891685516,-0.22505510346565744
1526,-0.9375104931407205,-0.9146444199193535,0.022866110497983837,-0.4801883204576606,-0.4420781238688152,0.9222664443264759,0.05335425472224421,0.09908647571821189,-1.143305450345958,-0.4497001482759375,-0.2896373934283591,-0.24390517243239146
1527,-0.9480449530288658,-0.9339364637419263,0.014108496779111895,-0.4791711490829845,-0.4556919674073409,0.9392723615875015,0.07439494191467808,0.12058682217238208,-1.1200807368211276,-0.43327458096126226,-0.27318071817179035,-0.2284405390084745
1528,-0.9546554293663214,-0.9661074072459612,-0.011451975887238751,-0.46568930498204214,-0.48559309297327574,0.9619757322341747,0.08941468034944137,0.1344370236165214,-1.10812682633492,-0.42539489012762566,-0.2666058643546765,-0.21891873318400396
1529,-0.9503040087532371,-0.9149156235826251,0.03538841998807669,-0.49092951533705403,-0.4353660203933368,0.9313006732220596,0.06818677224524235,0.1145083664973712,-1.1248872680351707,-0.4502770369422418,-0.28872635775246636,-0.24575801062827876
1530,-0.952754541954965,-0.899400296551875,0.05335425472224421,-0.5030543936790275,-0.41921201337083136,0.9222664443264759,0.0685983268343744,0.11433055248991919,-1.120439377124591,-0.4497001482759375,-0.2896373934283591,-0.25152719683951374
1531,-0.9589605792090423,-0.9476187433259846,0.011341776288913212,-0.481533706997162,-0.46795069982554777,0.9493562166460113,0.08976122314262382,0.12972872669964033,-1.1041137331922999,-0.4274437476153959,-0.2853847648733847,-0.24081685124871482
1532,-0.9570435661545351,-0.9291949497877239,0.02784858646210042,-0.49058802195384,-0.4488348360200905,0.9394764860623296,0.08581573810685307,0.12224414183361253,-1.1104337439988163,-0.4349838234185395,-0.3006009492537493,-0.2577661734298782
1533,-0.9493424576791408,-0.8956263591826018,0.053716115550343425,-0.5013016265355623,-0.417241568800951,0.9185077772514482,0.08845069985516907,0.1282326665719078,-1.107313331617771,-0.43941209548484716,-0.3020577546511829,-0.2643516782256483
1534,-0.9451325175478427,-0.9375104931407205,0.007622036638512233,-0.47256625877392133,-0.4649442343667991,0.9375104931407205,0.11433055248991919,0.16006275484757843,-1.0823291805357458,-0.41921201337083136,-0.2896373934283591,-0.24390517243239146
1535,-0.9441522034477728,-0.9397066480728944,0.004445588146177034,-0.4700739673622079,-0.4683474465051226,0.9384783516260509,0.11776609111029224,0.16908991501119042,-1.0722993327668284,-0.416088105206529,-0.29351609497548803,-0.24557122803178763
1536,-0.9444478723182583,-0.8876533652561264,0.05679453403235036,-0.496968707857423,-0.41458461945377495,0.9114182109996374,0.11186080003777145,0.16933221547418112,-1.07458401504244,-0.4197860868973188,-0.3001612694336351,-0.2577714348832124
1537,-0.9441652005363417,-0.9055209369977997,0.03864427141324231,-0.4880276274031966,-0.4340633762093266,0.9222232393269894,0.12946268305763325,0.19141257595894132,-1.0598195109353146,-0.40609449532946396,-0.29501964538605885,-0.24594428197619772
1538,-0.9451325175478427,-0.9298884687335982,0.015244073277024466,-0.4801883204576606,-0.45732220995967676,0.9375104931407205,0.14481869671417955,0.2057949944818545,-1.0518410829072564,-0.4039679645565868,-0.2972594364737899,-0.24390517243239146
1539,-0.9494019815101715,-0.8804916155390184,0.0689103654850936,-0.5099874485608669,-0.4024145220060476,0.9121341864870353,0.14406563233596184,0.19950699015794962,-1.0635415958314154,-0.41683245639192756,-0.30925036618708707,-0.2581322061733276
1540,-0.9568048322757999,-0.8755274432818354,0.08127733808721506,-0.5168481704699335,-0.394478805652485,0.9118533514209949,0.15249875151992245,0.2018116883832542,-1.0625299207373031,-0.4148822387046109,-0.31238167503274117,-0.2519577713157626
1541,-0.9600179614212218,-0.9144141591096386,0.0456037386638484,-0.49860536132767275,-0.43540473281786274,0.9334857997632531,0.1747825823291765,0.2186976149495998,-1.0458627684346253,-0.3985585189531605,-0.3000226692026004,-0.242977170714426
1542,-0.9603766409153212,-0.8765342233305082,0.0838423989465046,-0.5182984797698891,-0.39634590287284754,0.9146444199193535,0.1829288839838707,0.2210390619344076,-1.0442189839469005,-0.39634590287284754,-0.2972594364737899,-0.25152719683951374
1543,-0.9555459876186283,-0.8330893436323581,0.12245668152130748,-0.5379049065265374,-0.3519070489842955,0.890861857246399,0.1846650938448432,0.21690026511370925,-1.0417143154959578,-0.3949791029348001,-0.30111073310721376,-0.248338396425341
1544,-0.9429809034029333,-0.8615182689901351,0.0814626369015773,-0.5134173543092722,-0.38635713465431853,0.8974843114540433,0.20768617969482897,0.2344230925713448,-1.018858034965108,-0.3681264198171913,-0.28065274020557696,-0.23631633236951977
1545,-0.9357248341848657,-0.8582440327062602,0.0774807491740043,-0.5053440878941391,-0.38621562513640506,0.89457846368011,0.2227437060236939,0.2441222475375851,-1.0013821097012237,-0.3452773684965302,-0.26423072507658596,-0.23753600332845712
1546,-0.9375104931407205,-0.815557878967062,0.12195258621619573,-0.5259205414536282,-0.34299165746975757,0.8765342233305082,0.2210390619344076,0.24390517243239146,-0.9908647385438105,-0.3353695957860184,-0.2667712829303753,-0.23628312938696067
1547,-0.9320711090399716,-0.8323066414822775,0.09976445690966215,-0.5124059307758011,-0.36583862425600866,0.8787024808482362,0.23635047231643405,0.2658398556574608,-0.962085252476425,-0.3076699253066707,-0.2512889187021341,-0.22397213549287878
1548,-0.923919443510191,-0.8494829869503315,0.0744364146816049,-0.4944403148763201,-0.3861797726236862,0.884880374960018,0.25204740801627135,0.28222788173028374,-0.9391099139241653,-0.28326160807499173,-0.2347029794605876,-0.2189536317432378
1549,-0.9210334115011577,-0.792799780022576,0.12823357332819962,-0.5222118312672295,-0.32778136885022824,0.8564683365140713,0.25035874300538885,0.2822262079252882,-0.9366576135335212,-0.2830508031883902,-0.23790349580130604,-0.22165851687727195
1550,-0.9222664443264759,-0.7774476823782167,0.14481869671417955,-0.5335425658607506,-0.3125034852880345,0.8460460511487851,0.25914923988494454,0.2972594364737899,-0.9298884687335982,-0.28201535038292835,-0.23628312938696067,-0.2210390619344076
1551,-0.9225804340311116,-0.8158927919035424,0.10668757538106907,-0.511176501708474,-0.35108098350452116,0.8681617387472547,0.27765942987276765,0.3163565966394704,-0.9161938900134743,-0.27468988478688333,-0.23308190351680297,-0.2200822574538966
1552,-0.915426360176792,-0.7822327622045598,0.1331935799782842,-0.522422958512432,-0.3203371095009301,0.848165496512394,0.28544686466944424,0.32328142957544703,-0.9132760394304539,-0.2771857091926908,-0.24749639438777266,-0.2240420155007799
1553,-0.9021102439585277,-0.7426236155646949,0.15948665794168582,-0.5304156795848405,-0.2883144402568675,0.8174272741006783,0.29401169660973125,0.3313421614800057,-0.912431865604451,-0.28240381054066444,-0.2617778763655866,-0.230087637076658
1554,-0.899400296551875,-0.7850697813385727,0.11433055248991919,-0.5030543936790275,-0.3353695957860184,0.8384240267416627,0.32012550969515685,0.35061368187687986,-0.899400296551875,-0.2743933073374976,-0.25914923988494454,-0.22866110497983838
1555,-0.9005197101020959,-0.7826868135998373,0.11783290730232475,-0.5079746500974037,-0.3336371881617673,0.840935750389576,0.340557390313139,0.3688460591772421,-0.8854349084745463,-0.2662196843349599,-0.261733817879734,-0.22620602377595767
1556,-0.8926416414502258,-0.7222587561842415,0.17038283898466683,-0.5310977184777775,-0.27268458285801606,0.8081161968887457,0.3457919958499346,0.38193561668514797,-0.8791488371565038,-0.2669357831074607,-0.27530075698479467,-0.23487092716211136
1557,-0.8927172962765978,-0.7386336500034949,0.15408363433563127,-0.5182122085431843,-0.28962975317739587,0.8147797891175874,0.36803776530540033,0.40493403975935544,-0.8597997504062305,-0.2516147603625922,-0.2696261318307835,-0.23366289474334062
1558,-0.899400296551875,-0.7698257325243281,0.12957461994247227,-0.5106764180861498,-0.32012550969515685,0.8308019277813067,0.39634590287284754,0.4268340377779537,-0.8384240267416627,-0.23628312938696067,-0.25914923988494454,-0.22866110497983838
1559,-0.901946825780618,-0.7271266992982,0.17482014233709123,-0.5383361237035477,-0.27268085510855294,0.8105511030834844,0.4061779224546388,0.4317949065435645,-0.832604732338258,-0.243164729164355,-0.2704128892322303,-0.24078695920705742
1560,-0.919694534706262,-0.7238003130572345,0.19589421164624432,-0.5561460425536042,-0.2621702924233262,0.8178836084756713,0.431123053620752,0.4459121024066049,-0.8174910091461429,-0.2330339778098866,-0.27178218915341046,-0.23975460287333358
1561,-0.9291595996618672,-0.7618217305318563,0.16733783721631296,-0.5437953355492611,-0.2967312993242246,0.8421883464147832,0.4666010255530132,0.4726829000236598,-0.7929266723210646,-0.20560729994835883,-0.2534784091555017,-0.2251343517411579
1562,-0.9222664443264759,-0.7240934369751267,0.19817295143642377,-0.5564086763587344,-0.25914923988494454,0.823179977927418,0.47256625877392133,0.4801883204576606,-0.7926918057456951,-0.2057949944818545,-0.25914923988494454,-0.23628312938696067
1563,-0.9270484792985335,-0.6810019241597323,0.2460465612688004,-0.5856413686659335,-0.21657190267228216,0.8049396621044019,0.47848534796677455,0.4815929964947213,-0.7915752344966465,-0.2103757301463008,-0.2705417594491621,-0.24721522935964546
1564,-0.9274119308018653,-0.709252573498319,0.21815935766276667,-0.5736917344647469,-0.24443244116749238,0.815881832494658,0.5079281709297094,0.5044494737715897,-0.7652153482124047,-0.19131688681637934,-0.25120225215602116,-0.2319266264675937
1565,-0.9192073223175091,-0.7047485538624697,0.21445872466001561,-0.5658120392828555,-0.24102830621357696,0.8081128305659285,0.517523908162499,0.5207894502746979,-0.7534411995492964,-0.18255583590576324,-0.24632640030044373,-0.2319145888061046
1566,-0.9146444199193535,-0.6478731183506697,0.2667712829303753,-0.5868968112638405,-0.190550908390993,0.7774476823782167,0.5182984797698891,0.5259205414536282,-0.7545816091568497,-0.1829288839838707,-0.25914923988494454,-0.24390517243239146
1567,-0.9017556086515998,-0.6492426137102283,0.25251298844960296,-0.5732169687479896,-0.19955028263971888,0.7711623159436958,0.546627351194957,0.5476655175321846,-0.7314057081429408,-0.16542921039023326,-0.2471957631392424,-0.23685116323799266
1568,-0.8993096068221607,-0.6752432476958203,0.22406638439329787,-0.5578099029777017,-0.22296222296429052,0.7856112971724507,0.5620825154662975,0.5645938375811119,-0.7181257298981312,-0.15695682699029945,-0.24956565547227197,-0.24483727463351712
1569,-0.9088505634452194,-0.6236797186771301,0.28517087399562135,-0.5933845996133293,-0.16537082311515716,0.7664372897371224,0.5542052346291629,0.5632829853519681,-0.724892108050707,-0.15961650262408628,-0.2727233815214237,-0.26238988288662934
1570,-0.9070223209589974,-0.5868968112638405,0.32012550969515685,-0.6097629217618243,-0.12957461994247227,0.7469595847497275,0.571652725172979,0.5792747868567182,-0.708849388160882,-0.14481869671417955,-0.2667712829303753,-0.25152719683951374
1571,-0.9043857852052406,-0.6155835659081706,0.2888022640009169,-0.592127008595871,-0.15948232178507843,0.7605665981021782,0.5982884997419354,0.6051371300311276,-0.6817997685447748,-0.13034786259563752,-0.2561133382238011,-0.24144803355315902
1572,-0.9095454041102511,-0.5891139296039509,0.32043151498547257,-0.6136337862657801,-0.13074228607300217,0.7468935266452308,0.6008943010468359,0.6095601069221678,-0.677353227878803,-0.1309589023250423,-0.26960222330696637,-0.2526860930021961
1573,-0.9019337048663124,-0.5378433837180838,0.3640903086970127,-0.6325619418310267,-0.08281441835681577,0.7166164226310751,0.6068555496216212,0.6129968746421953,-0.67437137087038,-0.12530825848310548,-0.27130180297570744,-0.2585899606681578
1574,-0.8917782721447527,-0.5564086763587344,0.3353695957860184,-0.6097629217618243,-0.10670850944448843,0.7240934369751267,0.6402510193903137,0.6402510193903137,-0.6478731183506697,-0.09908647571821189,-0.25152719683951374,-0.24390517243239146
1575,-0.8962872523375842,-0.5463886212275139,0.34989865973773104,-0.619012715374878,-0.09733237681504149,0.7189697406230675,0.6582020155724901,0.6564737840170864,-0.6255200906762439,-0.07743453409741743,-0.24758388091577707,-0.2336685559662352
1576,-0.8997747024596808,-0.4848273187592023,0.4149474329638818,-0.6534994722860298,-0.03567277596884748,0.6873082098196215,0.6450542819475877,0.6498989480360287,-0.6250473987288943,-0.076704148037537,-0.25685686869650143,-0.24399653113741598
1577,-0.8991298000515511,-0.4912167538753842,0.407913068220929,-0.6503151839640443,-0.04089639069189367,0.6920200721984155,0.6545515721734106,0.6620943367980013,-0.6081915628138611,-0.05983190294453628,-0.2453580086171822,-0.23916760786389032
1578,-0.9070223209589974,-0.5182984797698891,0.38872384118910835,-0.6478731183506697,-0.060976293108097865,0.708849388160882,0.6707391915720368,0.678361215979159,-0.5868968112638405,-0.03811018261011402,-0.23628312938696067,-0.22866110497983838
1579,-0.9084679368818596,-0.47311941522910156,0.4353485581904362,-0.6723331704214558,-0.014155112949039194,0.6862105478452218,0.6524127066590419,0.6661172700296487,-0.5923520958203593,-0.04427374463110549,-0.24889625612076255,-0.24100644068403476
1580,-0.9010455705783946,-0.4510218303412266,0.45002375331472416,-0.6751152858543272,0.0006821432648363775,0.6745635327344711,0.6507850896787748,0.6660476430465513,-0.5865787361293614,-0.03796280795933148,-0.24681259667364963,-0.23883797772137683
1581,-0.8987221015128611,-0.4791794566776072,0.41954265427528775,-0.6594020977877829,-0.029585397627649765,0.689078833314616,0.6648800365149355,0.6819308898100612,-0.5658794843651378,-0.017442123381487897,-0.23283149650055418,-0.22647384281067517
1582,-0.899400296551875,-0.4420781238688152,0.45732220995967676,-0.678361215979159,0.007622036638512231,0.6707391915720368,0.6478731183506697,0.678361215979159,-0.571652725172979,-0.015244073277024466,-0.23628312938696067,-0.23628312938696067
1583,-0.8935513812941189,-0.38741515181264896,0.5061362068726143,-0.6972009535166835,0.05573937851671772,0.6409224630898187,0.6362631402902232,0.6748660519902943,-0.5716696954813764,-0.006846962918611051,-0.22941526688330888,-0.23475551909308512
1584,-0.8866761951629716,-0.41044511317487087,0.47623105448115854,-0.6762938288409494,0.031094183923640183,0.6465768015001211,0.6490867933648702,0.6848898593032583,-0.5426941981480065,0.013943613983965783,-0.2034592961849689,-0.21610875527958803
1585,-0.8817918729011119,-0.4077311325558881,0.4740607445553201,-0.675582074720823,0.03278515323697827,0.6406311356360346,0.6409812726778724,0.6824313893951073,-0.5350726539036089,0.02530267670141854,-0.20051287438611154,-0.21557479011249253
1586,-0.8765342233305082,-0.35061368187687986,0.5259205414536282,-0.7012273637537597,0.0838423989465046,0.6097629217618243,0.6173849834455636,0.6707391915720368,-0.5487866146749952,0.030488146554048925,-0.2057949944818545,-0.2210390619344076
1587,-0.8703380638292828,-0.35878557702693303,0.5115525211296262,-0.6877295584484932,0.07489779842120904,0.6104389519107155,0.6152006754138812,0.6741429980592653,-0.5337887103995368,0.04117723463322348,-0.18332421396271878,-0.2049648339625001
1588,-0.862142143642662,-0.38231993824222316,0.47982222059811896,-0.6684068306861526,0.050003751508853396,0.6203293431519253,0.6127867513230036,0.6801177576238311,-0.5174888444824274,0.05227966493263915,-0.16934691354539785,-0.19182060788838062
1589,-0.8473334717314853,-0.3273660771060647,0.5199674057324354,-0.6843881985180201,0.09529749297350067,0.5873781763404401,0.5824958825352018,0.6629190383271405,-0.5314749749156191,0.05300487634757416,-0.17787837163901327,-0.20247004568295468
1590,-0.8308019277813067,-0.30488146088091217,0.5259205414536282,-0.678361215979159,0.10670850944448843,0.5640307007658567,0.5640307007658567,0.6554951427577921,-0.5335425658607506,0.060976293108097865,-0.1676847978930092,-0.19817295143642377
1591,-0.8183053618471768,-0.34612859506776034,0.4721768211140085,-0.6449535653592111,0.0583682534035987,0.5771405633853667,0.566961129964107,0.6696913666907875,-0.5133583067125709,0.08028717384368966,-0.1425420351877557,-0.17210262925031472
1592,-0.8057110629209894,-0.33057704283246914,0.4751340357351072,-0.6407056087182418,0.07115666766384826,0.5674135006242425,0.5444152960166145,0.6584101025996829,-0.5145585729295536,0.08390007791136617,-0.13254272329594546,-0.16972251983844044
1593,-0.784325252713918,-0.30336600268151637,0.48095923813981206,-0.632507584527856,0.08814453458155438,0.5430429570332204,0.5075785643648981,0.6336936050282003,-0.5281261005215803,0.08778027049678916,-0.1252975811934724,-0.17323340598108514
1594,-0.7698257325243281,-0.35061368187687986,0.41921201337083136,-0.5945188729475798,0.030488146554048936,0.5564086763587344,0.49543236927190526,0.6326290695364251,-0.5182984797698891,0.11433055248991919,-0.09908647571821189,-0.14481869671417955
1595,-0.7690930979849888,-0.3641092854960515,0.40498378353702236,-0.5870833251199571,0.016695588682565432,0.5628364142445488,0.4730310950496536,0.615670051300803,-0.5169798962451627,0.1254211392883554,-0.07747203203161192,-0.12676677899498276
1596,-0.7679723312508934,-0.3241256700973686,0.44384659014140354,-0.6059071099818907,0.05534069587158154,0.5416857706670641,0.4211836782960903,0.5723450229908765,-0.5445974808711651,0.11508632880856941,-0.0765800201535702,-0.13679779061719693
1597,-0.7713516242842919,-0.35412886958472656,0.4172227032179828,-0.5942430946645447,0.029013150883407043,0.5600039014506711,0.38949051347912167,0.5537815910640654,-0.5422576404979402,0.13075736759512258,-0.05949149326913774,-0.11908913748149344
1598,-0.7774476823782167,-0.39634590287284754,0.381101816781986,-0.5792747868567182,-0.007622036638512234,0.5868968112638405,0.37347979237486373,0.5487866146749952,-0.5259205414536282,0.15244073044045608,-0.030488146554048932,-0.09146444199193535
1599,-0.7711302978844475,-0.3604807905294944,0.41064949818460567,-0.591184007322859,0.021580607171600014,0.5628877931158699,0.3339771210520257,0.5202422121292096,-0.547646008977477,0.14616765146385766,-0.023691320707571982,-0.0973413503491253
1600,-0.7686957257737472,-0.36199610191968873,0.406699574220788,-0.5860905258115956,0.021524025781129125,0.5623181874316325,0.30046122587117796,0.4990773777827204,-0.5580677796383946,0.15299586784457742,-0.014487377842020345,-0.08917707590578411
1601,-0.767397228905832,-0.4197451720967843,0.3476520850601831,-0.5529428341714733,-0.030988025343043353,0.5947151086807927,0.28243507668044426,0.49086399484492776,-0.5461597902186168,0.17105828615737917,0.005871093285237539,-0.0604724966036225
1602,-0.7545816091568497,-0.4039679645565868,0.35061368187687986,-0.5487866146749952,-0.022866110497983837,0.5792747868567182,0.24390517243239146,0.45732220995967676,-0.571652725172979,0.15244073044045608,0.007622036638512234,-0.060976293108097865
1603,-0.7416773639233116,-0.3712343105408556,0.3704430275942649,-0.5555694054883957,0.0031139376746360573,0.553101028788142,0.20015513761583936,0.41814822095803533,-0.6053724855788027,0.1297870324191581,0.009504618426734784,-0.07007479546931676
1604,-0.7336473547074387,-0.42112986659080887,0.31251744785688207,-0.5220741147307971,-0.051410576340586975,0.5734859054386544,0.1760594463013666,0.40460657109462994,-0.6097734511718926,0.1339598272715308,0.029926840911610533,-0.06059631241212616
1605,-0.7309288399682852,-0.4484898841240154,0.2824389169388675,-0.5017037103431392,-0.08424695930692631,0.5858751361551847,0.14914864896011543,0.38814034194860064,-0.625314519309647,0.1221469902190426,0.038460899213626554,-0.05105596767881842
1606,-0.7317155359354828,-0.41921201337083136,0.3125034852880345,-0.5182984797698891,-0.0533542547222442,0.571652725172979,0.11433055248991919,0.3582357062840022,-0.6554951427577921,0.09908647571821189,0.03811018261011403,-0.04573222099596767
1607,-0.725790359784962,-0.44946253242217105,0.2763278319242579,-0.5011719186038855,-0.08270590946029152,0.5839247531086232,0.09066798114699624,0.3396761335354151,-0.6663300771517728,0.09952647672895427,0.055323876788211136,-0.0339122406206083
1608,-0.719547057807911,-0.5023331785137809,0.21721390802127638,-0.46612798147739976,-0.14081668368513453,0.60691450645234,0.06467326907767912,0.3206595905996803,-0.6873275731528976,0.08620696370937167,0.06283815265173665,-0.029844103739264608
1609,-0.7135742002095111,-0.48391731463601606,0.22965689908685774,-0.4682192145632868,-0.12693562989528487,0.5951573707428135,0.024530111921317516,0.284195325450025,-0.7297617284747276,0.049568677686311825,0.04877772915631429,-0.04237375447036189
1610,-0.708849388160882,-0.4878103448647829,0.2210390619344076,-0.4649442343667991,-0.12957461994247227,0.5945188729475798,6.1661858120271556e-21,0.25914923988494454,-0.7545816091568497,0.03811018261011403,0.05335425472224421,-0.03811018261011402
1611,-0.7086459763400879,-0.5506740984037971,0.15797189637379971,-0.4335264540973064,-0.1916919726867204,0.6252641655631084,-0.013466323253323802,0.2451231549459757,-0.7679283854855643,0.03255134785076262,0.06908632661474218,-0.017264225989978742
1612,-0.7046921036291565,-0.5617001631052192,0.14299192829892923,-0.4240324009258322,-0.20772930408593251,0.6316507787957117,-0.05012076482421814,0.20975199959199647,-0.8018784055324881,-0.005266846665927362,0.05788508863518012,-0.021629271365413965
1613,-0.6995710436890361,-0.550532638299798,0.14903839166107063,-0.4235491961317518,-0.2011395833583139,0.6248097413557818,-0.0844248162920565,0.173176660546657,-0.841688848915802,-0.03755922309848914,0.04381308489058198,-0.030599289925333777
1614,-0.7012273637537597,-0.6021408973547021,0.09908647571821189,-0.39634590287284754,-0.25152719683951374,0.6478731183506697,-0.09146444199193535,0.16006275484757843,-0.8612901745162636,-0.04573222099596767,0.05335425472224421,-0.015244073277024461
1615,-0.7009927153562123,-0.6264841421223011,0.07450859006019223,-0.38385306925776574,-0.27560044294383196,0.6592000477801606,-0.11015271507076649,0.13554090701192062,-0.8843721705751908,-0.07526459667937575,0.047504395578193935,-0.015585961666097423
1616,-0.7000286015118645,-0.5943985546092923,0.10563006715033771,-0.3986646997304544,-0.24519932101987474,0.6443681816927107,-0.14369506313388683,0.09605090777604586,-0.9283165477385414,-0.11910402932419935,0.019417332860098967,-0.03694252029046944
1617,-0.7014678935432317,-0.6188748966829407,0.08259299604101233,-0.3891019897395076,-0.2669907434078438,0.6555742902699147,-0.15201600900938017,0.08254651956419558,-0.9458514086957298,-0.12932439886776445,0.019450472521457804,-0.03345854597201142
1618,-0.708849388160882,-0.6707391915720368,0.03811018261011403,-0.37347979237486373,-0.3125034852880345,0.6859833149395151,-0.15244073044045608,0.07622036522022804,-0.952754541954965,-0.1371966536687488,0.030488146554048932,-0.022866110497983837
1619,-0.7154403560409707,-0.6600037392686576,0.05543663390174466,-0.38534409722696294,-0.3012982771542659,0.6877102259735508,-0.17506562955612923,0.0424766623430932,-0.9920514117666512,-0.1773287867095921,0.008971798408688319,-0.039467070025108394
1620,-0.7165625584576031,-0.6705707877554962,0.04599179018669391,-0.3819874017377744,-0.3117811235659707,0.6914419872290644,-0.18868744747741723,0.016594696662512513,-1.018325278747508,-0.20402505189568917,-0.006912092685482402,-0.04785076223904928
1621,-0.7291398339539163,-0.7367950194880626,-0.007655173136975321,-0.35948795254374805,-0.36696137743891555,0.7294950341165298,-0.18000022357235412,0.014371364271791025,-1.0241812477648553,-0.20772034190047803,0.0035437884159410515,-0.0332938664289522
1622,-0.7393375603426051,-0.7393375603426051,-5.665967779954742e-19,-0.3658577679677414,-0.3658577679677414,0.7393375603426051,-0.190550908390993,-0.007622036638512234,-1.0594630327611452,-0.23628312938696067,-0.007622036638512233,-0.03811018261011403
1623,-0.7310138570203363,-0.7085554099043201,0.02245839972183461,-0.37625255610423736,-0.3434211288523598,0.7200994508680468,-0.21201976562504807,-0.040675548878441915,-1.0928617724789913,-0.270185342072246,-0.029803646656540173,-0.053336988615428384
1624,-0.7408851687600095,-0.7544515063119719,-0.013566356256090125,-0.36197594636900077,-0.38133913967396316,0.7476071342712208,-0.2078507958273617,-0.04794086853848679,-1.0998661292640801,-0.2748443052444787,-0.023792983420767133,-0.047153977706095654
1625,-0.7565144387508339,-0.7840370205127055,-0.02752254739397808,-0.3608066071174799,-0.4027860351873843,0.7700524118843037,-0.20955018586607935,-0.06102242557038978,-1.1231987908923342,-0.2912691867809433,-0.028384925494489687,-0.04975340902977575
1626,-0.7469595847497275,-0.7469595847497275,5.795893079735845e-19,-0.37347979237486373,-0.37347979237486373,0.7469595847497275,-0.22866110497983838,-0.09146444199193535,-1.1585495737134364,-0.32774757137889604,-0.05335425472224421,-0.0685983268343744
1627,-0.7471425179273056,-0.7691977867844989,-0.02205527434082953,-0.36294757515627163,-0.3926195201650984,0.7614919481741323,-0.2252493030404747,-0.09998112421465946,-1.165352321397043,-0.34119667123010206,-0.05527035567108257,-0.06529621760526991
1628,-0.7694032287514738,-0.8225616207655668,-0.05315832589089821,-0.35807453278209633,-0.43520032944160314,0.7984729873327139,-0.2187132096343059,-0.10185985309328335,-1.171667840167803,-0.3524990493923464,-0.05624296737446444,-0.05856146898063688
1629,-0.7762946892805891,-0.7886671705867581,-0.01237238327817204,-0.3813858803787868,-0.4008813983568469,0.7818119792696165,-0.23510318947597014,-0.12205798061790019,-1.1968963152810532,-0.384491441688939,-0.07498182263815058,-0.07540316662725012
1630,-0.7698257325243281,-0.7698257325243281,-4.151976228840815e-19,-0.381101816781986,-0.381101816781986,0.7698257325243281,-0.24390517243239146,-0.1371966536687488,-1.2119037445632928,-0.4039679645565868,-0.0838423989465046,-0.0838423989465046
1631,-0.7690779719447893,-0.8218559179257102,-0.052778048559150616,-0.3539921206511834,-0.4320783858641433,0.7955126285048953,-0.23689176024519337,-0.14183265609519402,-1.2149878599932253,-0.40767216190129374,-0.0877125219247101,-0.0760140291436552
1632,-0.7665126244874145,-0.8138296016953478,-0.0473170104171681,-0.35591898339528283,-0.4300045277666176,0.7913807328857676,-0.24117059327223148,-0.1550137544806145,-1.2318315971992428,-0.42511300978503264,-0.10254198841292189,-0.08514824922455351
1633,-0.7592543918859014,-0.7807825825851665,-0.02152813732504805,-0.36545468041861495,-0.4002365075527193,0.774868233767585,-0.25510028688440145,-0.17245272837328218,-1.25563691471401,-0.4477148890549301,-0.11792897937563201,-0.10348825768225658
1634,-0.7545816091568497,-0.823179977927418,-0.0685983268343744,-0.34299165746975757,-0.4420781238688152,0.7926918057456951,-0.25152719683951374,-0.17530684093843993,-1.2576359655592604,-0.4497001482759375,-0.11433055248991919,-0.09908647571821189
1635,-0.7480191682782071,-0.8360586836457712,-0.0880394825924932,-0.33099892882333726,-0.4607382942961121,0.7922142905311546,-0.24690588214708595,-0.17783038907318585,-1.256821838887285,-0.45561978627311295,-0.11427482366362361,-0.09914779283316066
1636,-0.7449125277664813,-0.7951417863560357,-0.05022925165504458,-0.3446652300389,-0.42390710824195815,0.7716091228828205,-0.26390547243663237,-0.19467256116066115,-1.2847547239643347,-0.48585136255467276,-0.1424407640006765,-0.12467183727919488
1637,-0.7475662380111713,-0.8145002210669765,-0.06693399256697055,-0.33697058211191544,-0.4396004264985248,0.7854370566806329,-0.26170985418697934,-0.19494281297256721,-1.2922534062710946,-0.49267155397573176,-0.15004598338896005,-0.12457664822531497
1638,-0.7545816091568497,-0.8536680755559074,-0.09908647571821189,-0.32774757137889604,-0.47256625877392133,0.8079359291131736,-0.24390517243239146,-0.1829288839838707,-1.2805020387806274,-0.4801883204576606,-0.1371966536687488,-0.10670850944448843
1639,-0.7656179540576968,-0.8309257056871664,-0.06530777418794849,-0.35083377318108877,-0.4439272312230045,0.8017920577858844,-0.25408804109451183,-0.19330999360517265,-1.3013207983255723,-0.49563611388790996,-0.1534274173019212,-0.12238698407231698
1640,-0.773788211238555,-0.8289679429986351,-0.055179683633749775,-0.35735939693872243,-0.4398625594362263,0.8055611443969578,-0.2577506711956858,-0.19749437611178575,-1.3117499261845602,-0.505893425263775,-0.1599217402029524,-0.13053713680414777
1641,-0.7789175891750015,-0.873887369811912,-0.09496968746099656,-0.33755263105053196,-0.4852727391027895,0.8299386168401358,-0.23694493021506988,-0.17437700986265445,-1.2859092237687928,-0.4890572749654527,-0.13736325964298118,-0.10519093299143084
1642,-0.7926918057456951,-0.8612901745162636,-0.0685983268343744,-0.3582357062840022,-0.4649442343667991,0.8308019277813067,-0.23628312938696067,-0.1676847978930092,-1.2881242122942171,-0.4878103448647829,-0.1371966536687488,-0.09908647571821189
1643,-0.8102845021115053,-0.8299561292559694,-0.019671589637886518,-0.39461002678119605,-0.42130154010055765,0.8244324325359398,-0.24539688525222775,-0.18117081362130866,-1.3046359414623885,-0.4962202307389464,-0.14690652866286127,-0.10822892858694423
1644,-0.8204201283910334,-0.8741910274161813,-0.05377089248527062,-0.38362639887697636,-0.46159315235211495,0.8491630716405668,-0.23450520785346834,-0.17905308306928797,-1.2859546387130891,-0.4867808735225148,-0.1346368165935714,-0.09710505541869968
1645,-0.8227547155598594,-0.8953648588230091,-0.07261020805367169,-0.3750713898692321,-0.48473369860959636,0.8586234375970231,-0.22971957533894663,-0.17658359307685526,-1.2704772687969297,-0.47950069699626807,-0.13149523458741774,-0.09311435539368315
1646,-0.823179977927418,-0.8536680755559074,-0.030488146554048932,-0.39634590287284754,-0.4420781238688152,0.8384240267416627,-0.24390517243239146,-0.190550908390993,-1.2805020387806274,-0.4878103448647829,-0.14481869671417955,-0.10670850944448843
1647,-0.827220445269732,-0.871351442325279,-0.04413097026595065,-0.3889023463854798,-0.4548518976192505,0.8494739885065489,-0.2415695190579752,-0.18822303900805543,-1.2704936934992892,-0.4840893575558042,-0.1406000108114924,-0.10275964222507314
1648,-0.8340787128351136,-0.9137052151506404,-0.07962642549874803,-0.3722482601884947,-0.49186745286408035,0.8736599746425797,-0.22886065331079464,-0.17562331940274803,-1.2596512751405573,-0.47622443736806347,-0.1377080122594206,-0.09924627999508082
1649,-0.8247573301333033,-0.8690892328027994,-0.044331880303192135,-0.3875591756879612,-0.4540320585704433,0.847081572430576,-0.244039442437977,-0.19055124388413058,-1.2808211892229822,-0.49652207742816357,-0.1617054034473643,-0.12402636140500914
1650,-0.8079359291131736,-0.8384240267416627,-0.030488146554048936,-0.38872384118910835,-0.434456062185076,0.823179977927418,-0.25914923988494454,-0.2057949944818545,-1.2957462367013395,-0.5106764180861498,-0.17530684093843993,-0.1371966536687488
1651,-0.8058493071935048,-0.8773782140922444,-0.07152895290761896,-0.3671826444991558,-0.4742988074772478,0.8414120224234571,-0.24213102492041408,-0.1937165059834128,-1.2873140400520986,-0.49629573907662805,-0.1673866161073468,-0.12382827567871006
1652,-0.8081183522515522,-0.8664664275237016,-0.05834813381815723,-0.3751407687346533,-0.46310264966449055,0.8376587202259425,-0.23452587093114322,-0.19377117881068662,-1.2955214466327247,-0.5062297255311701,-0.1770397040147314,-0.1292121998065339
1653,-0.8076515372569351,-0.8338383793318326,-0.026186868224304275,-0.3900802189910018,-0.42884088353143257,0.8203674245629442,-0.24716009467024974,-0.20993379311199456,-1.3145614145425157,-0.5313511194600254,-0.19355281103936262,-0.15013710178047052
1654,-0.815557878967062,-0.8765342233305082,-0.060976293108097865,-0.37347979237486373,-0.4649442343667991,0.8460460511487851,-0.23628312938696067,-0.2057949944818545,-1.3109902855155842,-0.5259205414536282,-0.1829288839838707,-0.14481869671417955
1655,-0.8217034029046171,-0.8911840965141771,-0.06948068134684302,-0.3716170995817169,-0.479587788109629,0.8595381180399547,-0.21934777111098339,-0.20149691386277513,-1.3053764158758128,-0.525576962915764,-0.17706347908272757,-0.13447481012174067
1656,-0.8247045141993709,-0.8406678701665088,-0.01596336105116891,-0.4025616170752251,-0.42724627095130774,0.8367718712365613,-0.23120882472412385,-0.2169496749138428,-1.3238029469329027,-0.5502547007227158,-0.19861823353318692,-0.14751044176820183
1657,-0.8327989530103587,-0.8505798324998728,-0.017780785088332064,-0.4080582008993717,-0.42955140806919156,0.8455421833630588,-0.23276255871696439,-0.2181420267448762,-1.3326244665612383,-0.5528621889511492,-0.20334681538370974,-0.1499819760415504
1658,-0.8308019277813067,-0.8841562477376304,-0.05335425472224421,-0.38872384118910835,-0.4649442343667991,0.8612901745162636,-0.21341701888897685,-0.2057949944818545,-1.3262343343298288,-0.5411645902678729,-0.190550908390993,-0.1371966536687488
1659,-0.8162503838797244,-0.8441273627056695,-0.027877011904597154,-0.39122787422051936,-0.432542352027867,0.8312008949677216,-0.21642234676583139,-0.21529819146542328,-1.3350798580476175,-0.556140611248196,-0.20011906394839823,-0.146283592735784
1660,-0.8205113206023161,-0.8304441036559058,-0.009932733122008729,-0.4007733513551976,-0.4159454327818438,0.8247197780435718,-0.22094121246680168,-0.22186857965775186,-1.342972832679895,-0.5678530033263696,-0.20802771975440834,-0.15596166591158306
1661,-0.832078612981363,-0.8727816003230957,-0.04070290152529338,-0.39265541988969443,-0.45351725543594895,0.8528338608799424,-0.19692011486093497,-0.19613778630179796,-1.32681871378074,-0.5491139185982937,-0.19326694317048546,-0.13804227833764451
1662,-0.823179977927418,-0.8536680755559074,-0.030488146554048932,-0.39634590287284754,-0.4420781238688152,0.8384240267416627,-0.19817295143642377,-0.19817295143642377,-1.3338563587369512,-0.5564086763587344,-0.2057949944818545,-0.14481869671417955
1663,-0.8179897960172613,-0.816541992697424,0.00144776273562732,-0.410523896396512,-0.4087459345977889,0.8168609864574072,-0.22164043432358915,-0.22801694594549826,-1.3612315194703364,-0.5853150627690726,-0.23487639559570223,-0.174074380831903
1664,-0.8359790244260706,-0.8544971132285794,-0.018518032512064506,-0.40636988367957405,-0.4332572448918853,0.8460086103103921,-0.2044883287480853,-0.21213580872095067,-1.3524142944405666,-0.5739334518239815,-0.2263518508270482,-0.16250131894108152
1665,-0.8458819370756141,-0.8720624440432168,-0.026180518418002,-0.4059543753330746,-0.4464801441671106,0.8579039357543389,-0.19128537851309108,-0.20016967000595323,-1.3407926020178127,-0.5663061288838142,-0.2254740378795863,-0.15540633909304963
1666,-0.8384240267416627,-0.8308019277813067,0.007622036638512233,-0.41921201337083136,-0.411589988963709,0.8308019277813067,-0.21341701888897685,-0.22866110497983838,-1.3643444563654403,-0.5945188729475798,-0.25152719683951374,-0.1829288839838707
1667,-0.8407955394165577,-0.8428358394719377,-0.002040271884836074,-0.4149914289639094,-0.4189278033358706,0.8404683888199292,-0.20654118470500943,-0.2225691587974173,-1.363777044064849,-0.5936753626312431,-0.2440526225214465,-0.1766921744792811
1668,-0.8530295434291602,-0.883563106682735,-0.030533525620710225,-0.4097987769001826,-0.4553498121213373,0.8695325640145215,-0.18885138991455408,-0.2033898923052063,-1.342684188865511,-0.5779895982762927,-0.22834460327141143,-0.1577237830078575
1669,-0.8501954890136103,-0.8509173869924416,-0.0007219496562226091,-0.4243517022829022,-0.4252152085236622,0.8496971790036274,-0.20573078469876646,-0.22132489146327639,-1.3554154337328639,-0.5938655222898209,-0.24186936336781414,-0.17581769044737822
1670,-0.8460460511487851,-0.8308019277813067,0.015244073277024468,-0.4268340377779537,-0.4039679645565868,0.8384240267416627,-0.21341701888897685,-0.22866110497983838,-1.3643444563654403,-0.6021408973547021,-0.24390517243239146,-0.1829288839838707
1671,-0.8612758297392676,-0.8795456032005062,-0.018269751889454122,-0.4173174125204305,-0.4482030300556151,0.874152746506589,-0.1992868874873474,-0.21436562950254578,-1.3431592035417983,-0.5882075939318311,-0.22997681018166366,-0.16804070067849483
1672,-0.8764649887421276,-0.8852269617404968,-0.008761929472891176,-0.43027896098770335,-0.445482819583364,0.8827017258474577,-0.20449023001954442,-0.21988385704389507,-1.3468941838182216,-0.5902390978512646,-0.2319594291293375,-0.17577498024800728
1673,-0.874647536902916,-0.8551069901942139,0.019540558226684556,-0.44327345833987597,-0.4140646445673654,0.8650145666691536,-0.21373071237024768,-0.22893257754774365,-1.3543458632169716,-0.5917077511956554,-0.23510633231242478,-0.18091465160643305
1674,-0.8841562477376304,-0.8917782721447527,-0.007622036638512234,-0.434456062185076,-0.4497001482759375,0.8917782721447527,-0.19817295143642377,-0.21341701888897685,-1.3338563587369512,-0.571652725172979,-0.2210390619344076,-0.16006275484757843
1675,-0.8993235512500418,-0.9172303190270436,-0.017906777359202975,-0.43646708849009613,-0.46783009373932677,0.9129640117613957,-0.19275729540915626,-0.2079326165299608,-1.3334646301536568,-0.5711349729877122,-0.22151680179843958,-0.16044196148080786
1676,-0.8894997467796705,-0.8742182675613754,0.015281448206259582,-0.45063588590749104,-0.42977866725444575,0.8834753433927443,-0.2105254640489013,-0.22595545177286822,-1.3508353719460942,-0.5936583774291446,-0.24274190622034164,-0.17905151781123435
1677,-0.8846942769637273,-0.8802162066094017,0.004478022393340061,-0.44450737876479407,-0.4368558723158724,0.8820137784203536,-0.20969260806886117,-0.22472715380390237,-1.3426749459075884,-0.588195231384318,-0.2381562403306496,-0.16815104636564163
1678,-0.8917782721447527,-0.9222664443264759,-0.030488146554048932,-0.4268340377779537,-0.47256625877392133,0.9070223209589974,-0.19817295143642377,-0.21341701888897685,-1.3338563587369512,-0.571652725172979,-0.2210390619344076,-0.15244073044045608
1679,-0.8750721790299719,-0.8910009283682956,-0.01592866975608105,-0.42465464397970676,-0.452740037309339,0.8859123353943257,-0.20848000860861604,-0.22414202846116632,-1.344252640587897,-0.5815939044197015,-0.2311089278571341,-0.16331518339345136
1680,-0.8609868447612834,-0.8706535003596465,-0.009666664617597706,-0.42455393185296014,-0.4388686194303226,0.8704762062053301,-0.21465724049467946,-0.22902718607310546,-1.3480198943551271,-0.5875455639680484,-0.23739788020196168,-0.16791316314845217
1681,-0.8598977944068571,-0.9125235879025819,-0.05262585400058806,-0.403515260593444,-0.47854063933945157,0.8891190687207745,-0.2011004352699314,-0.21725250416336897,-1.3367586687773603,-0.5747012916433804,-0.22434113254190824,-0.15647113668167748
1682,-0.8536680755559074,-0.899400296551875,-0.04573222099596767,-0.4039679645565868,-0.47256625877392133,0.8765342233305082,-0.2057949944818545,-0.2210390619344076,-1.3414783831440735,-0.5792747868567182,-0.22866110497983838,-0.16006275484757843
1683,-0.8523335005089773,-0.8526704186241009,-0.0003369093340915301,-0.42679139564316415,-0.4276671426309915,0.8520508158331312,-0.221167560847451,-0.22975063660965556,-1.3503374966262633,-0.5888297014099587,-0.23816578568569582,-0.1686361169912837
1684,-0.8509441126178097,-0.8754286310336591,-0.02448452615244245,-0.4105001779231624,-0.4473208392765179,0.8639336581571235,-0.2122060821607649,-0.22053507820569154,-1.3354703756345152,-0.5742221398707247,-0.22651176205115603,-0.1599586765080531
1685,-0.8430124713192843,-0.8853460828016773,-0.04233360700840815,-0.3972940444208678,-0.46000472304411005,0.8631587283326753,-0.20694935370190443,-0.21196121281469776,-1.3243102065939083,-0.5617469561148033,-0.22182703155469674,-0.15070709237059715
1686,-0.8460460511487851,-0.8384240267416627,0.007622036638512233,-0.4268340377779537,-0.411589988963709,0.8384240267416627,-0.2210390619344076,-0.21341701888897685,-1.3338563587369512,-0.5640307007658567,-0.22866110497983838,-0.15244073044045608
1687,-0.8571093598088741,-0.8446353633079704,0.01247400498554136,-0.43195515433183396,-0.4119116007562592,0.8494113068121034,-0.21313992865894915,-0.20327826087451095,-1.3247035114405772,-0.5532852220166246,-0.21795594221335088,-0.1432207098892742
1688,-0.8654825511982668,-0.8815499398615362,-0.016067404326927978,-0.42161795361543897,-0.4467459786639518,0.8749838352275747,-0.19678541106026926,-0.19414638961774577,-1.3087809560524266,-0.545584217786689,-0.21148145289545883,-0.12949412809346458
1689,-0.868743352828115,-0.853316358899112,0.015427013749413902,-0.4432470174168883,-0.41954239154146045,0.8599290522522947,-0.21440884068248828,-0.21479156838951072,-1.326334533868354,-0.5631388905798801,-0.22634588697210145,-0.14524727496906362
1690,-0.868912124370152,-0.8384240267416627,0.030488146554048932,-0.4497001482759375,-0.4039679645565868,0.8536680755559074,-0.22866110497983838,-0.22866110497983838,-1.3414783831440735,-0.571652725172979,-0.22866110497983838,-0.16006275484757843
1691,-0.8678570860432365,-0.8817441107713436,-0.013886999763904388,-0.42367514743189383,-0.4473618080666896,0.8791825895593735,-0.21526680420620795,-0.21483328336278895,-1.3223384356053343,-0.5581170294301369,-0.21518228443982013,-0.1470329424321869
1692,-0.8688790211652255,-0.8837876123051804,-0.014908505524537574,-0.42288446515723577,-0.4501718582579884,0.8757918800032158,-0.21925603836485483,-0.22192576254689467,-1.3199626520846708,-0.5607155403816704,-0.21594302953018576,-0.15041218221804442
1693,-0.8668012912886612,-0.8551250894718256,0.011676256833491777,-0.4359410324279653,-0.42062813765335,0.8577002342323203,-0.22890490774391645,-0.2392788540039681,-1.3373332357838361,-0.5738379476745697,-0.22056692173631082,-0.16051863047067116
1694,-0.8612901745162636,-0.8841562477376304,-0.022866110497983837,-0.41921201337083136,-0.4497001482759375,0.8765342233305082,-0.21341701888897685,-0.22866110497983838,-1.3338563587369512,-0.5640307007658567,-0.2057949944818545,-0.14481869671417955
1695,-0.8553054393280757,-0.8973893559455531,-0.04208389877825378,-0.40773880597181866,-0.4683983352090871,0.8790602733271833,-0.21345691420420337,-0.22404633601598503,-1.3289799555512913,-0.5580792245081081,-0.20018421499718778,-0.14505279163909232
1696,-0.8459590107967613,-0.8452100475981885,0.0007489465379663307,-0.4203310992749941,-0.4235426732331093,0.8411761907864,-0.2353029935262463,-0.23762037764698157,-1.3412927976535065,-0.5774396057511909,-0.2191320632840626,-0.16459731693340912
1697,-0.8342101418739694,-0.8366614259977563,-0.0024513409065436134,-0.41296388516005833,-0.41833033206588865,0.8336260081423265,-0.23065158810175038,-0.23059068274830505,-1.3350233843218766,-0.572346450839352,-0.21538923428638138,-0.15135637155842066
1698,-0.8308019277813067,-0.868912124370152,-0.03811018261011402,-0.39634590287284754,-0.4497001482759375,0.8536680755559074,-0.21341701888897685,-0.21341701888897685,-1.3186123099227065,-0.5487866146749952,-0.19817295143642377,-0.12957461994247227
1699,-0.8306912422247438,-0.8429473025039534,-0.012256061462951849,-0.40645137221951144,-0.42379855198833966,0.8384132554500998,-0.2223359021109807,-0.21724222578084484,-1.3221371543713474,-0.5524773651345429,-0.21328680801007502,-0.1396135427516847
1700,-0.8286396731774442,-0.8281252090508434,0.0005145139589675983,-0.41028415765149323,-0.4097330524382271,0.8267716199523073,-0.2360594684289222,-0.22395936665112884,-1.3247910685172903,-0.5554585156787645,-0.22685263812986034,-0.14789058192064336
1701,-0.8321137720352325,-0.8780964195342564,-0.04598255044727678,-0.3892214794555253,-0.45887810465575135,0.8565999299107325,-0.235621653791596,-0.21891431393515073,-1.314224701051774,-0.5463392450334051,-0.21739802519019852,-0.14412462041232924
1702,-0.8384240267416627,-0.8765342233305082,-0.03811018261011403,-0.39634590287284754,-0.45732220995967676,0.8612901745162636,-0.24390517243239146,-0.2210390619344076,-1.3186123099227065,-0.5564086763587344,-0.2210390619344076,-0.15244073044045608
1703,-0.8374088172351366,-0.8345575141874539,0.0028513013176251064,-0.41949814387793527,-0.4164559113874677,0.8368187292248586,-0.2576227146308107,-0.23250320616759038,-1.3307407783385936,-0.5697308859430047,-0.2343963582911361,-0.15975737147456265
1704,-0.8426937627466073,-0.8725353311556627,-0.029841580633307056,-0.40532753875417304,-0.45033562323278153,0.8582437899507124,-0.2556721520122095,-0.24085082129010973,-1.3326106009290617,-0.5708262850594199,-0.23387377551825983,-0.15926949434631768
1705,-0.8582766487528817,-0.9089691663569787,-0.050692507378804486,-0.39912507873228564,-0.48056804093786426,0.8888578704142104,-0.25186172392416917,-0.24584479189100839,-1.3348221816321066,-0.5731203752440003,-0.22669709096089408,-0.16121089630465105
1706,-0.868912124370152,-0.8765342233305082,-0.007622036638512231,-0.4268340377779537,-0.4420781238688152,0.8765342233305082,-0.2667712829303753,-0.25914923988494454,-1.3491005566576633,-0.5868968112638405,-0.22866110497983838,-0.1676847978930092
1707,-0.8734279808960499,-0.8887490685509957,-0.015321108547752952,-0.42575767739640774,-0.44826350540972093,0.8806044252463447,-0.27189009036976736,-0.2637526621155438,-1.347156637923015,-0.5909447104077477,-0.22584454909138824,-0.16506341961248502
1708,-0.8809359171694896,-0.9272110795833071,-0.04627522069561859,-0.4127334316434606,-0.4850406151654186,0.907107798111904,-0.2533175586655332,-0.24617733741172676,-1.326147807647886,-0.5744374874797535,-0.2096106424076435,-0.14847050857901142
1709,-0.8827563019219199,-0.8853232901254381,-0.002567022236039794,-0.43723924617874377,-0.44358231371424983,0.886318178245319,-0.25586008213905365,-0.24801671991740504,-1.330045696749215,-0.573982987885798,-0.20681996730057148,-0.14614088464412206
1710,-0.8765342233305082,-0.8536680755559074,0.022866110497983837,-0.4497001482759375,-0.411589988963709,0.8612901745162636,-0.2667712829303753,-0.25914923988494454,-1.3414783831440735,-0.5792747868567182,-0.2057949944818545,-0.14481869671417955
1711,-0.870109396504794,-0.8911407483245566,-0.021031337794849517,-0.42483426469294283,-0.4544136677664507,0.8792118551394202,-0.24874395725855228,-0.24138363213345165,-1.3224177902106753,-0.5602319979367614,-0.18648724757585755,-0.12494929566553226
1712,-0.862247100870581,-0.8848629811869726,-0.022615862851568625,-0.41947553523718145,-0.4554357138339363,0.8742822070097545,-0.24631021246659338,-0.23647962922818383,-1.3202298432393957,-0.5595309372874024,-0.18676218403406178,-0.1272753135550732
1713,-0.8473540730558631,-0.8440363188917483,0.003317755400687853,-0.42558276831487896,-0.41889558426674905,0.8459482321469052,-0.26264830636172737,-0.24417719699413565,-1.3362382940079796,-0.5740070958740644,-0.2008062005603192,-0.137738133778611
1714,-0.8308019277813067,-0.868912124370152,-0.03811018261011402,-0.39634590287284754,-0.4497001482759375,0.8536680755559074,-0.25152719683951374,-0.22866110497983838,-1.3262343343298288,-0.5640307007658567,-0.190550908390993,-0.12195258621619573
1715,-0.8174148322913573,-0.8819896411946913,-0.06457482163668748,-0.37604967123859495,-0.46974284519960474,0.8541214514710838,-0.24530112396503007,-0.22393807738167085,-1.3197315063150075,-0.563909782515454,-0.1854728973488873,-0.1220745867172237
1716,-0.8128683594825347,-0.8321449428341969,-0.019276553016503065,-0.3975794018026376,-0.421180736658514,0.8256973513018568,-0.2656334809872047,-0.23724257199424975,-1.3381721096668455,-0.5857946576336075,-0.2025384762745502,-0.14359403132290122
1717,-0.8166852329150377,-0.8327919161254015,-0.016106627330387403,-0.3992110342316016,-0.42173451260021305,0.8289257853334713,-0.26052275026529975,-0.2317492134021079,-1.3355171548023737,-0.5806585018678283,-0.20232378377764593,-0.14029406364222047
1718,-0.823179977927418,-0.8765342233305082,-0.05335425472224421,-0.381101816781986,-0.4649442343667991,0.8536680755559074,-0.24390517243239146,-0.2210390619344076,-1.3186123099227065,-0.5640307007658567,-0.190550908390993,-0.12957461994247227
1719,-0.8279228579207664,-0.8574445588161271,-0.029521676814589472,-0.3955521399091682,-0.44086181402279817,0.8437663012303567,-0.25973460051956804,-0.23081554111794841,-1.3267376878739943,-0.5741119301024881,-0.20031518561956327,-0.14080749885869617
1720,-0.8362957657175072,-0.8433557257664073,-0.00705989165057334,-0.41008228523069246,-0.42051406054702356,0.8385970550050535,-0.2709964723824862,-0.2425951905121103,-1.3377986080428836,-0.5794275339853358,-0.20990943939035062,-0.1444829419889318
1721,-0.8501630307018959,-0.8942592276378614,-0.04409620322618636,-0.4004436007303628,-0.465818872182872,0.8735767980666459,-0.2652949778553377,-0.24465360584316087,-1.330033746396182,-0.568273428677707,-0.20365389347185847,-0.13473420204194475
1722,-0.8612901745162636,-0.899400296551875,-0.03811018261011403,-0.411589988963709,-0.4649442343667991,0.8841562477376304,-0.2743933073374976,-0.25914923988494454,-1.3414783831440735,-0.5792747868567182,-0.21341701888897685,-0.14481869671417955
1723,-0.8615296285240215,-0.8597697380024352,0.001759870619561476,-0.4284855848323077,-0.4248272279383209,0.8614184522713418,-0.2823245556792991,-0.2743518087078036,-1.3623432122000956,-0.5948399528272794,-0.22902343008890044,-0.15970522362652576
1724,-0.8594381637019826,-0.8877697670567537,-0.028331584988525123,-0.41300257117051103,-0.4548133616881061,0.8744875225017466,-0.27997681678691105,-0.26849310801476467,-1.3551348361802575,-0.5853899943935323,-0.21980158867732885,-0.15521511180743203
1725,-0.8614182140650889,-0.9135545043351254,-0.052136325567643485,-0.4052709525580057,-0.47851560110385544,0.8924169644242074,-0.28414052091630104,-0.26954963567702545,-1.3490541975882153,-0.5792181016812804,-0.21452248432048665,-0.1535750676780343
1726,-0.8612901745162636,-0.868912124370152,-0.007622036638512234,-0.4268340377779537,-0.434456062185076,0.868912124370152,-0.2896373934283591,-0.28201535038292835,-1.3643444563654403,-0.5868968112638405,-0.22866110497983838,-0.16006275484757843
1727,-0.8549251380608968,-0.858047701167194,-0.003122608862251397,-0.42606703609833785,-0.43018357297630067,0.856856945261925,-0.28477747367355855,-0.26795921449800414,-1.3561405428979656,-0.5726268035660325,-0.2212690185681175,-0.1502104554651571
1728,-0.8496020675310294,-0.8811560352672044,-0.0315539536452839,-0.40734882726671134,-0.455060585067748,0.8655050550147575,-0.2768296878483418,-0.2476356241277315,-1.336337028193983,-0.5515395082009518,-0.20174893823204681,-0.13936768532066074
1729,-0.8421838922657933,-0.8403947971295412,0.001789160299572844,-0.41766747590071984,-0.41466563911508497,0.8409746549000539,-0.2731822757832195,-0.2557455313609738,-1.345952470328099,-0.5618073077691176,-0.21127955423765946,-0.14864901413230613
1730,-0.8308019277813067,-0.8003138301528174,0.030488146554048932,-0.4268340377779537,-0.381101816781986,0.815557878967062,-0.2667712829303753,-0.25152719683951374,-1.3491005566576633,-0.5640307007658567,-0.21341701888897685,-0.14481869671417955
1731,-0.8231293005223932,-0.823378970768718,-0.0002497315437330517,-0.40753688297090485,-0.4110221669451398,0.826476620518304,-0.2546063762942879,-0.2244853216891236,-1.3227297686349313,-0.5376034114458486,-0.18744486003669955,-0.12394547081311881
1732,-0.8225719063760312,-0.8208744693039658,0.0016973540439515007,-0.40975750577045694,-0.41036090717922624,0.8246012689015301,-0.24895436338075075,-0.22684231158107374,-1.3207950247610412,-0.5379780106255132,-0.18741077721512528,-0.1285705522124479
1733,-0.8216226518158181,-0.7813277058914146,0.04029495043512834,-0.4317996995826139,-0.36955613456850117,0.8000317015283637,-0.25222968566783915,-0.23559244456286346,-1.3352366427515694,-0.5485709192514447,-0.19854592514616884,-0.13636621124041912
1734,-0.815557878967062,-0.7926918057456951,0.022866110497983833,-0.41921201337083136,-0.381101816781986,0.8003138301528174,-0.24390517243239146,-0.21341701888897685,-1.3186123099227065,-0.5259205414536282,-0.17530684093843993,-0.11433055248991919
1735,-0.8081476190073431,-0.7994016113677415,0.008745995128252639,-0.40531416333695247,-0.39372241650430767,0.799801386995648,-0.22933628699281614,-0.2027975533781095,-1.3006871503681325,-0.5137744644590566,-0.1625977542705367,-0.1078341110058449
1736,-0.8073138372904641,-0.7428906604991996,0.06442309568960616,-0.4315545457286506,-0.34108483959914004,0.7715802239976819,-0.23087191428981704,-0.21083449903822452,-1.3098319613491938,-0.5274605157905398,-0.1809052671733302,-0.12852574805408573
1737,-0.8061875047319373,-0.7288724245627491,0.07731499820060483,-0.43858967696279694,-0.3239834476869278,0.7633866883853363,-0.22314833535596407,-0.19916077500361667,-1.3048299779402603,-0.5193096131401571,-0.17764769052528934,-0.12382668178093678
1738,-0.8003138301528174,-0.762203633563972,0.03811018261011402,-0.41921201337083136,-0.3582357062840022,0.7774476823782167,-0.2057949944818545,-0.1829288839838707,-1.2881242122942171,-0.5030543936790275,-0.16006275484757843,-0.10670850944448843
1739,-0.7938534165178759,-0.7328121379867231,0.06104126930525483,-0.4284125111315551,-0.3357442667822792,0.7626075291444562,-0.21040604148310266,-0.1877230197849103,-1.2963793915754107,-0.513219312618336,-0.16959940676839463,-0.11718916661128863
1740,-0.7877824515752396,-0.7026490683976965,0.08513332204951991,-0.4337243403871113,-0.3066092726582326,0.7454975457476967,-0.21034130332900944,-0.1880325504514208,-1.3054307093795872,-0.516872882912838,-0.17777153793457917,-0.12076722581068094
1741,-0.7840991612749006,-0.7367121138060894,0.04738701763452057,-0.4125564456633516,-0.3413629553877483,0.7604198931446521,-0.1921235968625659,-0.16833135230479304,-1.287819161100241,-0.4951782178688913,-0.16149690386099033,-0.0995165453027948
1742,-0.7926918057456951,-0.7317155359354828,0.06097629310809787,-0.4268340377779537,-0.3353695957860184,0.762203633563972,-0.190550908390993,-0.1676847978930092,-1.2881242122942171,-0.49543236927190526,-0.16006275484757843,-0.09908647571821189
1743,-0.8007771755781495,-0.6825915688110079,0.11818559464785565,-0.45724439170617537,-0.27962921068090124,0.7413303968956987,-0.1979914409575993,-0.18320272107594215,-1.3036514657036524,-0.5111828120152611,-0.16970657783610135,-0.10953179746394566
1744,-0.791943343465068,-0.6915746713055572,0.10036863357748543,-0.4407259419341933,-0.29111496142917104,0.7426534464272228,-0.19561624462166663,-0.17126931045073857,-1.2868746602394867,-0.4980291942689891,-0.15516204905007489,-0.09289451925968936
1745,-0.7828390259678485,-0.7055529880161532,0.07728601515203955,-0.42771657610762337,-0.3103898019467144,0.7428885123707297,-0.2024467290722149,-0.15946719597750253,-1.270427238259713,-0.48759657788785943,-0.14407363409523022,-0.08495227955804663
1746,-0.7850697813385727,-0.6554951427577921,0.12957461994247227,-0.45732220995967676,-0.25914923988494454,0.7164714125680044,-0.2210390619344076,-0.17530684093843993,-1.2881242122942171,-0.5030543936790275,-0.15244073044045608,-0.09908647571821189
1747,-0.7806641998923443,-0.6325579756569326,0.14810621399397916,-0.4640128534863146,-0.24154173976035864,0.7060572036366947,-0.22313403702163878,-0.17418432537995926,-1.2867498732349039,-0.495866569833882,-0.1391611379648989,-0.09087496584814486
1748,-0.7663435871615593,-0.649119748935395,0.11722382337341769,-0.4427501231095291,-0.26491190346146454,0.7062302608495131,-0.22149236753020451,-0.15663910343320378,-1.2673329806278955,-0.4751420762903138,-0.1144968065801774,-0.07444266435963301
1749,-0.7478891708127678,-0.600825553896053,0.14706360141500907,-0.44611822078084057,-0.22214017582512277,0.6704724731429667,-0.24663836770250777,-0.16580035268639257,-1.2792299981241573,-0.486488946806529,-0.1180951056635054,-0.07881731271501566
1750,-0.7393375603426051,-0.5564086763587344,0.1829288839838707,-0.45732220995967676,-0.1829288839838707,0.6478731183506697,-0.2667712829303753,-0.17530684093843993,-1.2957462367013395,-0.49543236927190526,-0.12195258621619573,-0.07622036522022804
1751,-0.7446523054584747,-0.5961092761970708,0.1485430229307743,-0.44610532997809904,-0.22295393610864686,0.6713367446379448,-0.25975025903341487,-0.16203492881467552,-1.2829310109734635,-0.47615081338978615,-0.10361647087977426,-0.05780916842051052
1752,-0.74646267717628,-0.6079705237415444,0.13849214144482241,-0.4408741028453484,-0.23564616916862563,0.6749761265317868,-0.2672338256503654,-0.16526208976755943,-1.282511273492779,-0.47602109042804697,-0.09925531460293964,-0.050887043252614256
1753,-0.7475901868957509,-0.5819594841768736,0.1656306787254611,-0.4528116845538467,-0.2070767615139104,0.660552502923311,-0.2864062877488911,-0.17767577261222034,-1.299139847162463,-0.49026283233329504,-0.10852903343130463,-0.05358260722767787
1754,-0.7545816091568497,-0.625006970576069,0.12957461994247227,-0.4420781238688152,-0.24390517243239146,0.6859833149395151,-0.28201535038292835,-0.17530684093843993,-1.2957462367013395,-0.4801883204576606,-0.09908647571821189,-0.04573222099596767
1755,-0.7545099482211906,-0.6620077809970177,0.09250217872063156,-0.42417991784726744,-0.28106647773245846,0.7049830379448058,-0.2824543051551036,-0.17937637598731795,-1.2904715557785653,-0.474853535090772,-0.09419867693195723,-0.042356397912518065
1756,-0.7538529459332581,-0.6282650179490022,0.12558791557372992,-0.43904806029132715,-0.2468935251840969,0.6861084172053112,-0.30602014082774587,-0.188135663631949,-1.306087572318721,-0.49199970982945507,-0.11148703081558023,-0.05378142896833879
1757,-0.7529025060392918,-0.6370664087435529,0.1158360895433046,-0.43473915969047006,-0.2579284114101114,0.6926732153710216,-0.3096672489876073,-0.19092573765093718,-1.306929639117555,-0.4916174190787185,-0.10980381815078709,-0.048334774098261146
1758,-0.7469595847497275,-0.6859833149395151,0.060976293108097865,-0.4039679645565868,-0.3125034852880345,0.7164714125680044,-0.2972594364737899,-0.190550908390993,-1.2957462367013395,-0.4801883204576606,-0.09146444199193535,-0.030488146554048932
1759,-0.7405950123383427,-0.6672360698121413,0.07335893046687082,-0.4066831356357925,-0.2939803535029967,0.7003588206183773,-0.306815596615506,-0.18928364098651076,-1.3048093627187924,-0.49014691870184507,-0.095469727640944,-0.03429253095087108
1760,-0.7341855627168653,-0.652706287858051,0.08147926741423553,-0.4083542545446248,-0.28264297507816816,0.6917045012882705,-0.31685085975891863,-0.19314435193055912,-1.3118800845116354,-0.49668383884200407,-0.09766700912547761,-0.0394800764156371
1761,-0.730550656320323,-0.7038002130347931,0.02675043410010673,-0.3778866334369846,-0.33961857047339367,0.7166693797176906,-0.30956460624355914,-0.1862507299491631,-1.296563467391967,-0.48199937924345154,-0.07571111923854384,-0.024367406976319374
1762,-0.7317155359354828,-0.708849388160882,0.022866110497983844,-0.37347979237486373,-0.34299165746975757,0.7164714125680044,-0.3125034852880345,-0.17530684093843993,-1.2957462367013395,-0.4801883204576606,-0.0685983268343744,-0.015244073277024466
1763,-0.726069488950354,-0.6648575933620107,0.06121190667549347,-0.3891485964698127,-0.2985477756631747,0.6944524538617579,-0.3207315925028195,-0.17655736700116528,-1.3044925860383574,-0.48859394515941373,-0.07729858328908572,-0.016670834486023946
1764,-0.7207416118523662,-0.6846828704940404,0.0360587607469426,-0.37666443155597407,-0.3202574869776384,0.7019312398845421,-0.3126122491987072,-0.1649206682525274,-1.28759931400411,-0.4766996310031985,-0.06511552079584461,-0.007523495713838077
1765,-0.7253258769206815,-0.7223569213055596,0.0029689749649516282,-0.36458140933736455,-0.35600199315735237,0.719004679522516,-0.30284971036865366,-0.14911845672904883,-1.2684431770923277,-0.4620034572076587,-0.05122689659768125,0.001097184281341508
1766,-0.7240934369751267,-0.7012273637537597,0.022866110497983837,-0.37347979237486373,-0.3353695957860184,0.708849388160882,-0.30488146088091217,-0.15244073044045608,-1.2805020387806274,-0.47256625877392133,-0.060976293108097865,-0.007622036638512233
1767,-0.7197560959009217,-0.7055765907677912,0.014179504165288737,-0.36429672782375977,-0.34172836035064114,0.7117882774252791,-0.29608065861612526,-0.1440287033813342,-1.2843229351521712,-0.47663996226967603,-0.06387573735885868,-0.010613210044545615
1768,-0.7383072818137859,-0.7601931411961729,-0.021885824787587407,-0.3530867332334662,-0.3875463609242294,0.7503546078710467,-0.2790131767200055,-0.12833354155700116,-1.2706641584582803,-0.46394047228138746,-0.057795936384406235,-0.002118683139353227
1769,-0.7588959129175441,-0.762863307852333,-0.003967363959654923,-0.37508415467966205,-0.37927126521507876,0.7594742937449612,-0.2874609723259896,-0.14672806434222901,-1.2904716883820657,-0.4828439825890269,-0.07866886652409692,-0.015018261292576563
1770,-0.7698257325243281,-0.762203633563972,0.007622036638512233,-0.38872384118910835,-0.37347979237486373,0.762203633563972,-0.2972594364737899,-0.1676847978930092,-1.3186123099227065,-0.5106764180861498,-0.10670850944448843,-0.03811018261011402
1771,-0.7958737363875017,-0.8360135415915824,-0.040139838225199884,-0.37484308571070235,-0.4373011856651302,0.8177401878955426,-0.2792893186012809,-0.1560519859291936,-1.3064242458858195,-0.5039300036802079,-0.11237881371745367,-0.03901019525460152
1772,-0.8261482353890249,-0.8816000343193271,-0.0554517854925308,-0.38139211976140147,-0.4689248405572077,0.8590633371307943,-0.27431083590733274,-0.1555946051410239,-1.3072515043513098,-0.5132825856285597,-0.12584765132240663,-0.04419842772310226
1773,-0.841829628341292,-0.8758216575370121,-0.033992010574083735,-0.3998231765690113,-0.45483540564442293,0.8619721499389804,-0.2828817650860166,-0.1711468696710965,-1.3324973515839686,-0.5394397209760351,-0.1527426104550134,-0.06920366780078424
1774,-0.8536680755559074,-0.9222664443264759,-0.0685983268343744,-0.38872384118910835,-0.49543236927190526,0.8917782721447527,-0.2667712829303753,-0.16006275484757843,-1.3338563587369512,-0.5335425658607506,-0.16006275484757843,-0.07622036522022804
1775,-0.8606277013429747,-0.9645384505943333,-0.10391074420246549,-0.37810329146806243,-0.531686747725947,0.9170300292108544,-0.25520530713326633,-0.14852707302059254,-1.3287818986433355,-0.5322233779434153,-0.16236046300092033,-0.07670245473877108
1776,-0.8553769933384145,-0.9329640197050814,-0.077587032857992,-0.3870226451228552,-0.5000902380128498,0.8959656681634791,-0.27075539401121207,-0.16651198765842204,-1.345443128320075,-0.5635873119482514,-0.18158467875683826,-0.10572115753222361
1777,-0.840528213429978,-0.9297284944299358,-0.08920024082238415,-0.3720656064902076,-0.507050902004525,0.8846253221900859,-0.2701551276537808,-0.1740610020589189,-1.3575035525456,-0.5803565343824436,-0.19063434337878182,-0.12346089294918597
1778,-0.8384240267416627,-0.9756206897295658,-0.1371966536687488,-0.35061368187687986,-0.5564086763587344,0.9070223209589974,-0.25152719683951374,-0.16006275484757843,-1.356722431958318,-0.571652725172979,-0.1829288839838707,-0.11433055248991919
1779,-0.8461052951654174,-0.9605664501904136,-0.11446117789724194,-0.36618253264564615,-0.5347088894345193,0.9061766926285322,-0.25462325489514953,-0.1627786688235281,-1.3605783555635527,-0.5743740563589639,-0.18693974105124506,-0.12345610779184907
1780,-0.8372337454901144,-0.926652604809003,-0.08941882746643327,-0.3739009384456755,-0.5035861342172534,0.886713584417931,-0.2610701960054439,-0.17292632142801703,-1.3637243928407736,-0.584012720592265,-0.1919456375027834,-0.13310948457586294
1781,-0.8305302324758372,-0.9596344336392912,-0.12910418242176339,-0.3501116254000836,-0.5408341241818825,0.8978581541688888,-0.2451909916570297,-0.16293500576732498,-1.350485523223284,-0.5742168107604275,-0.1770199914867276,-0.11492308140049007
1782,-0.8460460511487851,-0.9679985907692097,-0.12195258621619573,-0.3582357062840022,-0.5411645902678729,0.9070223209589974,-0.24390517243239146,-0.16006275484757843,-1.3491005566576633,-0.571652725172979,-0.17530684093843993,-0.11433055248991919
1783,-0.8582735009638865,-0.9244354472504077,-0.06616197760227842,-0.3919255828177115,-0.4913703280991717,0.8912191516373178,-0.2589044982168614,-0.1691827735383145,-1.3578877845012403,-0.5807682676642809,-0.19005341637585133,-0.13051453657480022
1784,-0.8664260338382779,-0.9459037235125255,-0.07947771239842766,-0.38974690190984584,-0.5089799235015328,0.9060960514971523,-0.24834798572610123,-0.1537708939871733,-1.3404060055032685,-0.5643311072733875,-0.18217139340927507,-0.11684334742964392
1785,-0.8808886639224243,-0.991444200852744,-0.1105555441188785,-0.3818100208691606,-0.5471632890276948,0.9366557762557786,-0.2347562469857482,-0.13319945096116498,-1.323172927227996,-0.5452380557397056,-0.17708928796525847,-0.1080491850243202
1786,-0.8917782721447527,-0.9756206897295658,-0.0838423989465046,-0.4039679645565868,-0.5259205414536282,0.9375104931407205,-0.25152719683951374,-0.14481869671417955,-1.3414783831440735,-0.5564086763587344,-0.19817295143642377,-0.12957461994247227
1787,-0.8920310751567111,-0.9862309399359536,-0.09419989189436907,-0.39981660907967886,-0.5363371417940191,0.9439341126575416,-0.2568039196369069,-0.15027720105603432,-1.346359503985518,-0.5552840391210588,-0.1972929720548003,-0.12854532207113908
1788,-0.8896186210400898,-1.040719981460264,-0.15110139031579833,-0.3668063920282089,-0.5922731207510236,0.966264047518498,-0.24053103589446057,-0.13313723394006793,-1.3287397693281338,-0.5365095923072127,-0.18134954359797706,-0.11364137921767707
1789,-0.8923247209206961,-1.032150380384439,-0.13982568281520874,-0.3726799120293961,-0.581992734284353,0.9627663073992514,-0.2501762232734019,-0.14514750539902743,-1.3398336737803334,-0.5477586608851235,-0.1997747041038955,-0.1295987863410305
1790,-0.8917782721447527,-1.006108787358055,-0.11433055248991919,-0.38872384118910835,-0.5564086763587344,0.952754541954965,-0.25914923988494454,-0.16006275484757843,-1.3491005566576633,-0.5564086763587344,-0.21341701888897685,-0.1371966536687488
1791,-0.8798885258161758,-1.039948596845692,-0.16006006044210003,-0.36105380084355,-0.5966016216053174,0.964230385233368,-0.23467828280319306,-0.13594840497635674,-1.3226402563330117,-0.5308341236108455,-0.18944284239037337,-0.11733689234764147
1792,-0.8683125599526307,-1.0463029295366424,-0.17799036683816233,-0.3422182576356298,-0.6074274210781486,0.9595339422601478,-0.22885944112401824,-0.13183303286367803,-1.3219315701324519,-0.5291928429313146,-0.18213594861253557,-0.11973234837606381
1793,-0.856704285484659,-0.9980213899816625,-0.14131712281309083,-0.35461730119463564,-0.5671381676700842,0.9263838986556351,-0.23570371093280157,-0.14734149456704504,-1.3327834820667155,-0.5422322507134902,-0.19170079103990717,-0.13021490699402488
1794,-0.8536680755559074,-1.006108787358055,-0.15244073044045608,-0.35061368187687986,-0.5792747868567182,0.9298884687335982,-0.21341701888897685,-0.12957461994247227,-1.3109902855155842,-0.5259205414536282,-0.17530684093843993,-0.11433055248991919
1795,-0.8602726337272536,-1.0304094383090572,-0.1701368909737648,-0.34508488671205767,-0.59715933175523,0.9493235518875245,-0.20156279144448902,-0.11748449122273034,-1.3037319806171292,-0.5200268827423415,-0.1639769482893315,-0.10937349695653846
1796,-0.8560844858720474,-0.9821919432474963,-0.12610749797974038,-0.3654411867471746,-0.5514533932296218,0.9204311829409262,-0.21703946093697252,-0.13384212383136448,-1.3225912587551114,-0.5372586880462492,-0.17848375945991202,-0.12559756573601413
1797,-0.8546569855677028,-0.9651195296449535,-0.11046245523002472,-0.37112656070923283,-0.5385967600890919,0.9106726161817811,-0.2181564548262353,-0.13366631592841632,-1.3216336057915359,-0.5385843376491016,-0.18091457424960034,-0.12792339328423188
1798,-0.868912124370152,-1.0137308863184111,-0.14481869671417955,-0.3582357062840022,-0.5792747868567182,0.9451325175478427,-0.2057949944818545,-0.12195258621619573,-1.3109902855155842,-0.5335425658607506,-0.17530684093843993,-0.12195258621619573
1799,-0.8705332149281813,-1.004821000371351,-0.1342877686458735,-0.36703849423302004,-0.5691887126702591,0.9383443865700316,-0.21375648072248635,-0.13179941509892903,-1.3190854749816514,-0.543985995965046,-0.19112535145673185,-0.13186643026822553
1800,-0.8652199700150721,-0.9771467075339615,-0.11192666562000216,-0.3762536624927908,-0.5450276224069028,0.9226917980034111,-0.23081853155503482,-0.13900337964759601,-1.3310213331000016,-0.5492991789573463,-0.2040077203238239,-0.14258352248668252
1801,-0.8709037476976307,-1.0129963213215134,-0.1420924895364169,-0.35907126402195844,-0.5768880850468607,0.9456877850116617,-0.22381286287897556,-0.12399074004161216,-1.3194874919619568,-0.5359401589842818,-0.19405495081769125,-0.13241943097265416
1802,-0.8765342233305082,-1.0137308863184111,-0.1371966536687488,-0.3658577679677414,-0.571652725172979,0.9451325175478427,-0.2210390619344076,-0.12957461994247227,-1.3186123099227065,-0.5411645902678729,-0.19817295143642377,-0.12957461994247227
1803,-0.8755585430582675,-0.9555497365360893,-0.07999122585431424,-0.39821628598454234,-0.5129340980315823,0.9175398918904137,-0.23989038099208201,-0.15543906294009624,-1.3417975550738712,-0.5660622150494914,-0.2184363019967565,-0.1436597946546751
1804,-0.878719215946227,-0.9471864432402957,-0.06846725703250041,-0.40235587194112177,-0.5069106893213309,0.9186877324886908,-0.23874177121849338,-0.15878876407651438,-1.3514723261944281,-0.5738529735023308,-0.21788099603919925,-0.1385482635092499
1805,-0.8858777006580404,-0.9420473525591582,-0.056169685408262664,-0.41194129973707627,-0.4983048731957249,0.9158257655469666,-0.22570605729569299,-0.1660256555486614,-1.3622981125201221,-0.5869836323530064,-0.21534047647810275,-0.12865187633974137
1806,-0.8917782721447527,-0.8536680755559074,0.03811018261011403,-0.4649442343667991,-0.4039679645565868,0.868912124370152,-0.23628312938696067,-0.2057949944818545,-1.4024547275075194,-0.6326290695364251,-0.23628312938696067,-0.1371966536687488
1807,-0.8970634108697364,-0.7700096729879669,0.1270537493180488,-0.5088974209452997,-0.3203190132155275,0.8287497699119335,-0.23921034731232502,-0.23232837003577095,-1.432874635285775,-0.6704205860553261,-0.24693413549593235,-0.13054709395488212
1808,-0.9013238107370581,-0.7159924705862335,0.18533132839437005,-0.540984562260275,-0.2659698242980627,0.8074085317801716,-0.23014107053987332,-0.24785007556055688,-1.4572310606439083,-0.6969463833276456,-0.23934523377348865,-0.10635408353438029
1809,-0.8951922033620928,-0.5863293128517943,0.3088628463101955,-0.6020662093569895,-0.1389019460333516,0.7406862718501039,-0.2570041302638325,-0.30570445427352516,-1.5156521722562943,-0.753512611310756,-0.2503384737099499,-0.0989538878585526
1810,-0.8765342233305082,-0.434456062185076,0.4420781238688152,-0.6554951427577921,8.836956840616833e-19,0.6554951427577921,-0.30488146088091217,-0.37347979237486373,-1.5777615870842678,-0.8079359291131736,-0.25914923988494454,-0.09146444199193535
1811,-0.862138510323881,-0.360851138279495,0.501287338120959,-0.6772605161199916,0.065223006933645,0.6123281161055281,-0.3320923305412977,-0.4072410827325887,-1.6061699520430806,-0.8213871709603565,-0.23403445876190382,-0.059302801394640205
1812,-0.8603916852459005,-0.2795861202998132,0.580805532249439,-0.7173786911162462,0.14973763040316954,0.5671201025838993,-0.37203657731547946,-0.45216422219718033,-1.63862680172598,-0.8311940992955333,-0.1977546063012237,-0.02298568631017527
1813,-0.845664055395521,-0.1447037083064568,0.7009603676476556,-0.7692079672020651,0.2774457190645637,0.49229256882811334,-0.4443072717573976,-0.515149126593937,-1.6804259921523366,-0.8368474067233174,-0.14775028615913632,0.01451265769332013
1814,-0.815557878967062,-0.0685983268343744,0.7469595847497275,-0.7774476823782167,0.3353695957860184,0.4420781238688152,-0.5259205414536283,-0.5640307007658567,-1.6997141267046925,-0.8079359291131736,-0.060976293108097844,0.0838423989465046
1815,-0.7837653738973832,-0.02532344095932574,0.7584419261719353,-0.7696548021468914,0.36254008813032335,0.4013427503681236,-0.6353430813892224,-0.6263383500755116,-1.7129319842691197,-0.7680661336725934,0.04450872893778031,0.17062367640809972
1816,-0.7303103671598639,0.07529146808391676,0.8056018856422813,-0.7709486284874956,0.43666645794942416,0.3252394609289909,-0.7982957331297307,-0.7176755294858471,-1.740195703890874,-0.7208991311361432,0.16997821704152372,0.2524019829477164
1817,-0.6490380269709956,0.14107031212024068,0.7901084274556114,-0.7226363375210239,0.4619082651370683,0.2539523890775873,-0.9844275779436963,-0.8042677687399054,-1.753162373614746,-0.6394624896161623,0.3317097902917204,0.3613027117105219
1818,-0.5564086763587344,0.10670850944448843,0.6631171671649144,-0.6097629217618243,0.381101816781986,0.2210390619344076,-1.1890377458951595,-0.8841562477376304,-1.7454462731474263,-0.5335425658607506,0.5182984797698891,0.5030543936790275
1819,-0.44545963162230945,0.05725727170313613,0.50271683688191,-0.4742893053680892,0.27542119665609854,0.18965852545823156,-1.4219947526548817,-0.9710569323800283,-1.734288075654908,-0.41722251867687304,0.7154317229624163,0.6362259068836165
1820,-0.31790824734277423,-0.06035788875578408,0.25755035409768756,-0.28581015407980603,0.09837847253837895,0.18678969454416416,-1.6475843784924145,-1.0410375359342983,-1.7093551456083724,-0.2752750711165835,0.9281581777522923,0.7644624193048745
1821,-0.19790843305690903,-0.3460623723921135,-0.14815395402361342,-0.021135962245176814,-0.24219374156214124,0.2735667099843894,-1.8484873925157495,-1.0753063744421036,-1.656282246972403,-0.11431785534031269,1.1442452446267204,0.8950148646508542
1822,-0.09908647571821189,-0.7164714125680044,-0.6173849834455637,0.25914923988494454,-0.6631171671649144,0.411589988963709,-2.0427056723445993,-1.0975732293499905,-1.6082496847127572,0.022866110497983844,1.3186123099227065,0.9832427141366882
1823,-0.021316527977579647,-1.1284730354207446,-1.1071565154020593,0.5419441393205668,-1.1170395166280953,0.5752313836151699,-2.2055209915920613,-1.1131027310386115,-1.569704914891993,0.14114989385705715,1.446304012777133,1.0203688786832028
1824,0.03989298538885237,-1.6684768370655578,-1.7083698305171984,0.8765166386968457,-1.689249266446814,0.8161893026978759,-2.3134102851265514,-1.0989507432176508,-1.516397904160105,0.269712274075506,1.5627040313549267,1.0446647584843864
1825,0.0937748676432505,-2.2519619740866266,-2.3457368795530087,1.2237842306634468,-2.2978220857208878,1.0826018291184654,-2.382234788397877,-1.060874706784639,-1.474812603418913,0.37128375554406734,1.6436393087213308,1.0487506878089086
1826,0.12957461994247227,-2.7515549859522475,-2.8811296990862623,1.5091632183136994,-2.8125314794221614,1.3109902855155842,-2.4238074891265855,-1.0213528361722997,-1.4558090474638432,0.4268340377779537,1.669226029076203,1.0137308863184111
1827,0.1418622983148471,-3.220250854438385,-3.362113264208217,1.7557329555075412,-3.287402415070483,1.539090233788741,-2.4196037856819514,-0.9593883383711,-1.408270070169906,0.487638381661458,1.6811821469422348,0.9721006011211297
1828,0.1576951419470914,-3.6501351745506265,-3.8078302116427247,1.986660390083924,-3.7247055724979132,1.7456910656355664,-2.377300990990176,-0.8625001158092129,-1.342597406707783,0.5534994814961751,1.6819187413017036,0.9328255412214258
1829,0.18459255377616568,-3.918197090492618,-4.102789312495353,2.1474252157561744,-4.007632920821119,1.8679849364160934,-2.3321299782832945,-0.7726671968095495,-1.2952330966362053,0.5875684134205272,1.6459611212097025,0.867033403125712
1830,0.19817295143642377,-4.077789618495011,-4.275962253080191,2.240878754249182,-4.176875935787602,1.9436193550520091,-2.2713668518776715,-0.6936053393466374,-1.2423919167450157,0.6021408973547021,1.5930056358985125,0.8003138301528174
1831,0.19485273784772714,-4.224557656990499,-4.419410287001426,2.3111960667243143,-4.319499711207016,2.0153141225414837,-2.1785170360617623,-0.5997706644939775,-1.173716202894099,0.6088634203332607,1.5396149581729688,0.7567022783483763
1832,0.17938281685749288,-4.282530919807789,-4.461913964902518,2.3229722727702455,-4.367223043637434,2.0533790699234675,-2.101400098177543,-0.5302592182541631,-1.1443491751163073,0.5683485950969236,1.4535033124523387,0.6895602850253023
1833,0.1487150802595767,-4.229692043618547,-4.378407467267086,2.2626441951728085,-4.301293230536728,2.0439867652656636,-2.0450127703247416,-0.5039116406823847,-1.1689735303111046,0.4631053054573459,1.3129853328020038,0.5922735340016994
1834,0.10670850944448843,-4.176875935787602,-4.2835845757002495,2.195146458699981,-4.230230404850393,2.0350837970439444,-1.9664854282733764,-0.4878103448647829,-1.2119037445632928,0.32774757137889604,1.1585495737134364,0.5106764180861498
1835,0.053293807313435984,-4.0960136111088605,-4.149307581889871,2.1049264181456575,-4.123191795224464,2.02376987282821,-1.873374913309088,-0.4877029013532961,-1.2731126012356846,0.16926882302657564,0.9990238755684427,0.42959849790749827
1836,-0.01831815914839377,-3.9192155454485627,-3.900897715256362,1.9434535531820005,-3.9081523715522466,1.9735313633368463,-1.782224264941474,-0.5142183222156835,-1.3663373109067658,-0.025385665280937306,0.8025728937032371,0.32423909901600334
1837,-0.0918456758080373,-3.7431125121956503,-3.6512667540718136,1.779217058351449,-3.692885277367257,1.9209350974924202,-1.6595845943912053,-0.5237457632450501,-1.4457092313115742,-0.20834472899770945,0.6109097470238458,0.23193476472927843
1838,-0.16006275484757843,-3.6128455332346796,-3.4527824242592415,1.646359955854836,-3.5290029665433993,1.8902650350956853,-1.493919169499455,-0.49543236927190526,-1.4862971450923326,-0.35061368187687986,0.45732220995967676,0.1676847978930092
1839,-0.22932117051216583,-3.4262073522234715,-3.1968861996748137,1.4838264296781194,-3.308054085805274,1.8314948659860397,-1.3202043511371588,-0.46019260039097387,-1.514685852327016,-0.4792185735130217,0.3025831692536803,0.0952597830382503
1840,-0.2898645126534594,-3.2170919307476376,-2.9272274527444555,1.3188125221232896,-3.067786261595221,1.7577903503464385,-1.1502879798581618,-0.42166734873978406,-1.5310382580873216,-0.5794666975299971,0.1609906770903785,0.02002890946981464
1841,-0.34870403785149184,-3.0861765945876574,-2.7374724954453136,1.194101428439676,-2.9088359172844793,1.7202612002309834,-0.9651879548383071,-0.35680664780051047,-1.5156724007148346,-0.6313365578142216,0.059233238789209386,-0.0304483461942269
1842,-0.4268340377779537,-2.9573502413704205,-2.5305162781457002,1.0518410829072564,-2.7439332597580606,1.6920921022975701,-0.8003138301528174,-0.2972594364737899,-1.501541193906577,-0.678361215979159,-0.04573222099596769,-0.0838423989465046
1843,-0.5084082828599636,-2.7815718677965986,-2.2731634586778586,0.8856224536661429,-2.5279223161767077,1.6475908923331917,-0.6780497356813974,-0.26775289059903945,-1.506722219189343,-0.7380520178179807,-0.16428856712819076,-0.15924204223414495
1844,-0.5809434881090874,-2.673609422782815,-2.0926657927604007,0.758571723951114,-2.3813359887312036,1.6319523878079856,-0.5580746021336404,-0.23639558875433253,-1.50508642695705,-0.7769689373227078,-0.25496353639245783,-0.22144775678294257
1845,-0.6598864128624418,-2.6083687042199406,-1.9484823240577436,0.643331023590511,-2.273906531782286,1.6375244682528536,-0.44544253971519254,-0.20501102803324459,-1.5010873006533787,-0.8027204281803713,-0.333417252552797,-0.2679300556675295
1846,-0.7393375603426051,-2.4847838334900314,-1.7454462731474263,0.5030543936790275,-2.1113041902216354,1.6158718582263472,-0.37347979237486373,-0.19817295143642377,-1.5167852427208217,-0.8460460511487851,-0.4268340377779537,-0.32774757137889604
1847,-0.8027722890866008,-2.373474136485264,-1.5707019659341037,0.38716140005847305,-1.9716555392441104,1.5923449674419876,-0.3072272733232823,-0.19004474976070604,-1.5210397757465115,-0.875998037097991,-0.49744798355908104,-0.37924218015149047
1848,-0.8645324638669161,-2.315065015692061,-1.4505326336691686,0.2971532156114309,-1.8816091249534272,1.5919476916610573,-0.23027428620302728,-0.1658435815124842,-1.5015499561074082,-0.8701238253965465,-0.5319747836318975,-0.4021518829873994
1849,-0.925683994565638,-2.1968670926764577,-1.2711829758463185,0.1763726119557158,-1.7292619502550135,1.560462615274287,-0.17376132914036682,-0.14723042750852278,-1.4911941274276177,-0.8715670970755578,-0.5707563960639586,-0.4302287705965745
1850,-0.9679985907692097,-2.050327845858189,-1.0823291805357458,0.06097629310809787,-1.5625175382700232,1.5091632183136994,-0.12957461994247227,-0.12957461994247227,-1.4786751206852102,-0.868912124370152,-0.5945188729475798,-0.4497001482759375
1851,-0.996661159178507,-1.9670851597844143,-0.9704239448482599,-0.009061352303139515,-1.4683637283435012,1.485389708867475,-0.07180932631584257,-0.09639671429522867,-1.4337460972187537,-0.8247118044079054,-0.5785731704695124,-0.433163458669745
1852,-1.0205242168497706,-1.865142655102587,-0.8446183642524898,-0.08461317248114886,-1.3537497625022037,1.4451870806905662,-0.021964893572369474,-0.05998607280203072,-1.3873816813783866,-0.7814048137029639,-0.5637131745394983,-0.4216479036766426
1853,-1.0298024288410326,-1.7066842733684564,-0.6768818851174573,-0.17215555611041797,-1.186890179161759,1.3675761188745006,0.011166371909405034,-0.026697880204637585,-1.350129369575464,-0.7501130084944905,-0.548938817759267,-0.41419934308039696
1854,-1.0289749351326558,-1.6082496847127572,-0.5792747868567182,-0.2210390619344076,-1.0899512049428681,1.3186123099227065,0.04573222099596767,0.007622036638512234,-1.3033682611084618,-0.7012273637537597,-0.5106764180861498,-0.381101816781986
1855,-1.0242914960030982,-1.533168445313674,-0.5088768782979973,-0.25737703026388503,-1.0210139579461879,1.2790871520344154,0.07698855537623094,0.03717242769924147,-1.259670847356957,-0.6529142302458425,-0.4792350558723433,-0.3498859518888539
1856,-1.0098576260894125,-1.3944645466729801,-0.3846069001259269,-0.3111260531915807,-0.8875965874261504,1.2016688341956585,0.09345082013247613,0.061710345937032215,-1.230235501802472,-0.6142273351260396,-0.45719364403634527,-0.32925174557965264
1857,-0.9930613980743507,-1.2960853919063204,-0.30302403195732375,-0.340647556446215,-0.7955281400438214,1.1449581295613092,0.10239029505037839,0.08338376131742078,-1.1998117660071996,-0.5719389107125757,-0.4204285402386593,-0.3028208186888726
1858,-0.9832427141366882,-1.2728801634799725,-0.2896373934283591,-0.34299165746975757,-0.7774476823782167,1.1280614015317134,0.11433055248991919,0.10670850944448843,-1.1661715981205587,-0.5335425658607506,-0.381101816781986,-0.2743933073374976
1859,-0.9712072771700887,-1.198824075000811,-0.2276167178439869,-0.368048346374254,-0.7087970879020968,1.0842551706948558,0.12213174280845894,0.12630600941287112,-1.1404119773549586,-0.5086678403073606,-0.35655286989510027,-0.2505187700634249
1860,-0.9618174692470759,-1.1150494367336958,-0.15323196297433292,-0.40063572802458985,-0.6328611516916212,1.0409795674802007,0.12214261718923644,0.13433690847590082,-1.1221239008295147,-0.48749692696700697,-0.33467465676764196,-0.22962081755412966
1861,-0.9586495170755598,-1.1044601287660025,-0.14581061301559833,-0.40229407189204874,-0.624506396487163,1.0348721549222524,0.13586386597088906,0.15261734580168612,-1.0937429429976777,-0.4512634208965519,-0.30040708922717435,-0.20485422352085192
1862,-0.952754541954965,-1.0747071561286234,-0.12195258621619573,-0.411589988963709,-0.5945188729475798,1.0137308863184111,0.14481869671417955,0.1676847978930092,-1.0747071561286234,-0.4268340377779537,-0.28201535038292835,-0.190550908390993
1863,-0.9451564419179939,-1.0018417981870702,-0.05668534358199373,-0.44364913633596403,-0.528015293657326,0.9732070445630487,0.13157610741444453,0.16024687307798255,-1.0749200995618025,-0.4275861802156363,-0.2840266123314265,-0.1913484455239693
1864,-0.9445933552650011,-0.9962120077920056,-0.05161867959529767,-0.44643366494287273,-0.5247002113540598,0.9705208480027983,0.13530261602998547,0.16950902685163105,-1.063559816240575,-0.41586369237046233,-0.26934934587710435,-0.18290400450712022
1865,-0.9423666865763978,-1.0245376532131847,-0.08217101619650406,-0.4305167600468463,-0.5531456974504785,0.9835313630560278,0.14607510857215952,0.18614458198181388,-1.0473652862031733,-0.40054114499988974,-0.25869590559234157,-0.17407911533326925
1866,-0.9298884687335982,-0.9908647385438105,-0.060976293108097865,-0.434456062185076,-0.5259205414536282,0.9603766409153212,0.1371966536687488,0.1829288839838707,-1.0518410829072564,-0.4039679645565868,-0.2743933073374976,-0.1829288839838707
1867,-0.9207743432130661,-0.9706734316103662,-0.049899097589443026,-0.43172146243725273,-0.5076319080005921,0.945139386467916,0.14442617741556124,0.19159356733944324,-1.0438294502941439,-0.3948500970145856,-0.2727746993054632,-0.18066643778163374
1868,-0.9240482656062544,-1.009753404594345,-0.08570519836595064,-0.41753566590757046,-0.542993900269269,0.969263969502492,0.16576343298907464,0.20699033617919932,-1.020847484766935,-0.3790004408873099,-0.25629894398004155,-0.1652017598861266
1869,-0.9172751424187504,-0.9869534026825832,-0.06967829380714217,-0.4232715809187958,-0.5250322692564064,0.9555011453488015,0.16471270353482675,0.20253726091317492,-1.0253997480224952,-0.3841863233545842,-0.2640180171481985,-0.17345151406689002
1870,-0.9070223209589974,-0.9375104931407205,-0.030488146554048936,-0.434456062185076,-0.4801883204576606,0.9222664443264759,0.16006275484757843,0.19817295143642377,-1.0365969595397782,-0.38872384118910835,-0.2743933073374976,-0.190550908390993
1871,-0.9161200426376532,-0.9734014677959766,-0.057281442605677794,-0.42834748915160636,-0.5108166523337716,0.946843433723738,0.17642023097607426,0.20906396130120006,-1.0184963326337861,-0.37629053624988645,-0.26262973329457967,-0.18051480362881356
1872,-0.9281555291940379,-0.9949590115086533,-0.06680352702910126,-0.4300359142737556,-0.5294470353648912,0.9672149821987731,0.18778563352442854,0.21649074843542232,-1.0121660499601857,-0.37407506548697894,-0.2592008232537437,-0.17281068367718694
1873,-0.9292213110857174,-0.9540805275253011,-0.024859290136183782,-0.4472367728871879,-0.48919804415053203,0.9438167346896364,0.18019368046594947,0.211720257801579,-1.0223018810592497,-0.3820361424777719,-0.2688073393052471,-0.18800594122511072
1874,-0.9375104931407205,-0.9679985907692097,-0.030488146554048932,-0.4497001482759375,-0.49543236927190526,0.952754541954965,0.190550908390993,0.2210390619344076,-1.006108787358055,-0.3658577679677414,-0.25914923988494454,-0.1829288839838707
1875,-0.9493991307410359,-1.001832794962055,-0.05243359478096672,-0.44548215028724614,-0.5224043525978723,0.9764290830115631,0.2076654110968027,0.23661380236255164,-0.9880395120435321,-0.3476810330077313,-0.24811207463864166,-0.16547480271123005
1876,-0.955229538774691,-0.9705722536492939,-0.015342706871277903,-0.46482984143089656,-0.4916177553147611,0.9599854017281345,0.1914487530859071,0.22670787755109073,-1.0008562325942607,-0.36481042364233635,-0.2649997320458264,-0.18377847787226326
1877,-0.9624363663211422,-0.954889367741974,0.007546937147327669,-0.48265441774700013,-0.47343334826716904,0.9561266272551526,0.185972601175043,0.22401879061296187,-1.0011372188817567,-0.3699228488814174,-0.2727867416746067,-0.19796967713910868
1878,-0.9679985907692097,-0.9908647385438105,-0.022866110497983837,-0.47256625877392133,-0.5030543936790275,0.9832427141366882,0.21341701888897685,0.25152719683951374,-0.9756206897295658,-0.34299165746975757,-0.25152719683951374,-0.17530684093843993
1879,-0.9571793182748021,-0.9722081201733417,-0.015028777347552202,-0.46786755754765197,-0.48863258638943996,0.9667597560152226,0.2172943409416621,0.26175510514225325,-0.9659302219740116,-0.33370344054839973,-0.2418227261832714,-0.16986077315645745
1880,-0.9447379082092576,-0.921758360103057,0.022979535485140444,-0.4812547021702102,-0.4486289738842134,0.9310228023082107,0.21210206341613752,0.25569412421257465,-0.9654205959829072,-0.3329807599560791,-0.24542254334833288,-0.1828491930634908
1881,-0.9449295619362481,-0.9418748417594608,0.0030547589172539432,-0.4747576245992192,-0.4685199414139147,0.9453416016329443,0.24007128074540013,0.27617983622692666,-0.9429225904580636,-0.31201134725739943,-0.2281940169021232,-0.16686007106282233
1882,-0.9375104931407205,-0.9451325175478427,-0.007622036638512233,-0.4649442343667991,-0.47256625877392133,0.9451325175478427,0.25914923988494454,0.2972594364737899,-0.9298884687335982,-0.30488146088091217,-0.21341701888897685,-0.15244073044045608
1883,-0.91771725132342,-0.8797480514093291,0.037969118303200405,-0.4774940619194428,-0.4197895096254131,0.899068522779537,0.2509548315310546,0.29543062152180766,-0.9370189547486991,-0.3181358691957763,-0.22000924573179725,-0.1650326362845231
1884,-0.9122300212171517,-0.8809255533454718,0.03130443774007384,-0.4722484512646987,-0.42544065523715324,0.897203532044084,0.26354502361722154,0.3099697836840244,-0.9268101562265352,-0.3144198819956773,-0.21454699600047067,-0.16246914906577964
1885,-0.9139674477614739,-0.9214550394187611,-0.007487593772912076,-0.4525855645063112,-0.464340696436891,0.9164353611931003,0.2873454284989544,0.3326149082304855,-0.9111152383447718,-0.3023851100189222,-0.20470169942936112,-0.1501792815024036
1886,-0.9146444199193535,-0.8917782721447527,0.022866110497983844,-0.4649442343667991,-0.434456062185076,0.899400296551875,0.28201535038292835,0.32774757137889604,-0.9222664443264759,-0.3125034852880345,-0.2210390619344076,-0.16006275484757843
1887,-0.9201036172916639,-0.8785968370579468,0.04150674758114598,-0.4759819926830863,-0.41586422348801855,0.8989476124490268,0.2816725928377913,0.328310272462774,-0.9218340649605816,-0.31713907930137336,-0.2311408221529757,-0.1633613287972294
1888,-0.9211935793701467,-0.9172294798135094,0.003964087649649497,-0.4616372092640044,-0.45190223869979795,0.9173326705073402,0.3071639023346893,0.349024089679688,-0.8960421422675486,-0.2999458071033684,-0.22259963304141703,-0.15440634188280314
1889,-0.9237784646073424,-0.8995053434736339,0.024273150147668295,-0.4732490020990663,-0.43435072769694044,0.908201463435901,0.3083840408937165,0.3455826756279996,-0.8941590768208717,-0.30009820319886554,-0.23597502969733883,-0.16660031162382777
1890,-0.9375104931407205,-0.8612901745162636,0.07622036522022804,-0.5030543936790275,-0.38872384118910835,0.899400296551875,0.2972594364737899,0.3353695957860184,-0.899400296551875,-0.30488146088091217,-0.25152719683951374,-0.1829288839838707
1891,-0.9390227539090232,-0.8870317575799971,0.051990989513392025,-0.49441391517277955,-0.4129635312579141,0.9105211894651056,0.3183110744725166,0.3567343260719581,-0.8706688074612773,-0.2772677281195259,-0.23444220571046256,-0.173030290708199
1892,-0.9353662478544331,-0.9000726713970236,0.0352935832619629,-0.48491398011075765,-0.43093041564843415,0.9131695767773808,0.3363897668952831,0.3740880486612818,-0.8496544951795281,-0.2541454248863943,-0.22726258069506272,-0.162683962050217
1893,-0.9510564110115122,-0.8645577772593307,0.08649866372519507,-0.5134807682808655,-0.3891119288926697,0.9040869454927773,0.3350381269965424,0.3733332340059927,-0.8409168266281007,-0.24913498795091374,-0.23899630728310695,-0.17068181810325186
1894,-0.9603766409153212,-0.8765342233305082,0.0838423989465046,-0.5182984797698891,-0.39634590287284754,0.9146444199193535,0.35061368187687986,0.38872384118910835,-0.815557878967062,-0.22866110497983838,-0.22866110497983838,-0.1676847978930092
1895,-0.9468848523114286,-0.9046409487616157,0.042243891113146644,-0.4949235626922087,-0.43180462617715293,0.9249476535683888,0.3660586702120702,0.4038809413414965,-0.7993117047562192,-0.21191680513133287,-0.2175519242981053,-0.15786064145239365
1896,-0.9467005117628664,-0.8676553658124304,0.07904516112245367,-0.510258630069297,-0.39188609419726683,0.9073835582985946,0.3592113629634893,0.3978807739752535,-0.8041524873760054,-0.22242799458836265,-0.2340973702209289,-0.17187456835112452
1897,-0.9523338514906419,-0.8473382646913654,0.10499560802889468,-0.5255983854781741,-0.36781173860758987,0.9000902471661077,0.3621665158867873,0.3990287458191917,-0.8063841519813498,-0.22726743285680623,-0.24415453705015489,-0.18398887889495827
1898,-0.9451325175478427,-0.8841562477376304,0.060976293108097865,-0.5030543936790275,-0.411589988963709,0.9146444199193535,0.38872384118910835,0.41921201337083136,-0.7926918057456951,-0.21341701888897685,-0.23628312938696067,-0.17530684093843993
1899,-0.9339872080968703,-0.8661153925167195,0.06787180555803038,-0.49810133160951947,-0.39934010555595506,0.8965038663961098,0.4034418438884341,0.432052161692626,-0.7775873649193655,-0.21073308260494522,-0.23983176915067486,-0.1781743840129395
1900,-0.9183195876946475,-0.8145119667353962,0.10380760505713045,-0.507954046093595,-0.3555425084987591,0.8644850504332275,0.40526651124210245,0.44094553122323366,-0.7772246943288361,-0.21496588614972495,-0.24811055245332472,-0.18825012901564767
1901,-0.9153760516517268,-0.8358738365656528,0.07950221857881098,-0.4986214554317853,-0.3774003518252196,0.8754095120191424,0.4296642323948757,0.46683025402495737,-0.7607221781977653,-0.19798839544281888,-0.23920199297450037,-0.17787329738412597
1902,-0.9222664443264759,-0.8384240267416627,0.0838423989465046,-0.5030543936790275,-0.37347979237486373,0.8765342233305082,0.45732220995967676,0.4878103448647829,-0.7393375603426051,-0.1829288839838707,-0.22866110497983838,-0.17530684093843993
1903,-0.914636808987451,-0.7673061709114336,0.1473305867512409,-0.5276262296462013,-0.3085107006525849,0.8368099491281528,0.4666706349459626,0.49592647148555885,-0.7403551702772976,-0.1846735756798341,-0.22838249695836313,-0.1894506511174886
1904,-0.9200874046879135,-0.7656535664658349,0.15443378951755313,-0.533330773604604,-0.30704551516022005,0.8390588327341219,0.49076960327647734,0.5246060700956392,-0.7233538603665123,-0.16988343824416352,-0.22582493909329523,-0.18325555239189656
1905,-0.9303649867805469,-0.8072096153047693,0.12315537128073156,-0.5229696179338086,-0.3407602322745442,0.8655835489361775,0.5158655245772702,0.5562920874152328,-0.692226403680017,-0.1462629377078072,-0.21904457664000943,-0.1753310368098649
1906,-0.9222664443264759,-0.7698257325243281,0.15244073044045608,-0.5335425658607506,-0.30488146088091217,0.8460460511487851,0.5182984797698891,0.5640307007658567,-0.6859833149395151,-0.14481869671417955,-0.2210390619344076,-0.190550908390993
1907,-0.9196908476275822,-0.7441818943145941,0.1755089250147167,-0.5437840202601154,-0.2805204205337556,0.8322673331302439,0.5316566313029688,0.5775146003267876,-0.6722630864351333,-0.13766011063848801,-0.22275286201967923,-0.194053063501543
1908,-0.9234217716485789,-0.7771853472533131,0.14623640329759183,-0.5310298944511109,-0.31144576733181334,0.850197517964406,0.556714697284869,0.6025762930898633,-0.6448702419573773,-0.11241392433059459,-0.21715669422310277,-0.18343718771806022
1909,-0.9196061234926195,-0.7503982257685673,0.16920792725590866,-0.5405939761516045,-0.2873696903822707,0.8345837731396623,0.5643290485690837,0.6096330912766161,-0.6412706022062219,-0.10881837550557302,-0.22584734256391123,-0.18420335450548553
1910,-0.9146444199193535,-0.6936053393466374,0.2210390619344076,-0.5640307007658567,-0.23628312938696067,0.8003138301528174,0.571652725172979,0.6173849834455636,-0.6402510193903137,-0.11433055248991919,-0.23628312938696067,-0.1829288839838707
1911,-0.9125465200265066,-0.7112798841855503,0.2012665547201244,-0.5530740485713839,-0.25588885945970824,0.8071177465347702,0.5986258008889287,0.645617619825841,-0.6116168893113698,-0.09252325712946752,-0.22004834187260403,-0.1660193247457908
1912,-0.918134801508954,-0.7249586507324577,0.19317612019384206,-0.5519064620677419,-0.2633969767497836,0.8203826687911315,0.6250915676453345,0.6660362264171176,-0.5898682771174182,-0.07490516032563393,-0.20784648259791014,-0.15253904482229816
1913,-0.9224322970639742,-0.6758049979968803,0.2466272948651986,-0.5806521842755499,-0.21109543435314532,0.7986798365980201,0.6348741384762588,0.6730710200398999,-0.5838708309317783,-0.07640893230331006,-0.2164207239307114,-0.15331892334505084
1914,-0.9298884687335982,-0.678361215979159,0.25152719683951374,-0.5868968112638405,-0.21341701888897685,0.8003138301528174,0.6554951427577921,0.6936053393466374,-0.5640307007658567,-0.060976293108097865,-0.21341701888897685,-0.15244073044045608
1915,-0.9426117882251052,-0.7142970689206016,0.22831469104310742,-0.581805133028523,-0.24391769821182688,0.8239395985235244,0.6824406625312146,0.7136919055502848,-0.5429276050480769,-0.0396797817341726,-0.20429838826467092,-0.1501447460840035
1916,-0.9415764341864248,-0.6681248278740779,0.2734516491066958,-0.6033959715138224,-0.1949092231059964,0.8030455752895442,0.681651444658618,0.7151284432133366,-0.5413165528505339,-0.04236761181637168,-0.21415075178188223,-0.16062907597346257
1917,-0.9358948363443474,-0.6293420951751554,0.3065527614268316,-0.6177287000865673,-0.15748543275095242,0.7831441478965749,0.6805262170931908,0.7193391683839949,-0.5373611945112458,-0.043365818351542636,-0.2202609463113976,-0.16808771726721872
1918,-0.9375104931407205,-0.6631171671649144,0.2743933073374976,-0.6021408973547021,-0.190550908390993,0.8003138301528174,0.7012273637537597,0.7393375603426051,-0.5182984797698891,-0.022866110497983837,-0.2057949944818545,-0.16006275484757843
1919,-0.9268475141290021,-0.6409474301329807,0.28590008113555454,-0.6017904671182381,-0.17330156001200414,0.7833323681790215,0.7042025159883152,0.7524142863267104,-0.5041803258325648,-0.008743840601374632,-0.20222805502482222,-0.15792727650288121
1920,-0.9140546035054258,-0.5784189960779832,0.33563559442389584,-0.6236865201931361,-0.11949615937278382,0.747382643876986,0.6981361778659954,0.7582694470813627,-0.49852787824787115,-0.0040691036877787265,-0.20903657209915968,-0.16108369317531637
1921,-0.915165206857393,-0.5886484925710267,0.3265166692151935,-0.6201815381472182,-0.1314687232760475,0.750430876045636,0.7158969003438522,0.7760545898117797,-0.4796406888475757,0.01560459387025477,-0.18865013391678256,-0.1455240934041372
1922,-0.9146444199193535,-0.5868968112638405,0.32774757137889604,-0.6173849834455636,-0.12957461994247227,0.7469595847497275,0.7240934369751267,0.7850697813385727,-0.4649442343667991,0.030488146554048932,-0.17530684093843993,-0.1371966536687488
1923,-0.9026192204687056,-0.5177575667465174,0.3848616450298151,-0.642409033609169,-0.06657236515072087,0.7098539085390237,0.7093379313782111,0.775995410357134,-0.46644069247779363,0.02844622393435576,-0.19007685246739509,-0.15090753596196063
1924,-0.8931094292466966,-0.5060083163782851,0.3871011222994791,-0.6411963874136567,-0.05801977863082465,0.6976513474008728,0.7178078448102,0.7895640859045648,-0.4515275462001825,0.04350153172180159,-0.1770668294069369,-0.1438115529428655
1925,-0.8908130248628394,-0.5403026929862773,0.3505103208242667,-0.6197590648644327,-0.09022134710541899,0.7120945497188926,0.7333952229947022,0.8126839106529042,-0.42802554205186977,0.06682459596957493,-0.15678170777215045,-0.1252884283100476
1926,-0.8917782721447527,-0.5106764180861498,0.381101816781986,-0.6326290695364251,-0.060976293108097865,0.7012273637537597,0.7164714125680044,0.8079359291131736,-0.4268340377779537,0.0685983268343744,-0.1676847978930092,-0.12957461994247227
1927,-0.8869166056424692,-0.48625803797207046,0.40065853244218824,-0.6390471387972347,-0.04235812872663093,0.6842458486341063,0.7001341674455119,0.7986621135272393,-0.4238783116777257,0.0759225867176974,-0.16563343894970955,-0.13217097744882297
1928,-0.8764331091470359,-0.5189034834152058,0.3575295804856716,-0.6160063211160736,-0.07962366108740329,0.6926484180606658,0.7045875405334623,0.8047588626421966,-0.40770793480501105,0.10013920128476284,-0.1513624671837775,-0.12347382873002466
1929,-0.8787912441617296,-0.5042793990903591,0.374511820565451,-0.6258491107806072,-0.05994071864023433,0.688676878562605,0.6942620067613292,0.806419412737998,-0.4049459608595906,0.10518316371889563,-0.1552192406647049,-0.12317966711849282
1930,-0.8917782721447527,-0.4649442343667991,0.4268340377779537,-0.6554951427577921,-0.015244073277024463,0.678361215979159,0.6707391915720368,0.8003138301528174,-0.411589988963709,0.09908647571821189,-0.16006275484757843,-0.12957461994247227
1931,-0.8878055860963756,-0.49106331394605435,0.39674223973489525,-0.6411910958875373,-0.047226976210315436,0.6903921710669791,0.6673963416182689,0.8035866921384482,-0.4015647913790663,0.1143243973868352,-0.15006054799605448,-0.12613561778696766
1932,-0.8763058887138997,-0.5012584965295598,0.37504737001438393,-0.6262087509122571,-0.06094442035922008,0.6858603334311528,0.6721861019857676,0.8119743610349762,-0.3884103331633773,0.13248247603869032,-0.13524695490638955,-0.11248828607435238
1933,-0.8777311400436104,-0.45914568988589743,0.4185854533644414,-0.6481643923324322,-0.016794733677857263,0.6655507652503766,0.6550423233475049,0.802841232940039,-0.38910838110093887,0.13981268785243406,-0.12729570355453412,-0.10529563106151588
1934,-0.8841562477376304,-0.47256625877392133,0.411589988963709,-0.6478731183506697,-0.030488146554048936,0.678361215979159,0.6402510193903137,0.8003138301528174,-0.381101816781986,0.16006275484757843,-0.11433055248991919,-0.09908647571821189
1935,-0.8752414992272411,-0.5029532027367124,0.37228832726522354,-0.6206411288838187,-0.06573816181673685,0.6859454854833869,0.6372480046179343,0.8098798896726728,-0.36109739841352245,0.18566581016104478,-0.09055389596638418,-0.08175949737472898
1936,-0.8514245559121804,-0.45614256039202944,0.395282020583289,-0.6205301676933452,-0.03023345834207558,0.651398390939899,0.6117263294669083,0.7898199804700814,-0.35974210260018435,0.1941587042681296,-0.07516185602347303,-0.07017052107209709
1937,-0.8336988244038335,-0.4270255123935759,0.4066733088407032,-0.6211621887321612,-0.009820966831374728,0.6304704000602275,0.576811532607374,0.7634684868068392,-0.3655376574678026,0.2030878226847342,-0.06334943496802338,-0.06635987491581377
1938,-0.8308019277813067,-0.47256625877392133,0.3582357062840022,-0.5945188729475798,-0.05335425472224421,0.6478731183506697,0.5640307007658567,0.762203633563972,-0.35061368187687986,0.22866110497983838,-0.03811018261011402,-0.04573222099596767
1939,-0.8213041803822018,-0.47280682494371895,0.34849740659563005,-0.5841505956814161,-0.057277983895559985,0.6422856220015187,0.5401832201983598,0.7432453852537866,-0.3446813723404173,0.2392421062962137,-0.02244738290584654,-0.02907145012359459
1940,-0.8009744814923342,-0.43136995132215783,0.369604536362357,-0.5865657036367917,-0.029855271526224372,0.6145955007368755,0.49633148806641514,0.7098836324520039,-0.3633841915698023,0.2298975861163411,-0.024406639249773297,-0.03643804476553427
1941,-0.7898733968151067,-0.4573095133872691,0.332563888920174,-0.5597370620052227,-0.06181564628226335,0.6240562225362392,0.47620374098156026,0.6991133449370648,-0.36154883361765333,0.24411662810628265,-0.006175279050355687,-0.021491455762135604
1942,-0.7850697813385727,-0.4801883204576606,0.30488146088091217,-0.5411645902678729,-0.0838423989465046,0.6326290695364251,0.45732220995967676,0.6859833149395151,-0.3582357062840022,0.25914923988494454,0.015244073277024466,-8.546527431536293e-19
1943,-0.772700100013421,-0.43555522205258823,0.33714483840750326,-0.5543941433338271,-0.044870955291071504,0.6011007648100246,0.40974981486679823,0.6550318872679034,-0.38756822371405175,0.24115801011684712,0.013567978508476882,-0.01273996894924177
1944,-0.7649016651988312,-0.44041134838067186,0.3244903155253793,-0.5433427624479358,-0.05580251767959428,0.5984498800542012,0.3811700181196165,0.6413413487990389,-0.39750149629414844,0.23916078850893266,0.028940030012009767,-0.0049150980527653335
1945,-0.7585866854012382,-0.49372140841567447,0.2648653200847436,-0.5073114845487352,-0.1153328690060597,0.6224093926295072,0.36587624278615793,0.6361298630688905,-0.3869824325635167,0.2548577771155871,0.04988056574006032,0.021447545828190907
1946,-0.7469595847497275,-0.4801883204576606,0.2667712829303753,-0.5030543936790275,-0.10670850944448843,0.6097629217618243,0.32774757137889604,0.6097629217618243,-0.411589988963709,0.24390517243239146,0.04573222099596767,0.01524407327702447
1947,-0.7397531167031792,-0.46573678928588946,0.2740163315371864,-0.5029623557467524,-0.0920303378746517,0.6015001120574917,0.3006146722058311,0.5884714564641007,-0.43454589917163644,0.23888430793033277,0.05824159706278692,0.020198854724512872
1948,-0.7355919633888264,-0.5186476718695079,0.21694427692143892,-0.47400439584331544,-0.14925474800638835,0.6284422438034467,0.287881071585903,0.5815181746620067,-0.43010000875861215,0.2524420079075496,0.08670052046979784,0.05228468588989868
1949,-0.72871776606929,-0.5245010846169006,0.20421667237803195,-0.4671197042452112,-0.1596644718978038,0.6252668287942419,0.2518146792670888,0.5493886152226863,-0.4548897766038356,0.23290389961734545,0.08986357268515413,0.05997326650178059
1950,-0.7240934369751267,-0.4878103448647829,0.23628312938696067,-0.4801883204576606,-0.12195258621619573,0.6021408973547021,0.21341701888897685,0.5106764180861498,-0.49543236927190526,0.2057949944818545,0.09146444199193535,0.060976293108097865
1951,-0.7179024861436973,-0.5260192163337851,0.19188328634470234,-0.4545793772102673,-0.1656504420270349,0.6208651568720166,0.19649017932754045,0.49900233473612665,-0.5011540944141444,0.21266358521648113,0.11524050491003608,0.08982557125703688
1952,-0.7136801740019572,-0.572634464937865,0.14104569867898983,-0.4277438660228525,-0.21690048577677656,0.6439859799587107,0.16878047091080278,0.47514544935778774,-0.5182959726859709,0.19829570746685415,0.12406052972343362,0.10538483215497096
1953,-0.717471288310778,-0.5562168836113166,0.16125444094326608,-0.4391030568026993,-0.19693265037331065,0.6363799647719769,0.12128645648661582,0.4250631150987677,-0.5627238166767305,0.1536639135383473,0.10972996062031677,0.09643267471234715
1954,-0.7164714125680044,-0.5792747868567182,0.1371966536687488,-0.4268340377779537,-0.2210390619344076,0.6478731183506697,0.09146444199193535,0.39634590287284754,-0.5868968112638405,0.1371966536687488,0.11433055248991919,0.10670850944448843
1955,-0.7037275883618368,-0.6350458775780439,0.06868166738561372,-0.3866697862323324,-0.2835841421067678,0.6700234136300673,0.07180099885439997,0.3777181396769664,-0.6049268242478851,0.1260224543844601,0.12527819176659025,0.11815437475665061
1956,-0.6987863657819232,-0.6260644754578495,0.07272186374529026,-0.38388385621876414,-0.27608474731507554,0.6602829758984681,0.032799930036546195,0.33347948510899106,-0.6474314946184428,0.082356746692865,0.10579198398591316,0.09777612348000381
1957,-0.7011531538600835,-0.6259278678196241,0.07522531783299015,-0.38386966475050566,-0.27587132671364223,0.6594178072640083,-0.0004315202060517898,0.2952550404849181,-0.6893689358300852,0.043960351624633555,0.08950880542329655,0.0820018295517534
1958,-0.7012273637537597,-0.6936053393466374,0.007622036638512233,-0.35061368187687986,-0.34299165746975757,0.6936053393466374,-0.007622036638512233,0.28201535038292835,-0.708849388160882,0.030488146554048932,0.09908647571821189,0.09146444199193535
1959,-0.7053586216997358,-0.7162429440511313,-0.010884328377182086,-0.3437611980591479,-0.36018382675846955,0.7092375113988925,-0.02164045132168432,0.25614731084901027,-0.732574773414504,0.005231830078328858,0.09665834611146623,0.088999839959803
1960,-0.7133163527315058,-0.6988994294395203,0.014416931303164997,-0.3594710059418044,-0.33967130270787926,0.7092964310277129,-0.04689209167182274,0.22253025011393524,-0.7747692412225138,-0.029478692546817713,0.08317637643639354,0.07714842631104445
1961,-0.716093390581819,-0.7449158520734157,-0.028822489546995973,-0.3406613948606621,-0.3877562337378371,0.7333521970579475,-0.053685980901828356,0.2113068171322036,-0.7954392989662961,-0.03895469203980367,0.08614742613418115,0.09063300783231788
1962,-0.7164714125680044,-0.7774476823782167,-0.060976293108097865,-0.32774757137889604,-0.41921201337083136,0.7469595847497275,-0.060976293108097865,0.19817295143642377,-0.8079359291131736,-0.05335425472224421,0.0838423989465046,0.09908647571821189
1963,-0.7203729002722231,-0.7377220070862749,-0.017349052786186855,-0.35205507875848446,-0.3744039581383857,0.7320196430925796,-0.08587502183692575,0.1677527882041299,-0.8474360185860579,-0.09493776233187556,0.06498189655752969,0.0802632315262128
1964,-0.7313249199951616,-0.7525580572602655,-0.021233106431898262,-0.35324730235584756,-0.38263656242817573,0.7448514718894566,-0.09148835923556395,0.15308688915954338,-0.8743295078561573,-0.11807604086790863,0.061910573298606004,0.07989502807133302
1965,-0.7407945192517885,-0.8162903025503186,-0.07549582190059748,-0.3281298365755555,-0.44237069692227626,0.7775222268314588,-0.08255872926114126,0.14994660897873863,-0.877830671927916,-0.12653948847858,0.0695200740614842,0.09452214020496102
1966,-0.7393375603426051,-0.8003138301528174,-0.060976293108097865,-0.3353695957860184,-0.4268340377779537,0.7698257325243281,-0.09908647571821189,0.12957461994247227,-0.9070223209589974,-0.16006275484757843,0.05335425472224421,0.0838423989465046
1967,-0.73674727242397,-0.778403901557262,-0.04165663622629937,-0.34709839263514836,-0.40562686208780085,0.7606841830060905,-0.11562504832447504,0.1093872762061533,-0.944859735230909,-0.19272324651188152,0.036842135303546096,0.07373756342480312
1968,-0.7442901989613903,-0.8325303376885679,-0.08824015118336713,-0.3268712516790543,-0.4588213990787883,0.7928932946509194,-0.1067062807462871,0.10226468804770862,-0.9606144605639053,-0.20594895473825478,0.045743599086486834,0.08384500411538869
1969,-0.744938818309217,-0.8337700962783211,-0.088831285096933,-0.32324861309322617,-0.46109816635161194,0.7922569278110881,-0.1123075810649205,0.08219798246606987,-0.9869136805044529,-0.23232267873282422,0.03989475744162912,0.079181670373574
1970,-0.7393375603426051,-0.7850697813385727,-0.04573222099596767,-0.34299165746975757,-0.411589988963709,0.762203633563972,-0.1371966536687488,0.05335425472224421,-1.0289749351326558,-0.2667712829303753,0.015244073277024466,0.060976293108097865
1971,-0.739232818100324,-0.8177580821992968,-0.07852526364581154,-0.33005763929120974,-0.44334502313208685,0.7806493445800644,-0.14015950943519084,0.04499094902591973,-1.043660691265276,-0.28009131422945466,0.012917020701127407,0.0595219160991511
1972,-0.7345660993181293,-0.8528604805832942,-0.11829442742324275,-0.30680883747011545,-0.4843523413292295,0.7994477417003414,-0.13569100520281477,0.043045503077923666,-1.0459078913635544,-0.28757352890277954,0.013463393925676807,0.05802987317836266
1973,-0.7314956404574253,-0.8166602798205852,-0.08516473272716159,-0.31847722819128643,-0.4505685430309254,0.7760235247275716,-0.15051218896828497,0.022037180660024927,-1.0669785588919396,-0.3018692284496573,-0.008386319568134902,0.03866684359336553
1974,-0.7393375603426051,-0.8308019277813067,-0.09146444199193535,-0.32012550969515685,-0.45732220995967676,0.7850697813385727,-0.15244073044045608,0.007622036638512233,-1.0823291805357458,-0.3125034852880345,-0.022866110497983837,0.030488146554048932
1975,-0.7398208470002836,-0.8823014503267503,-0.14248062764371688,-0.2981144459254588,-0.5076051993231419,0.8148535001388726,-0.13808913971385506,0.009262693941025222,-1.084937852222216,-0.3276469708980517,-0.0268131861603527,0.033068721000673026
1976,-0.7391753286705562,-0.8591709891577308,-0.11999565217907124,-0.30974296400406454,-0.4884207590576518,0.8005787690575721,-0.14191228698537436,-0.001037520603195302,-1.102230439428953,-0.3497352173811231,-0.04046701708003013,0.020570385460401776
1977,-0.7517926713534893,-0.8414418441764424,-0.08964918622444938,-0.33114596726798684,-0.4650903649594712,0.7973845233079878,-0.1421788902459886,-0.007386325854447677,-1.1124189399258386,-0.3590869546662713,-0.04477166262032149,0.017035587396784097
1978,-0.7698257325243281,-0.899400296551875,-0.12957461994247227,-0.32012550969515685,-0.5106764180861498,0.8384240267416627,-0.12957461994247227,-5.761832572976484e-19,-1.1051953283103464,-0.3582357062840022,-0.03811018261011402,0.030488146554048932
1979,-0.7817601911209383,-0.9167277644597658,-0.13496762717217894,-0.3207088607885988,-0.5213737320054602,0.8498112372665456,-0.13879332233614333,-0.00935604601612438,-1.113241384568403,-0.36787432214584226,-0.04817817965924723,0.026959546437492793
1980,-0.7884620254791842,-0.8900361080847575,-0.10157411967815533,-0.33851845265199515,-0.49390793099309244,0.8409854655279737,-0.15005241328306546,-0.023023759274335615,-1.1279740310503987,-0.3808588026832935,-0.05783997484350877,0.018834935184089935
1981,-0.7933741656551505,-0.9234910305543274,-0.13011690198841488,-0.32894828660406944,-0.5274575341740824,0.8619300145650075,-0.14119166405603353,-0.02157431582989812,-1.1250672700917803,-0.37907297723106714,-0.05034444408210731,0.02552363510813763
1982,-0.7926918057456951,-0.9451325175478427,-0.15244073044045608,-0.32012550969515685,-0.5487866146749952,0.868912124370152,-0.14481869671417955,-0.022866110497983837,-1.1280614015317134,-0.381101816781986,-0.05335425472224421,0.022866110497983837
1983,-0.785684202045417,-0.8944842980169665,-0.10880010071049648,-0.33851251097337876,-0.4984446493133494,0.8425813811317773,-0.16408865790704233,-0.03428627221088166,-1.1453491052267757,-0.39891034568617934,-0.07182082312485472,0.009263877203513132
1984,-0.784028873049431,-0.8940807909056202,-0.11005193766385078,-0.33706164640287667,-0.4981292060618045,0.8435912099047562,-0.16456933881216723,-0.04152495712478384,-1.1507218766861111,-0.40431258599331166,-0.07657188659760279,0.012315757762280022
1985,-0.7841710916109497,-0.9402087580127192,-0.1560376627912683,-0.3139189552328232,-0.5441493176523283,0.8659333331521778,-0.1465463707973307,-0.035551074842426825,-1.1382594481356922,-0.39228723521264947,-0.0648446734232629,0.026724407185960832
1986,-0.7850697813385727,-0.9146444199193535,-0.12957461994247227,-0.32774757137889604,-0.5182984797698891,0.8536680755559074,-0.14481869671417955,-0.03811018261011402,-1.143305450345958,-0.39634590287284754,-0.0685983268343744,0.022866110497983837
1987,-0.7904025735495186,-0.8880068121407858,-0.09760425436234933,-0.34693387352367105,-0.491989685858778,0.8397975865858545,-0.1533771212686142,-0.05207541199675231,-1.157613967918749,-0.4054507847671907,-0.07841824913949105,0.013532741820349418
1988,-0.7928312629700125,-0.9310606281052082,-0.1382293723973712,-0.3251109686728132,-0.5350387481835879,0.8632762252863515,-0.1440851088773291,-0.049151648228127474,-1.1511587576038655,-0.39586159355637146,-0.06554797305991915,0.024385686329204556
1989,-0.7918195620539337,-0.9227560223511648,-0.13093648288515636,-0.32681251460344796,-0.5267915945043579,0.8613632952643019,-0.13701057885734055,-0.04758707967767811,-1.1544432009150696,-0.4018892459051098,-0.06435853815063938,0.02925920209291054
1990,-0.7926918057456951,-0.868912124370152,-0.07622036522022806,-0.3582357062840022,-0.47256625877392133,0.8308019277813067,-0.14481869671417955,-0.060976293108097865,-1.173793622527681,-0.4268340377779537,-0.0838423989465046,0.015244073277024466
1991,-0.7919058502974086,-0.8949853120156936,-0.10307944586746176,-0.34535964804672187,-0.49875483418767086,0.8420742422975322,-0.13633206163776124,-0.057728254368667686,-1.1640003048197525,-0.42406673212665147,-0.08063643162045332,0.012998016883923227
1992,-0.79267855714581,-0.9293683359158589,-0.13668977185908515,-0.3256117206748922,-0.5337915560385494,0.8641973504638643,-0.11968843671595064,-0.0487697493976445,-1.1536323501464372,-0.41534272610758494,-0.07395720030672583,0.015936417223635632
1993,-0.7904369096371531,-0.8905663067855628,-0.10012944418860233,-0.34115276523377625,-0.4941704660514473,0.8434211462647165,-0.12531430457172393,-0.056578716845702696,-1.1722890846292904,-0.43422269025978977,-0.08967486227019165,0.002256238424374907
1994,-0.7850697813385727,-0.8917782721447527,-0.10670850944448843,-0.3353695957860184,-0.49543236927190526,0.8384240267416627,-0.12195258621619573,-0.05335425472224421,-1.173793622527681,-0.4420781238688152,-0.09146444199193535,8.851009916466857e-20
1995,-0.7885848055553131,-0.9359426834037549,-0.14735788432669153,-0.31664694635736795,-0.5408305374463939,0.8647911056882431,-0.10081755516091999,-0.03861953483416082,-1.1568196435592502,-0.4324919444105412,-0.08168644466968505,0.014195467918089105
1996,-0.7978204324972236,-0.9108244557992082,-0.11300402670246806,-0.3399634400067859,-0.5110496714068689,0.859169530585089,-0.10632342574137192,-0.04539246675944392,-1.1694906586308897,-0.44615570918288194,-0.09618892389719276,0.008421429488765684
1997,-0.7992884000600387,-0.8828875990826737,-0.08359917112085705,-0.35884656745861654,-0.4783463727150652,0.8443029760938631,-0.11325909763917102,-0.053240136209687414,-1.1802384095067888,-0.45702061468797694,-0.10661295366679094,-0.00019771674799464123
1998,-0.8003138301528174,-0.9298884687335982,-0.12957461994247227,-0.3353695957860184,-0.5259205414536282,0.868912124370152,-0.09908647571821189,-0.03811018261011402,-1.1661715981205587,-0.4420781238688152,-0.09146444199193535,0.015244073277024466
1999,-0.8057189304092632,-0.9372196631434164,-0.13150075653125887,-0.3333766190025414,-0.5338404522839347,0.8760521854733121,-0.10701666003033761,-0.03372398848286794,-1.172249196458775,-0.4431343382691031,-0.09250153859831939,0.019652038136790884
2000,-0.8077998684895414,-0.892214064625096,-0.08441425786380435,-0.3597039098602784,-0.4886168284010013,0.8513575306502029,-0.12355115420241894,-0.048568058844253754,-1.193646309228901,-0.46074819401056066,-0.11134189193674522,0.006563154947139068
2001,-0.8078518164492356,-0.9145020021565243,-0.1066502540632884,-0.3509345398312459,-0.5100773247858374,0.8615111702765826,-0.11936857145807772,-0.05308289579145086,-1.1938449357360463,-0.46468204710072203,-0.11274736275170526,0.011399384614811697
2002,-0.815557878967062,-0.9451325175478427,-0.12957461994247227,-0.34299165746975757,-0.5335425658607506,0.8841562477376304,-0.12195258621619573,-0.05335425472224421,-1.196659695749048,-0.47256625877392133,-0.11433055248991919,0.015244073277024466
2003,-0.8174358219067961,-0.8977188897845533,-0.08028300055210597,-0.36896418370396056,-0.4840220504320315,0.8620877382211277,-0.13538952652460398,-0.0650578588935479,-1.2141654288529955,-0.4912532719359846,-0.13260448372759118,-0.0029453412183724765
2004,-0.8084477998748107,-0.8867877243342202,-0.07833995462896662,-0.36298060777939134,-0.48186148394936895,0.8504679317312012,-0.1323982117560455,-0.06868267657554018,-1.218513855996768,-0.4942089667865103,-0.13701379842051792,-0.007190894580093936
2005,-0.8092610755707978,-0.93527570536847,-0.12601463600983245,-0.3379663497429963,-0.5296586085435617,0.876879323056793,-0.11802500949784979,-0.05732221242885463,-1.2076829435530363,-0.4856063318808569,-0.12714321239738213,0.0011128058532848106
2006,-0.815557878967062,-0.9146444199193535,-0.09908647571821189,-0.3582357062840022,-0.5030543936790275,0.868912124370152,-0.12195258621619573,-0.060976293108097865,-1.2119037445632928,-0.49543236927190526,-0.1371966536687488,-0.015244073277024466
2007,-0.8091185666980631,-0.876206374055182,-0.06708783678751928,-0.37175633569692834,-0.47094423792604745,0.842632929793231,-0.12204592780470896,-0.06607636028279451,-1.215075639264152,-0.5003670802574135,-0.14773975179166332,-0.026998497206195054
2008,-0.8085628145274065,-0.9160946948501396,-0.10753189130889144,-0.34960001442723265,-0.5105320445217885,0.8645414706861703,-0.09324813397182366,-0.04486849629060363,-1.1988306197161167,-0.48111874590358517,-0.13337151596285537,-0.010035376451288647
2009,-0.8178079245133749,-0.9186835154004459,-0.10087556101235524,-0.3591736043313654,-0.5057050683989545,0.8715905197833,-0.08696822297304582,-0.041720450464437654,-1.199880087670744,-0.48636714718817065,-0.13330201658159407,-0.012672957033509635
2010,-0.823179977927418,-0.868912124370152,-0.04573222099596767,-0.38872384118910835,-0.45732220995967676,0.8460460511487851,-0.10670850944448843,-0.060976293108097865,-1.2195258435236487,-0.5106764180861498,-0.15244073044045608,-0.030488146554048932
2011,-0.832665658226399,-0.8996840629498365,-0.06701843226390715,-0.3792462195056539,-0.4846458260587572,0.8685187690664214,-0.09764135110110175,-0.05182530280720541,-1.2103868725057945,-0.5012151169039523,-0.14920870170018016,-0.020312311579880955
2012,-0.8453604812702719,-0.940462992550249,-0.09510243983197957,-0.37298299543804925,-0.5147945587593936,0.8979155303046724,-0.0882138006762673,-0.042703790492481665,-1.1959494466282028,-0.49231379305613865,-0.1405516878393804,-0.014069824175981401
2013,-0.8429395749984981,-0.8947756910337368,-0.05183610146395717,-0.39568200182425123,-0.470150969939063,0.8720161395675812,-0.10518211274519787,-0.059374330784871525,-1.209120984525904,-0.5078060311205195,-0.14733024891139934,-0.026708064734633635
2014,-0.8384240267416627,-0.8917782721447527,-0.05335425472224421,-0.38872384118910835,-0.47256625877392133,0.868912124370152,-0.10670850944448843,-0.060976293108097865,-1.2119037445632928,-0.5030543936790275,-0.14481869671417955,-0.022866110497983837
2015,-0.8398520304222314,-0.9388620891035949,-0.09901005286145262,-0.36524446771129526,-0.5192988080264596,0.8939058006856737,-0.0971478527309256,-0.05195185179688029,-1.195879039242599,-0.48692738392582324,-0.13642301930390688,-0.014066766476873913
2016,-0.825268931434139,-0.8967764238818544,-0.07150754946819901,-0.3763230196195335,-0.48375839031620516,0.8624871034713856,-0.11069565396004383,-0.06205610978327536,-1.205972676468356,-0.4962594017443051,-0.1442538067453272,-0.02293052781646016
2017,-0.7996185577328174,-0.8470765134533487,-0.047458018489345416,-0.37507340431037156,-0.44754928646341624,0.8235468962019344,-0.12274152436504643,-0.06770641881663189,-1.2199733426780603,-0.5007015705037139,-0.15370436843327806,-0.031659748283300405
2018,-0.7926918057456951,-0.8917782721447527,-0.09908647571821189,-0.34299165746975757,-0.49543236927190526,0.8460460511487851,-0.10670850944448843,-0.05335425472224421,-1.2042817947094042,-0.4801883204576606,-0.14481869671417955,-0.022866110497983837
2019,-0.7982564891071647,-0.8998249915661138,-0.10156849687556342,-0.34745440718073867,-0.4979689927136087,0.8539833260307926,-0.10091137929984574,-0.05014961848015206,-1.1932170078194624,-0.4750359690508368,-0.1408575641679707,-0.014253987236388745
2020,-0.7999590814422607,-0.8534123670491249,-0.05345322970050215,-0.37252130452641535,-0.4484700150250576,0.8275707940429735,-0.12005571309357116,-0.05786022806878662,-1.2024105873367337,-0.4889911222233396,-0.15343308102635167,-0.020520643069828377
2021,-0.8001354360633977,-0.8766396385995621,-0.07650418164208835,-0.35678954848262645,-0.47398852780898565,0.8391305940788296,-0.11738129518672744,-0.04882571998021959,-1.2010399306035802,-0.48266811160345546,-0.14752362193352875,-0.021590419113623267
2022,-0.8079359291131736,-0.9070223209589974,-0.09908647571821189,-0.35061368187687986,-0.5030543936790275,0.8612901745162636,-0.10670850944448843,-0.04573222099596767,-1.196659695749048,-0.47256625877392133,-0.1371966536687488,-0.015244073277024466
2023,-0.8194807410393072,-0.8643152917010066,-0.04483461219952595,-0.38705363325239406,-0.4543414607947601,0.8433447842132646,-0.11952679656227211,-0.05982163129087867,-1.197718594294515,-0.47928922279305014,-0.14529564722769064,-0.015698184870615202
2024,-0.8246501294993636,-0.8614085422994806,-0.03675846217390022,-0.393664784900808,-0.4498963222551051,0.8416153961323205,-0.11423855086075796,-0.0521265761547511,-1.184731165302814,-0.4713947483663073,-0.1316770928522461,-0.009401716937212713
2025,-0.8204516979376848,-0.9132882201407535,-0.09283655198872699,-0.36425107519206273,-0.5017946218026009,0.8681483152237074,-0.09485557701102085,-0.0345509912339322,-1.1703660117346482,-0.45215806495438227,-0.11021362534102438,0.0031025696197948005
2026,-0.815557878967062,-0.899400296551875,-0.0838423989465046,-0.3658577679677414,-0.4878103448647829,0.8612901745162636,-0.10670850944448843,-0.04573222099596767,-1.1814156469348034,-0.45732220995967676,-0.12195258621619573,-2.742362173298785e-19
2027,-0.809795875819407,-0.868759227113808,-0.0589633787632024,-0.3719756433330245,-0.4632694132655314,0.843030686871496,-0.11740626613025473,-0.0562331415055957,-1.1853099439177273,-0.46153404113577906,-0.12708701189348437,0.0014577488351640079
2028,-0.8017986548698898,-0.9043549269964108,-0.10255626931403312,-0.34724747541156725,-0.5020257029042432,0.857241408889033,-0.10539612303972146,-0.04300357371055978,-1.1680292078051921,-0.4447305773826855,-0.10948954359174484,0.021271839512526668
2029,-0.8002997626320758,-0.9032714450781377,-0.10297165535766564,-0.34928342753690117,-0.4991564361459541,0.8548627832551358,-0.1123591754223706,-0.039407530369018964,-1.1687553042560739,-0.4453502035461244,-0.1098808128497475,0.01742527158090278
2030,-0.8079359291131736,-0.8536680755559074,-0.04573222099596767,-0.381101816781986,-0.4497001482759375,0.8308019277813067,-0.12957461994247227,-0.04573222099596767,-1.1814156469348034,-0.45732220995967676,-0.12195258621619573,4.281949918419665e-19
2031,-0.8178589236244529,-0.8777460640665845,-0.05988721164131617,-0.3789697483907823,-0.4699402201342378,0.8473651497422259,-0.11948180271022986,-0.0352036552242295,-1.1653247457754516,-0.4367890101228805,-0.11236193094303633,0.015104650735182962
2032,-0.8336156400914719,-0.9224023512606854,-0.08878672630841977,-0.37116658997359936,-0.5030042630132678,0.8785405592840094,-0.1123407964620992,-0.026653986314267058,-1.1505600821626252,-0.41468539027541296,-0.10118306636192684,0.02913428671756488
2033,-0.8502570542238197,-0.8916195385568572,-0.04136251774719594,-0.3996361253452307,-0.4626216025099307,0.8705063500684341,-0.12669264403464506,-0.032698776059010795,-1.162227611291732,-0.4230157151406001,-0.11049346123333456,0.01914057474874004
2034,-0.8612901745162636,-0.8917782721447527,-0.030488146554048936,-0.411589988963709,-0.45732220995967676,0.8765342233305082,-0.12195258621619573,-0.030488146554048932,-1.1585495737134364,-0.41921201337083136,-0.10670850944448843,0.022866110497983837
2035,-0.8720199578431649,-0.9420773773985279,-0.07005746082613362,-0.4007328502449226,-0.5020839219873464,0.9102266921488378,-0.10127993041958172,-0.02263679639224684,-1.136321851252011,-0.3975926693163267,-0.08612614277631159,0.03685776507642577
2036,-0.8793282021963529,-0.9147994125405358,-0.03547121967278406,-0.4204951200837703,-0.4717032084419806,0.9000352900068526,-0.10460527719148185,-0.029111481616750784,-1.1438497377012418,-0.4052579954844498,-0.08981847865300922,0.034471980061622935
2037,-0.8731585797532825,-0.8692028768332734,0.003955695920266103,-0.4340104850684085,-0.42839401902080754,0.8698874339859537,-0.11558702703512101,-0.040331044276797075,-1.1598550931222928,-0.42103040498555766,-0.09908963305284374,0.031859755096003084
2038,-0.8765342233305082,-0.9070223209589974,-0.030488146554048932,-0.41921201337083136,-0.4649442343667991,0.8917782721447527,-0.09908647571821189,-0.030488146554048932,-1.143305450345958,-0.4039679645565868,-0.07622036522022804,0.05335425472224421
2039,-0.8855389582478069,-0.9100959876289326,-0.024557063942068448,-0.427258338897724,-0.46674821685632334,0.9020381469619075,-0.08718870131700487,-0.020062844385042022,-1.1308051707830689,-0.3921815106472393,-0.05875347592213087,0.07018433537095532
2040,-0.8727717937116384,-0.8548781994622283,0.0178936373249449,-0.4404872892939692,-0.41848169599347457,0.8638154851385818,-0.10415414954665009,-0.03186661516889911,-1.1446952209942776,-0.4056398463534916,-0.06919140216538135,0.06074210790677469
2041,-0.8713019484282984,-0.8787508887433569,-0.0074488471454067,-0.4294180342996459,-0.44345094119253975,0.8708193094880269,-0.10212804767830506,-0.023965108217963698,-1.1353709354795665,-0.39765261331699053,-0.06356633535522892,0.06571023548084926
2042,-0.8841562477376304,-0.9146444199193535,-0.030488146554048932,-0.4268340377779537,-0.47256625877392133,0.899400296551875,-0.09146444199193535,-0.007622036638512231,-1.120439377124591,-0.38872384118910835,-0.05335425472224421,0.07622036522022804
2043,-0.8674033587475348,-0.86043710727815,0.00696619570356408,-0.4341857858091407,-0.42317386972336524,0.8650693449895117,-0.10947603840114958,-0.024891651404237804,-1.137120168121071,-0.4125169257922332,-0.0710531846634003,0.05862812112232561
2044,-0.857774387154354,-0.8539856908188055,0.003788694480458515,-0.4277903844448674,-0.4231399561203161,0.8541938755814178,-0.1108700757104291,-0.02823592139420645,-1.1396999447925606,-0.41684625830611355,-0.0739861220483749,0.05338089263722729
2045,-0.873737429366961,-0.9163482732040156,-0.042610827951002316,-0.4167343020112184,-0.4793149419467767,0.8967774336397081,-0.09604680424584974,-0.01130991299109299,-1.1233260152490572,-0.3996148447343738,-0.05600877329583146,0.06242487294245717
2046,-0.8765342233305082,-0.899400296551875,-0.022866110497983837,-0.4268340377779537,-0.45732220995967676,0.8917782721447527,-0.10670850944448843,-0.022866110497983837,-1.1356834259388358,-0.411589988963709,-0.060976293108097865,0.05335425472224421
2047,-0.8642285271600849,-0.8565967772427747,0.007631741843671115,-0.4322946448942183,-0.42019280618298566,0.8606679357390632,-0.11083426725413896,-0.03346177530695583,-1.145584400108532,-0.4223564579577794,-0.06560841489770364,0.055247103442226414
2048,-0.856681482556247,-0.8862926924488419,-0.029611230861558212,-0.411236854963655,-0.4544099167802426,0.8733844496499192,-0.09790671679188902,-0.021972873055267947,-1.1332753793779413,-0.4075443051107105,-0.04859431766905189,0.07038616940507955
2049,-0.8654455961713063,-0.8914394952813365,-0.025993966499832377,-0.4204328319380991,-0.45523913187590437,0.8820320467968954,-0.103955872761163,-0.02821891001762292,-1.140640271937846,-0.40649150110736787,-0.049940023789344534,0.06371964734767596
2050,-0.8841562477376304,-0.8536680755559074,0.030488146554048932,-0.45732220995967676,-0.411589988963709,0.868912124370152,-0.12195258621619573,-0.04573222099596767,-1.1585495737134364,-0.41921201337083136,-0.0685983268343744,0.05335425472224421
2051,-0.8955576133397802,-0.8795425345404545,0.0160150800730268,-0.4551804163499136,-0.43278788510452615,0.8872998794018061,-0.11885492608609786,-0.03643876177625695,-1.1429852091773511,-0.405129140279791,-0.06051393501170381,0.06917779901287242
2052,-0.9040378862729127,-0.9180859578528022,-0.014048071004426848,-0.4461296577701671,-0.4634831462280237,0.9098486180593481,-0.11072892735525337,-0.026882897818350196,-1.127049647489828,-0.3841185268220276,-0.04559547450727218,0.08030477925180605
2053,-0.905956733576646,-0.8826249050398334,0.02333184880316979,-0.4632321811365809,-0.42586449388356484,0.8899111253518172,-0.13029299808370626,-0.04532393138730398,-1.1399275631899313,-0.3939397910124439,-0.05982639397450662,0.06088325171301589
2054,-0.9070223209589974,-0.8765342233305082,0.030488146554048932,-0.4649442343667991,-0.41921201337083136,0.8917782721447527,-0.1371966536687488,-0.04573222099596767,-1.1356834259388358,-0.39634590287284754,-0.060976293108097865,0.060976293108097865
2055,-0.9089848736902039,-0.9153226773454801,-0.006337735062695364,-0.45076249164153614,-0.4563759940138731,0.9167316116953679,-0.11608684993277864,-0.01942212638101387,-1.1125503429787171,-0.37552303171364293,-0.03505887503301628,0.0880175218596613
2056,-0.8946613605327742,-0.8806994586565292,0.013961928739025678,-0.45298708147463757,-0.4320078543624789,0.8873563732596946,-0.12447199525192634,-0.020027218823361934,-1.1229889931117916,-0.37993815538845843,-0.03297519940225149,0.08463388075040854
2057,-0.8803984145580033,-0.8425811751000843,0.037817213856399176,-0.4546740908640795,-0.4019324474191707,0.8574332618221571,-0.13713356093866644,-0.03171337738915924,-1.1343899123242698,-0.3872382347308564,-0.03550865100198583,0.07811579469196014
2058,-0.8765342233305082,-0.8917782721447527,-0.015244073277024468,-0.4268340377779537,-0.4497001482759375,0.8841562477376304,-0.11433055248991919,-0.015244073277024461,-1.1128173527174687,-0.3658577679677414,-0.007622036638512234,0.10670850944448843
2059,-0.8639557382886399,-0.905053718180105,-0.041098017832424664,-0.40765873209595727,-0.46901667284789444,0.885602313185141,-0.10858730299651534,-0.009428648748567397,-1.1061582264437924,-0.3651518889115787,0.004255270410034769,0.11821209794714758
2060,-0.8589134326717468,-0.8656164410287757,-0.006703064281320134,-0.4225436103188974,-0.43225366306807234,0.8605929818349727,-0.12430745350482014,-0.028662965045205827,-1.124221367292095,-0.38806350275886037,-0.009472666856455146,0.1073979784203837
2061,-0.8600507097700125,-0.8928478028108112,-0.03279709236050459,-0.40937560095870407,-0.4596636383564381,0.8782153187374555,-0.11657479142418979,-0.026050776495882152,-1.1246610799745806,-0.3833526991854217,-0.0023102310058174336,0.12214231843734086
2062,-0.8536680755559074,-0.9222664443264759,-0.0685983268343744,-0.38872384118910835,-0.49543236927190526,0.8917782721447527,-0.10670850944448843,-0.015244073277024466,-1.120439377124591,-0.37347979237486373,0.007622036638512234,0.1371966536687488
2063,-0.851512105972081,-0.8691456422628764,-0.017633529551772442,-0.416792436688987,-0.4437292613288277,0.8604513247395823,-0.12282157629325255,-0.036515150704756486,-1.135908557272936,-0.3900722546868308,-0.009258168550908375,0.12063083794604267
2064,-0.8583134561096318,-0.8546158926431242,0.00369757699973288,-0.42896349776692755,-0.4252200278371177,0.8586474562775577,-0.13498630374601803,-0.0536231289245077,-1.14770197190672,-0.39971899972137426,-0.01882793162887621,0.10990162885859787
2065,-0.8739828969180876,-0.9062566081754041,-0.03227367218347261,-0.41739360371409767,-0.46931397917689444,0.8934281364719564,-0.1259654669798802,-0.03998967123945898,-1.1387995011256709,-0.3951082347110615,-0.015008405610336732,0.11574622828114604
2066,-0.8841562477376304,-0.8841562477376304,-4.662561821116377e-19,-0.4420781238688152,-0.4420781238688152,0.8841562477376304,-0.12957461994247227,-0.03811018261011402,-1.143305450345958,-0.4039679645565868,-0.030488146554048932,0.10670850944448843
2067,-0.8813114080870253,-0.8337645123005349,0.04754688421270415,-0.464559067979595,-0.39340353657325644,0.8578347469067218,-0.13955014054122006,-0.047789451403601114,-1.1531169371024474,-0.4075320210356904,-0.041567194672782554,0.097223664201489
2068,-0.8946093958396277,-0.8686432969516283,0.025966125955105453,-0.4607276838440182,-0.419667228454744,0.8793384732498077,-0.1261423862007067,-0.03347674077213245,-1.1357148993949275,-0.3931396820402949,-0.026574835213319433,0.10570046965685892
2069,-0.9087597822258119,-0.8731578410925513,0.03560197411220763,-0.47110918495320114,-0.4143274842596616,0.8877130701189774,-0.12572232850017784,-0.022087438820403406,-1.1289057805316678,-0.38965685798663185,-0.026102145958301792,0.10326867412671707
2070,-0.9070223209589974,-0.815557878967062,0.09146444199193535,-0.49543236927190526,-0.3582357062840022,0.8612901745162636,-0.14481869671417955,-0.030488146554048932,-1.143305450345958,-0.39634590287284754,-0.03811018261011402,0.09146444199193535
2071,-0.9069394640201988,-0.8338111049658071,0.07312835680977461,-0.489310847500066,-0.37704398460708966,0.8675355275368886,-0.13630005120511063,-0.022077867873776337,-1.1284034433890786,-0.3818424990897421,-0.023173208161822476,0.10062980713154998
2072,-0.8999818701643169,-0.8704666351850181,0.029515259943955294,-0.4635661916889121,-0.41574292605544494,0.8823692733331067,-0.1231601589561778,-0.005913899165612045,-1.1089756317448751,-0.35977615489031395,-0.0062022565804468015,0.11425144161063715
2073,-0.8879017426457472,-0.8265255035004805,0.06137621548335793,-0.4701619814235202,-0.37992919033485784,0.8577013931109088,-0.13371792791582804,-0.010436240385620554,-1.1149667886136216,-0.3598462459930662,-0.008972466911987846,0.11358546739633424
2074,-0.8841562477376304,-0.815557878967062,0.0685983268343744,-0.47256625877392133,-0.37347979237486373,0.8460460511487851,-0.12957461994247227,-0.007622036638512236,-1.1128173527174687,-0.3582357062840022,-2.523418248833765e-19,0.12195258621619573
2075,-0.8732383465711137,-0.8493725586945948,0.023865817826669432,-0.4446010403081854,-0.4125203560141519,0.8559119788039128,-0.10935533775118418,0.0071482906002547615,-1.098161869589047,-0.34373139594050706,0.015188022437146053,0.13620796768532833
2076,-0.8591774696500318,-0.8057067281919249,0.05347075703626765,-0.4541597534409492,-0.3769580047303537,0.8321590311475919,-0.1096539405876739,-0.00011716203571184613,-1.0998098353284589,-0.34948810082054493,0.0076105232914578215,0.1326951389273719
2077,-0.850553741552132,-0.7540375900704388,0.09651615827926134,-0.47407743339599395,-0.32745219325009145,0.8010898393013854,-0.11275736364958883,-0.0064306971735654875,-1.103656380758068,-0.3581121621910626,2.7478815695770684e-05,0.13173250348943305
2078,-0.8460460511487851,-0.7926918057456951,0.05335425472224421,-0.4497001482759375,-0.3658577679677414,0.815557878967062,-0.09146444199193535,0.015244073277024468,-1.0899512049428681,-0.34299165746975757,0.015244073277024468,0.15244073044045608
2079,-0.8406270055584568,-0.7970374822422657,0.043589466250027215,-0.44201033729206946,-0.3762369992560352,0.8182630272742443,-0.07589137453518664,0.025640303598574977,-1.0800245750290256,-0.3386424160271596,0.02444054552020188,0.16226379403101776
2080,-0.8315705443036416,-0.734718507267822,0.09685205945895797,-0.46416058598029075,-0.31727613067381505,0.7816876472643113,-0.07698455004213565,0.017438122346652866,-1.084966510954596,-0.34899962077005997,0.019058327159589165,0.15507392763411487
2081,-0.8317742813418081,-0.7450975750720435,0.08667678043337321,-0.45943585841156204,-0.3255173627028414,0.7844905933907769,-0.06074355275095582,0.029760667516103446,-1.076457097212421,-0.33527783079327644,0.027787006762819547,0.16585001258435816
2082,-0.8384240267416627,-0.7774476823782167,0.060976293108097865,-0.4497001482759375,-0.3582357062840022,0.8079359291131736,-0.04573222099596767,0.04573222099596767,-1.067085131721501,-0.32012550969515685,0.03811018261011402,0.17530684093843993
2083,-0.8326334542376167,-0.7258166110189391,0.10681683665342738,-0.46660617374395685,-0.30757206277496735,0.7803322283791374,-0.057589139014967955,0.03509336275955827,-1.0780206760771363,-0.3315514929147209,0.026913834315297726,0.1572390627656226
2084,-0.828389780283916,-0.7046164127409792,0.12377348239538341,-0.4731117290965972,-0.28458441469664275,0.7638679618352396,-0.05691147697941005,0.029660525236918256,-1.078361999037272,-0.3318653322204934,0.022557861563694902,0.1545882696482216
2085,-0.8301593279010111,-0.7397238528756861,0.09043552013316217,-0.4615293243114443,-0.3226293566197609,0.7814391842734992,-0.042966010643838204,0.0414324680658721,-1.0611537492859804,-0.3158403706051572,0.03336004317952764,0.17201625407008425
2086,-0.823179977927418,-0.7012273637537597,0.12195258621619573,-0.47256625877392133,-0.2896373934283591,0.762203633563972,-0.060976293108097865,0.030488146554048932,-1.067085131721501,-0.32774757137889604,0.022866110497983837,0.16006275484757843
2087,-0.8149858605686866,-0.6459251257403089,0.169060754018019,-0.4881378430986488,-0.23519907848631366,0.7316456349314532,-0.0836982532507129,0.008649409134081522,-1.0816582178711442,-0.3447609209240751,0.006182175787776789,0.14223456688220146
2088,-0.8162732357989897,-0.667965279496026,0.14830799853300008,-0.4806153531069007,-0.25611358560825137,0.7389922412469487,-0.07663034376323065,0.015378861114368744,-1.0731712103573736,-0.32971821177624594,0.01967880322638503,0.15847867256016857
2089,-0.8120186702553022,-0.6547030216418309,0.15731564093179085,-0.4844034460778937,-0.24445368696593525,0.7305496537990228,-0.08218700462851336,0.02156805018226019,-1.0668091915876674,-0.3197878443223382,0.031181620051689906,0.16613200624309443
2090,-0.8003138301528174,-0.5868968112638405,0.21341701888897685,-0.5030543936790275,-0.1829288839838707,0.6936053393466374,-0.11433055248991919,-4.451053393122653e-19,-1.0823291805357458,-0.32774757137889604,0.02286611049798383,0.15244073044045608
2091,-0.7931669620596448,-0.5979061768788031,0.19526081427065758,-0.48983160578653145,-0.20120771903926515,0.6924404028421951,-0.12912215818139877,-0.005717621363416436,-1.080429130797367,-0.3131828800206032,0.03592318526981025,0.16563321548760257
2092,-0.7889595279669613,-0.6377545543748222,0.15120496235171973,-0.46690205259656775,-0.24115922242371612,0.7107985828268331,-0.1328137486065211,0.010933259136668642,-1.062719024838312,-0.29399369899286865,0.060555305846865935,0.18700064268653502
2093,-0.7820259958321741,-0.5983620425412176,0.1836639760516319,-0.4785999692666326,-0.20400965784708025,0.6905054273059275,-0.15175919194795295,0.0010832249981131991,-1.0718093220386085,-0.30053127366307564,0.05778830193326037,0.17803994042979143
2094,-0.7774476823782167,-0.5868968112638405,0.190550908390993,-0.4801883204576606,-0.19817295143642377,0.678361215979159,-0.16006275484757843,-0.007622036638512231,-1.0747071561286234,-0.2972594364737899,0.060976293108097865,0.1829288839838707
2095,-0.7717321688467087,-0.6355619387066294,0.1361701526920703,-0.4530409329958219,-0.24705471995596512,0.698419413276659,-0.15671027194871015,0.012363764853651716,-1.051865528220526,-0.2812010148020423,0.08190742474624482,0.20999333288881133
2096,-0.7640271889896284,-0.6143655477881309,0.14966159387083147,-0.45771556146315834,-0.2289961232318792,0.6886426757300211,-0.17331142149347872,0.006580357453808031,-1.0649649429194126,-0.2932827770286528,0.07629159766181855,0.20663088854887912
2097,-0.7613890279010584,-0.5733977827426179,0.18799130675304843,-0.47371937988686114,-0.19406353129077447,0.6664397496877451,-0.1816144118239143,-0.009666919968229543,-1.082231753590765,-0.304972741673078,0.07022098626788563,0.1990995365376916
2098,-0.762203633563972,-0.6173849834455636,0.14481869671417955,-0.4497001482759375,-0.23628312938696067,0.6859833149395151,-0.16006275484757843,0.007622036638512231,-1.0594630327611452,-0.2896373934283591,0.09146444199193535,0.2210390619344076
2099,-0.7567690806226718,-0.6322849739486336,0.12448413780078588,-0.4365905348909188,-0.25028796046262625,0.6933257987023499,-0.15460932655972096,0.012873155837091737,-1.0579234322590265,-0.29060969644859275,0.09048667357552231,0.2256149115627544
2100,-0.746924612618029,-0.5834821976788667,0.16344241955534775,-0.45156285660223616,-0.20658044610364693,0.666120950418549,-0.17192560573867954,-0.0021970969503231487,-1.0789840154415995,-0.30729771225367986,0.07532455186515624,0.21406791288899757
2101,-0.7342180020259591,-0.6030051514427854,0.13121283543168297,-0.428783774296412,-0.23158448362826156,0.6681126020665404,-0.1731521561892678,0.00512336000942837,-1.0657814120988196,-0.29923323538969737,0.09243487416582713,0.22829820050405095
2102,-0.7240934369751267,-0.6478731183506697,0.07622036522022804,-0.39634590287284754,-0.28201535038292835,0.6859833149395151,-0.1676847978930092,0.015244073277024466,-1.0518410829072564,-0.2896373934283591,0.10670850944448843,0.24390517243239146
2103,-0.7179550798524552,-0.61853079298037,0.09942432918629339,-0.4073782236137105,-0.259312660344478,0.6688615027647524,-0.17871873565341836,0.0034043235015587766,-1.0685183540406635,-0.3015446996957704,0.09335612583081689,0.23734826332669015
2104,-0.710711819412181,-0.6225349216622545,0.08817687747852607,-0.40103004210449833,-0.26540748734537734,0.6645590061597183,-0.1836632828924878,0.002794978279037502,-1.0721011540823269,-0.3011208463669844,0.10124894813314561,0.2431622160335153
2105,-0.7087431446627502,-0.6914850617831314,0.017258085799919953,-0.36133538682775773,-0.3333500934034567,0.6958854342119047,-0.17092290888480172,0.0204947818394542,-1.0527377821202568,-0.28478830603653943,0.13013616628581615,0.2657775284075652
2106,-0.7164714125680044,-0.6936053393466374,0.022866110497983844,-0.3658577679677414,-0.3353695957860184,0.7012273637537597,-0.17530684093843993,0.015244073277024466,-1.0594630327611452,-0.2896373934283591,0.12957461994247227,0.2667712829303753
2107,-0.7263300046639847,-0.672866589058614,0.05346342448484372,-0.3896821420105365,-0.3106101311277305,0.6984227864434801,-0.1909154510631509,-0.0005967791756838382,-1.0752650674574051,-0.29944679849855094,0.1191652216957606,0.25739449925917096
2108,-0.7424432207451731,-0.7293141327780089,0.013129085407197242,-0.3757195569507999,-0.3558743582372495,0.7372648821580751,-0.17941897661325482,0.00901067773667977,-1.061347467984231,-0.2846457860749621,0.13493074297690938,0.2681987070955281
2109,-0.7584674363889199,-0.7481097499561946,0.010357681349913685,-0.3810668039187009,-0.36466561995171776,0.751783621673731,-0.16598160500433962,0.013626961091563809,-1.0503743719459826,-0.27303741762623185,0.14461313586641503,0.27286264950139066
2110,-0.7698257325243281,-0.7012273637537597,0.0685983268343744,-0.41921201337083136,-0.3125034852880345,0.7317155359354828,-0.17530684093843993,5.041462040521631e-22,-1.0594630327611452,-0.28201535038292835,0.12957461994247227,0.25914923988494454
2111,-0.7813613588238735,-0.7293321525892233,0.05202916923510278,-0.41402212649674835,-0.33531138473497174,0.7548678764744986,-0.16795245765881267,0.00820664594228461,-1.049538677736622,-0.2787965340009185,0.12644609402934837,0.26182012154460804
2112,-0.7861371540248924,-0.7859546853559649,0.00018244591038822912,-0.3898777756683728,-0.38808508037704276,0.7844905615240054,-0.1480494852273968,0.022949287221292358,-1.0386083037999247,-0.2699760289752672,0.1303500961855575,0.2705742268117007
2113,-0.7840186972001673,-0.7652629257455955,0.018755687062934116,-0.4026730171308327,-0.37078366338231483,0.7707590670141462,-0.15900766189567525,0.008145967832478498,-1.0603558030401445,-0.2919278399889962,0.10166956898372329,0.24909050605896296
2114,-0.7926918057456951,-0.7774476823782167,0.015244073277024468,-0.4039679645565868,-0.381101816781986,0.7850697813385727,-0.1676847978930092,-1.2570148571630527e-19,-1.0747071561286234,-0.3125034852880345,0.07622036522022804,0.22866110497983838
2115,-0.809852309923163,-0.849471078711716,-0.03961869984244175,-0.3815306793512308,-0.44133682429188575,0.8305746429117657,-0.14804318577664574,0.014258501887490657,-1.0648857645315295,-0.30931142893546437,0.07897154745761956,0.23052577524272871
2116,-0.8207668381124222,-0.8478557437050206,-0.02708887473339057,-0.39433431086162574,-0.43502194949644624,0.833024768690696,-0.15218420652118547,0.004043779396094261,-1.0818232709728484,-0.33175560770398954,0.05650882187604943,0.21285692001602383
2117,-0.8231032217369662,-0.8222161240109747,0.0008871092161644255,-0.4129926280205321,-0.4109226015752871,0.824019657860299,-0.17095873822126198,-0.02167225857775713,-1.1118207652765082,-0.36659606559350677,0.022041396148653483,0.1824725490724225
2118,-0.8308019277813067,-0.8841562477376304,-0.05335425472224421,-0.38872384118910835,-0.4649442343667991,0.8612901745162636,-0.15244073044045608,-0.015244073277024466,-1.1128173527174687,-0.3658577679677414,0.022866110497983837,0.1829288839838707
2119,-0.8425317547647004,-0.9178831042725228,-0.07535135300977173,-0.3798406677720357,-0.49141522148355776,0.8813058173802869,-0.13458753470251872,-0.004624992428498516,-1.1135538646281748,-0.366234718714434,0.021613173892065622,0.18257108660170981
2120,-0.8488870537370946,-0.8773425012272386,-0.02845545769003,-0.4082834632850438,-0.4523185048465164,0.8621810445924771,-0.14636546127128547,-0.016768134399529712,-1.1322121045379159,-0.38774255313929484,0.001996092566188679,0.1574474023316272
2121,-0.8556517307261381,-0.9020177537907732,-0.04636599931175041,-0.40491321635415795,-0.47328582649761197,0.8797400152478738,-0.13761978185368015,-0.008996711444205071,-1.1312570530595578,-0.3826075500708881,0.003627186188131776,0.15605623937104537
2122,-0.8612901745162636,-0.9451325175478427,-0.0838423989465046,-0.38872384118910835,-0.5106764180861498,0.9070223209589974,-0.11433055248991919,0.007622036638512233,-1.120439377124591,-0.3658577679677414,0.015244073277024466,0.1676847978930092
2123,-0.8595491693239737,-0.8982370993956554,-0.0386879885123654,-0.4109448520019943,-0.46481593465239934,0.8833728627684868,-0.11871429404552673,-0.00403602093974466,-1.125511049045008,-0.376652629096434,0.009646258448802014,0.15046138250521318
2124,-0.8671236120423105,-0.891286928093042,-0.02416332689575485,-0.41914963431206104,-0.45316486480754953,0.8808735336960956,-0.11910544647714624,-0.003967861016468134,-1.1226445303287027,-0.37850900605537,0.009221592383732458,0.14391086659089328
2125,-0.8790012887617958,-0.9560231938571134,-0.0770219387284339,-0.39762017703113356,-0.5139678143527073,0.9172373123251927,-0.10152218476718936,0.010746523129029104,-1.1079981954512819,-0.36039181220875316,0.016478785011679056,0.15455655323953604
2126,-0.8841562477376304,-0.9451325175478427,-0.060976293108097865,-0.411589988963709,-0.5030543936790275,0.9146444199193535,-0.10670850944448843,6.877956886024322e-19,-1.1128173527174687,-0.3658577679677414,0.007622036638512234,0.14481869671417955
2127,-0.8891261649400881,-0.9119760671198035,-0.022849882223069003,-0.43095618919170364,-0.4641436048506863,0.9003132838669993,-0.11722442909602807,-0.010083988058659964,-1.1209388771643816,-0.37628453887188895,-0.0011453392554007483,0.13558258116732494
2128,-0.8943496740181262,-0.9606488928473733,-0.06629919567713867,-0.408599104755599,-0.5112423741375167,0.9291300663973728,-0.10096388830887512,0.0016712452349316143,-1.1112979773390104,-0.3597912667226474,0.005348942213811472,0.14262803302926652
2129,-0.9013903179569362,-0.9763015160984305,-0.07491117756963683,-0.41082757978088186,-0.5255871405412161,0.9433057886942011,-0.09175088898976133,0.0073407526498500825,-1.1037402324112442,-0.3508369527630167,0.005578895645626332,0.1426862679448388
2130,-0.9070223209589974,-0.9298884687335982,-0.022866110497983833,-0.4420781238688152,-0.47256625877392133,0.9222664443264759,-0.10670850944448843,-6.325011978353629e-19,-1.1128173527174687,-0.3658577679677414,-0.007622036638512235,0.12957461994247227
2131,-0.9056226837595156,-0.9532480991559967,-0.047625372966965854,-0.4288586384441523,-0.496035449619106,0.9327815510573767,-0.10518312793650618,0.007760037815590516,-1.1099459322450995,-0.3640569457867938,-0.005841698308874302,0.13056892499380124
2132,-0.908555188609687,-0.9982157629836074,-0.08966053144499157,-0.4099191725729234,-0.5406325633466333,0.9580052435142262,-0.08885032188008482,0.028762762867520632,-1.0940497138114669,-0.34777658984145454,0.010004439694700133,0.1505290788291388
2133,-0.9024043296672822,-0.9540618905048914,-0.05165752429986013,-0.424525618447119,-0.49885423335669193,0.9309676010093508,-0.09611399792492896,0.02712548689248544,-1.1024040809595985,-0.3556386566305373,0.0025906778328141393,0.14844639613766686
2134,-0.8917782721447527,-0.9375104931407205,-0.04573222099596767,-0.41921201337083136,-0.4878103448647829,0.9146444199193535,-0.09908647571821189,0.022866110497983837,-1.1128173527174687,-0.3658577679677414,6.758721792635983e-19,0.14481869671417955
2135,-0.8920180051457136,-0.98639765247288,-0.09437966233315219,-0.39713927063821153,-0.5365359557276546,0.9416253048451528,-0.07910881253749602,0.041520222719022976,-1.0935338115678763,-0.3534804581164296,0.025723300904532655,0.16961602690033195
2136,-0.8836163256822245,-0.963449642247728,-0.07983331570270294,-0.40384595882508806,-0.5180664288804517,0.9287747026432465,-0.08197387759073688,0.04231243708228651,-1.0923518087346886,-0.3518293032113231,0.025752403359803715,0.1718163590436882
2137,-0.87436213858583,-0.9268194175117819,-0.05245729858740263,-0.40907492606979673,-0.48548848426548297,0.9030486787604562,-0.09118766497216511,0.027140244603343508,-1.1067352479778845,-0.3582114069925836,0.015012829358479805,0.157788322952786
2138,-0.8765342233305082,-0.9832427141366882,-0.10670850944448843,-0.381101816781986,-0.5411645902678729,0.9298884687335982,-0.0685983268343744,0.03811018261011402,-1.0899512049428681,-0.34299165746975757,0.03811018261011402,0.17530684093843993
2139,-0.8700931787221745,-1.0046153595901282,-0.13452215289882824,-0.3677567023997172,-0.5690610599965791,0.9376187314148907,-0.05684153632164498,0.04885308822877453,-1.071824804801476,-0.3323864224824666,0.04965121817098634,0.1863902689929583
2140,-0.8694918940401014,-0.9607168827194006,-0.0912250018962127,-0.3867814143982893,-0.5247833210245303,0.9143138331485705,-0.07219475559641879,0.03518970780039417,-1.0834172105359017,-0.3426063955301306,0.03674252520986764,0.17379536634067888
2141,-0.8780126052961199,-0.98478439375558,-0.10677188268012566,-0.3825117608920275,-0.5411107847495766,0.9326121089564741,-0.07416143535051399,0.032303330795848996,-1.0876972517703467,-0.33850037821360207,0.04293824986076071,0.1801969552049449
2142,-0.8765342233305082,-1.0213528361722997,-0.14481869671417955,-0.3658577679677414,-0.5792747868567182,0.952754541954965,-0.0685983268343744,0.03811018261011402,-1.0823291805357458,-0.32774757137889604,0.05335425472224421,0.190550908390993
2143,-0.8743483625362364,-0.9707054586773467,-0.09635714719421684,-0.38592601904385304,-0.5303611192013232,0.9232931281512323,-0.08416580353153036,0.021960977318409774,-1.096796065603257,-0.3428379323217135,0.03727254887051628,0.17343193602938406
2144,-0.8781254270736825,-0.9470732784943334,-0.0689478862637479,-0.4021534061585693,-0.5030919661224428,0.9135830718559794,-0.0977820629027017,0.012216179892065271,-1.1106438977634803,-0.35660615411126007,0.02488124404393702,0.16568831607754228
2145,-0.8730863435091752,-0.9863637932462787,-0.11327744483571073,-0.37998573170221317,-0.5473540516389536,0.9344865896100184,-0.08604486111645149,0.02954759377296752,-1.0994960411552153,-0.3459500266366606,0.03329667660173589,0.17942165479923378
2146,-0.868912124370152,-0.952754541954965,-0.0838423989465046,-0.38872384118910835,-0.5182984797698891,0.9146444199193535,-0.0838423989465046,0.030488146554048936,-1.1051953283103464,-0.35061368187687986,0.022866110497983837,0.17530684093843993
2147,-0.8740988282039246,-0.8830399259814854,-0.008941098059907589,-0.4281046071205322,-0.44295428676470794,0.8795094583482079,-0.09278820364576772,0.011226053823732988,-1.130091499619457,-0.3751046827326405,-0.0038767138501501013,0.16053004235998736
2148,-0.8785995091457008,-0.8798857455218735,-0.0012862199729170944,-0.43544178708314163,-0.43763859183453185,0.8771859185151366,-0.08038324616786602,0.008657354436295044,-1.1359008567415816,-0.3867076621243756,-0.007609253181450337,0.1636326785179246
2149,-0.8876333171041193,-0.8305287730604956,0.057104586528885684,-0.46829956362721586,-0.38785132240998577,0.8548099170455041,-0.07997561164002132,0.0020595086879906426,-1.1523800176546333,-0.40648207383162044,-0.013287371267769028,0.16597442394086187
2150,-0.899400296551875,-0.6936053393466374,0.20579499448185457,-0.5487866146749952,-0.24390517243239146,0.7926918057456951,-0.10670850944448843,-0.03811018261011403,-1.2042817947094042,-0.45732220995967676,-0.04573222099596767,0.15244073044045608
2151,-0.9035556487332079,-0.6133950363788496,0.2901606492704286,-0.5929549815764662,-0.15804901540167382,0.7572902438218658,-0.10905566484743898,-0.07553296190820989,-1.2413981143452162,-0.49641820890188526,-0.05902683989078497,0.15261825238596907
2152,-0.9180077884317144,-0.5602172041696923,0.3577906099023941,-0.6354354289825819,-0.09869708032585182,0.7405559985681225,-0.10958466778499147,-0.10220741863935093,-1.2684458426381733,-0.5183742734167516,-0.04179295670107435,0.1746404600293447
2153,-0.9317739051279417,-0.4161632419871806,0.5156106542189918,-0.7246621554096365,0.04847031127111988,0.6723884877651971,-0.15513991229953925,-0.15969572588108413,-1.322660254266659,-0.5683096293421488,-0.040453326123731245,0.1834748447045585
2154,-0.9222664443264759,-0.2896373934283591,0.6326290695364251,-0.7774476823782167,0.1676847978930092,0.6021408973547021,-0.19817295143642374,-0.2210390619344076,-1.3719666298790303,-0.6097629217618243,-0.03048814655404894,0.19817295143642377
2155,-0.9002375190036781,-0.23248885138879505,0.6677487192136295,-0.7804122966285718,0.21355063158923257,0.5660366282028574,-0.22006301765726805,-0.25811566802870417,-1.393326871876376,-0.6050838578710629,0.018815503734585785,0.2429096076822279
2156,-0.8706433347096001,-0.11353466165783313,0.7571086564117182,-0.8114942709347638,0.3183586250991858,0.4902253792795248,-0.28529119591290253,-0.31807788678076665,-1.4242465007196883,-0.6039356314211847,0.06881015546480533,0.2836319068313534
2157,-0.832064529433751,0.022067266026252343,0.8541317485768005,-0.8441579203539642,0.4339098024523574,0.4014457124219681,-0.38073716335276236,-0.3842125909843934,-1.4534936705644033,-0.5927006424926262,0.13357917757814775,0.3335352956960109
2158,-0.7850697813385727,0.053354254722244206,0.8384240267416627,-0.815557878967062,0.4420781238688152,0.3658577679677414,-0.46494423436679916,-0.41921201337083136,-1.4481868739502535,-0.5259205414536282,0.25914923988494454,0.434456062185076
2159,-0.7148836067443674,0.09874818661885454,0.8136317535444965,-0.7689770682144986,0.45559118007917665,0.30595716874793194,-0.5887685578215353,-0.4745546894316063,-1.4472500829151749,-0.45379701336757194,0.40277917462726454,0.5457054239217309
2160,-0.6225754709051129,0.19454343050240683,0.8171188437400649,-0.7208446270826117,0.5048846826954939,0.2085053257200451,-0.7763531573508056,-0.5618966352466024,-1.4709770709648227,-0.39205831266044955,0.5474892817390944,0.6465283366686138
2161,-0.5210265144660948,0.17580307005774817,0.696829584962465,-0.609761846478765,0.43131648850487314,0.17024823011771056,-0.9691935748131688,-0.6280778959604347,-1.4610550549465693,-0.2866402655811006,0.7408098170131538,0.7806477414107371
2162,-0.4039679645565868,0.053354254722244206,0.45732220995967665,-0.434456062185076,0.2515271968395138,0.17530684093843996,-1.1661715981205587,-0.678361215979159,-1.4253209498353538,-0.15244073044045608,0.9603766409153212,0.9298884687335982
2163,-0.27535256395271307,-0.07631816720313078,0.19903438065982132,-0.23582356944072608,0.06361661196621476,0.1756501477506755,-1.3848831731647109,-0.7371389678041522,-1.4081506917390716,-0.03252777868820744,1.155356000891369,1.0464177852726897
2164,-0.16863281190846474,-0.3476795516616829,-0.17904668987045763,0.011164935604905845,-0.25843042249332543,0.25862682065507003,-1.5782260436957785,-0.7769505603118603,-1.3739149119955183,0.09591759406412509,1.350070475359869,1.155566563649522
2165,-0.08844343709867489,-0.8133263052937469,-0.7248829151251955,0.3203176644219826,-0.7662793999470358,0.4503622440700891,-1.7349327455091292,-0.787071627559726,-1.3144496392080227,0.23510671408372885,1.5344911384858264,1.2553609876714413
2166,-0.015244073277024468,-1.3109902855155842,-1.2957462367013395,0.6402510193903137,-1.3033682611084618,0.6631171671649144,-1.8902650350956853,-0.8003138301528174,-1.2957462367013395,0.3353695957860184,1.6539819802619584,1.2957462367013395
2167,0.03701288030149041,-1.8336121801130436,-1.8706249361477134,0.9567020275190664,-1.8527066638607015,0.901855172289104,-2.010169227351918,-0.8063120176128825,-1.2999259417881306,0.40848657438672964,1.7331930292223579,1.2999497757454987
2168,0.057228193375548575,-2.452310102795256,-2.5095384300226664,1.287863828006584,-2.47893129593974,1.199696205513398,-2.0627933632423003,-0.7758578050024194,-1.2719522945049326,0.4875699988265304,1.8136628364828637,1.3095225372499895
2169,0.07735687542813167,-3.0088686617888483,-3.0862256434961894,1.585197549788036,-3.0433047681683805,1.4653548629950381,-2.089421834285488,-0.7336018390594834,-1.2421476927461335,0.5375354601985053,1.8615717227265232,1.2919982264930951
2170,0.09908647571821189,-3.422294624843687,-3.521380942136277,1.8140446419179947,-3.468026473073486,1.6616038555626134,-2.1113041902216354,-0.6936053393466374,-1.2347699668911272,0.5564086763587344,1.8597769374671964,1.2423919167450157
2171,0.1006365270321147,-3.8141609033791886,-3.9147975084028137,2.0121862435024163,-3.8608923840378124,1.8563504110436468,-2.0812920623672406,-0.619745780926182,-1.1909069822318759,0.6036446402141986,1.8568562808731335,1.2102921725887068
2172,0.10341472988324338,-4.13570081078886,-4.239115660235026,2.1728266622827404,-4.183204433072907,2.0183261533493018,-2.0052503736524296,-0.5200066878433268,-1.1114232228531091,0.6625128809963732,1.8590496410493151,1.185335243103574
2173,0.12058138044107294,-4.260191874930607,-4.380773417039261,2.250540550063062,-4.317326511643641,2.0733256347562903,-1.9517476948096673,-0.44151243847891586,-1.0606957586584274,0.6803153243572866,1.817502300719147,1.129366739905303
2174,0.12195258621619573,-4.314072673328738,-4.436025362055631,2.2789888762847936,-4.375049166798652,2.096059992300923,-1.8978870595028077,-0.37347979237486373,-1.0213528361722997,0.678361215979159,1.7530684466610165,1.0747071561286234
2175,0.10090054676456695,-4.375284446239437,-4.476184563874147,2.2880269161378055,-4.426627782716281,2.136776830623672,-1.8132420806613814,-0.30892911016809865,-0.9771161578327248,0.6562979108470723,1.6774700201930615,1.0286564122339397
2176,0.07421275435414268,-4.315422094196525,-4.389634736574125,2.2340895360964605,-4.349951436022808,2.1207863645596685,-1.7642812833038417,-0.29340266252170805,-0.9953662754444125,0.5574345383592048,1.5351784352406255,0.9444642317719097
2177,0.040752606967217456,-4.167075450063191,-4.207828247482345,2.128225572741529,-4.184075811463067,2.06355401674645,-1.7276643095216477,-0.3092624629189783,-1.0545850872008888,0.40566888621687053,1.3609161700614025,0.8452406863399841
2178,-0.015244073277024466,-4.077789618495011,-4.062545271467831,2.0274617726368223,-4.070167594087889,2.050327845858189,-1.6387377823412463,-0.3125034852880345,-1.1051953283103464,0.25152719683951374,1.2042817947094042,0.7698257325243281
2179,-0.08448813070682014,-3.959430323849915,-3.874942175738629,1.8997455567012345,-3.917708517983173,2.026732822376477,-1.5390885557453728,-0.32162036826076595,-1.1798680178714174,0.0779142912031884,1.0203016979441468,0.682092197701238
2180,-0.14544706887588352,-3.7460511586472602,-3.600604442297576,1.728671946613748,-3.6727256716618966,1.9469917954462286,-1.439659137910116,-0.3348812064797543,-1.2663894215148186,-0.10425221680130574,0.8216229347058348,0.5802193764278682
2181,-0.20167028637872894,-3.583197239126697,-3.3815272068995994,1.5907535213666448,-3.4828124971814614,1.892771919087134,-1.293686147337726,-0.31737108869943653,-1.3129699956132148,-0.24884579967151566,0.6569333861420108,0.5022740636193068
2182,-0.25914923988494454,-3.4527824242592415,-3.1936332962041476,1.4710529471716203,-3.3232077111252267,1.8597769374671964,-1.120439377124591,-0.2743933073374976,-1.3338563587369512,-0.3582357062840022,0.5106764180861498,0.434456062185076
2183,-0.31046175447584284,-3.229924402561525,-2.9194625477939944,1.3051947624690496,-3.0716802848289597,1.7749651720714021,-0.9630999028146291,-0.2336247298246612,-1.3562395203842788,-0.45776399342543306,0.35998500078195833,0.34859020831549653
2184,-0.3632141407450714,-3.040623513428262,-2.6774095445615314,1.1584963372636454,-2.854689333184722,1.7031219278369447,-0.8116281042852416,-0.18914023287528137,-1.368171529281419,-0.5337734581267551,0.22885389131664302,0.2728081090138983
2185,-0.4253852461400545,-2.9484996812461106,-2.5231147750612495,1.0527685837148375,-2.732271671372649,1.6873503815615096,-0.6442394755737215,-0.12031772886186001,-1.3454467209215135,-0.5623530452003838,0.14051325595501019,0.2309424474110353
2186,-0.49543236927190526,-2.804909455015039,-2.309476973913283,0.9070223209589974,-2.553382351367067,1.6539819802619584,-0.5030543936790275,-0.0685983268343744,-1.3262343343298288,-0.5868968112638405,0.053354254722244226,0.17530684093843993
2187,-0.5738494448807643,-2.637428546281892,-2.0635789369930553,0.7439810441944597,-2.346402199680924,1.6102259137766592,-0.395214902775228,-0.048207293454507784,-1.3278615971709198,-0.6257864595233551,-0.04901372648226035,0.10102548346424357
2188,-0.6568224925614445,-2.567522512877331,-1.910700083738116,0.6290039661887312,-2.235817674253636,1.6138307485697414,-0.27912520977399385,-0.00920860561586798,-1.3125990902734144,-0.6354127131401484,-0.11965090607818231,0.05910054362347394
2189,-0.732841293844354,-2.4782518976859054,-1.7454106665501288,0.510740463493085,-2.1075033056559405,1.6051758658437127,-0.18846109795915586,0.02056636837181631,-1.3021326094406673,-0.6489537295404181,-0.1856375844942708,0.008959174670475313
2190,-0.8003138301528174,-2.309476973913283,-1.5091632183136994,0.3582357062840022,-1.90550908390993,1.5548953647564334,-0.1371966536687488,0.022866110497983844,-1.3033682611084618,-0.678361215979159,-0.25914923988494454,-0.05335425472224421
2191,-0.854780882815571,-2.1982415261938875,-1.3434606812723895,0.24459553745462803,-1.7705318742949703,1.5267739003016207,-0.06496583633466753,0.05358244782459469,-1.2706563505686135,-0.6613202892642557,-0.2879973661639403,-0.06842642002891738
2192,-0.8894597918543511,-2.1218263312832426,-1.2323664716354155,0.1731850963666057,-1.675589060181986,1.5051148688211538,0.006401792462916831,0.09052582912573909,-1.2370846944169507,-0.6266236506189646,-0.2977165996343024,-0.07968511408249555
2193,-0.9151079710052041,-1.9531348494193286,-1.038026828986586,0.06526361717614412,-1.491209775036479,1.4349329755145137,0.04009539170830383,0.10249579791514792,-1.2194487223610122,-0.6130424983362835,-0.3199666516986255,-0.10638253735007003
2194,-0.9375104931407205,-1.79880059310375,-0.8612901745162636,-0.03811018261011402,-1.3262343343298288,1.3719666298790303,0.07622036522022804,0.12957461994247227,-1.1814156469348034,-0.5792747868567182,-0.32012550969515685,-0.09908647571821189
2195,-0.9491492112673827,-1.7224663970831804,-0.7733172413538021,-0.08892820688992663,-1.244152022176618,1.3401365585120926,0.12549011370258292,0.17238725916271241,-1.1323987176434678,-0.524915467579385,-0.29721218626366525,-0.07916689775449937
2196,-0.9593653136107292,-1.593967448545601,-0.6346020337297065,-0.15994797434133592,-1.110608589867492,1.2787512192394819,0.14973134037096175,0.19362702024432116,-1.1011995666119683,-0.49190816965134915,-0.28016550736618595,-0.07639957788247792
2197,-0.9714525245218364,-1.4424220636418834,-0.47096952984350493,-0.24625501039238834,-0.952593045258871,1.206147226049997,0.155312605749692,0.202733410862231,-1.081823998781455,-0.4716184260070993,-0.2700623895543564,-0.07350272811204495
2198,-0.9832427141366882,-1.3948325539939297,-0.411589988963709,-0.28201535038292835,-0.899400296551875,1.1890377458951595,0.17530684093843993,0.23628312938696067,-1.0442189839469005,-0.4268340377779537,-0.23628312938696067,-0.04573222099596767
2199,-0.9907416740189389,-1.340889163588099,-0.350147504312014,-0.31634503546619186,-0.844872334653647,1.1693297469976836,0.19161785776642382,0.2662413920346409,-1.0027544392724377,-0.380477464035756,-0.1960703350224723,-0.012626416770046077
2200,-0.9838966479091592,-1.217942535981245,-0.23404583595252534,-0.3724456304220287,-0.7260582631136242,1.1032597053049147,0.18374644277370594,0.2584910937865483,-0.997003845174766,-0.36747468565356745,-0.1892861920612049,-0.005708496314102408
2201,-0.9711206061843791,-1.1678398227093383,-0.19671926354573055,-0.3882417479498551,-0.6825852118713688,1.0688405370631844,0.18750351589098324,0.26732738860667155,-0.9789150647125413,-0.3478779271666294,-0.17335646639481578,0.0076325060525345685
2202,-0.9603766409153212,-1.1585495737134364,-0.19817295143642377,-0.381101816781986,-0.678361215979159,1.0594630327611452,0.2057949944818545,0.30488146088091217,-0.9375104931407205,-0.3125034852880345,-0.1371966536687488,0.03811018261011402
2203,-0.942880800924707,-1.0620791291151548,-0.11919831229414748,-0.40801090270590634,-0.5871282363524855,1.0027466867585975,0.20175279160648685,0.3090361053075902,-0.9328955147244204,-0.30391329656503074,-0.1296126820577776,0.045927600747457185
2204,-0.9254783823496392,-0.9945914939585071,-0.06911315855760972,-0.4264762642762465,-0.5298183140859901,0.95976308052817,0.20074876406578543,0.305568271083379,-0.9320940222849262,-0.2971286734668311,-0.11790978875643046,0.05371886190384908
2205,-0.9074437596953291,-1.0099852938586649,-0.10254160962002705,-0.4021799563590156,-0.556163514464893,0.9588570134204573,0.2336256549020666,0.3423489087282236,-0.8904119114618652,-0.2602870635018836,-0.07787469374408937,0.08884569474187085
2206,-0.8917782721447527,-0.9679985907692097,-0.07622036522022804,-0.4039679645565868,-0.5182984797698891,0.9298884687335982,0.25152719683951374,0.3658577679677414,-0.868912124370152,-0.23628312938696067,-0.060976293108097865,0.10670850944448843
2207,-0.8897141333004355,-0.9050005208432134,-0.015286411450745399,-0.432913322167902,-0.4557219943723787,0.8972645195502503,0.24260598548331305,0.356983035137186,-0.8729126792429381,-0.23290786130480828,-0.059332732531396794,0.10335892429496829
2208,-0.892117136549767,-0.9339299368164116,-0.04181282976133656,-0.42170470728123627,-0.4846840189034344,0.9132293607822394,0.2558638703931949,0.37199287226818617,-0.8453641217863667,-0.2102947992547946,-0.03288754971291618,0.1224332729792911
2209,-0.8902983909279187,-0.9435836965873706,-0.05328532008918575,-0.41489841934433647,-0.49424063430273923,0.9164005497018125,0.26567766066754456,0.3914762224284972,-0.8171796990466109,-0.18412981162295278,-0.011442939260677324,0.1392792895484755
2210,-0.8917782721447527,-0.8841562477376304,0.007622036638512235,-0.4497001482759375,-0.434456062185076,0.8841562477376304,0.24390517243239146,0.381101816781986,-0.823179977927418,-0.1829288839838707,-0.015244073277024466,0.12957461994247227
2211,-0.8966047221439175,-0.8929235019437491,0.003681257358589881,-0.4514871010602537,-0.4435730688495887,0.8922671572308867,0.24392927748387164,0.38729458691819985,-0.8099229291399591,-0.17004705302911016,-0.0018912143783881893,0.1370785300698263
2212,-0.9007608587885436,-0.9411385344823762,-0.04037761032697253,-0.4268730502315331,-0.4919128282830227,0.9256522234074004,0.2609758615950101,0.40902438637524896,-0.7855512319726037,-0.14303624958400835,0.021036191054978205,0.1539411498817685
2213,-0.8960848694365944,-0.8992201670490867,-0.00313528849067882,-0.4437932035088438,-0.4498947718547,0.8988166245596092,0.24144623905107257,0.3955024534717594,-0.7999652009572166,-0.15122750356320544,0.007085855191343096,0.13564612781732513
2214,-0.8917782721447527,-0.868912124370152,0.022866110497983837,-0.45732220995967676,-0.41921201337083136,0.8765342233305082,0.22866110497983838,0.381101816781986,-0.8079359291131736,-0.16006275484757843,-0.007622036638512231,0.12195258621619573
2215,-0.8969589854686201,-0.9146756109313117,-0.017716601046131385,-0.43636645199546126,-0.4652700511682393,0.9086217412037417,0.2533409916080538,0.3987787979545177,-0.7814254785057075,-0.1345318262652722,0.006189768626606217,0.13623846068242984
2216,-0.8971427490477166,-0.8977075364826552,-0.0005647667875198876,-0.4460136541662963,-0.44856657626841057,0.8981741523471066,0.2552112985094692,0.40067992761679205,-0.7835760902474231,-0.13590043457285442,-0.003561722120910007,0.12477001470661885
2217,-0.8884168997061993,-0.8408548520749832,0.047562029960093184,-0.46802445006335147,-0.3914149561090765,0.8603960768636293,0.24248744774055436,0.38533557207672425,-0.8031474870057789,-0.15584510497108536,-0.02813773434215841,0.10293170410157378
2218,-0.8917782721447527,-0.8765342233305082,0.015244073277024463,-0.4497001482759375,-0.4268340377779537,0.8841562477376304,0.2667712829303753,0.4039679645565868,-0.7850697813385727,-0.1371966536687488,-0.015244073277024468,0.12195258621619573
2219,-0.8991443046657317,-0.9042785957884204,-0.0051342662581509955,-0.4424717135359218,-0.45506124263996484,0.8995430081396176,0.2843702382853191,0.42201612771408165,-0.7672450867176145,-0.12462797891435115,-0.0031348847953579302,0.13480799366508206
2220,-0.8937614671640202,-0.8531009098739288,0.04066055392661601,-0.4641704014383412,-0.4035765655823996,0.8693956952818398,0.2747529283676708,0.40777866403225954,-0.7752068580695255,-0.14066209065898178,-0.020808196711612093,0.115104081146191
2221,-0.8921518299969332,-0.8587752028612682,0.033376629077168575,-0.4585022268474986,-0.40968543263530005,0.8776453770877728,0.2910570473823121,0.42084427979606315,-0.7605651127530305,-0.12929010612077135,-0.01757545417688306,0.1204641253592391
2222,-0.899400296551875,-0.9070223209589974,-0.007622036638512234,-0.4420781238688152,-0.45732220995967676,0.9070223209589974,0.3125034852880345,0.4497001482759375,-0.7393375603426051,-0.11433055248991919,-1.0373451038455909e-19,0.1371966536687488
2223,-0.8943564823676188,-0.8668314542692518,0.027525016603528032,-0.4575937862177787,-0.4166810916605534,0.881503584665047,0.2999386742330097,0.43840157865005697,-0.7498447118004838,-0.1332622922835089,-0.010610667430432513,0.12013437945281266
2224,-0.8858557963038978,-0.8307835574125465,0.0550722673995246,-0.4657973724696915,-0.38513880831223474,0.8564905519032648,0.3057814319383718,0.4412466846774005,-0.7494176175521138,-0.12802159218057574,-0.013641279904393068,0.11548817178069133
2225,-0.8822377662842912,-0.8784863784064965,0.0037514133002300243,-0.4403251817887277,-0.43778923877362513,0.8758101032431553,0.33616507623994457,0.4743181903515916,-0.7227929313605812,-0.09923667042296065,0.005863036404291502,0.13504532973145497
2226,-0.8765342233305082,-0.868912124370152,0.007622036638512231,-0.4420781238688152,-0.4268340377779537,0.868912124370152,0.3353695957860184,0.47256625877392133,-0.7240934369751267,-0.10670850944448843,3.082975379266122e-19,0.12957461994247227
2227,-0.8649841374480537,-0.8036272784293251,0.06135677779485579,-0.46059757897874576,-0.3657712651735879,0.8339031838195193,0.3245705720934966,0.4599962200291441,-0.7352065194041397,-0.11814109769560309,-0.016508249381318632,0.1188981533233747
2228,-0.8533478813099835,-0.8232566403762138,0.03009125624378257,-0.43680700214680823,-0.3962747178494419,0.8370705464873189,0.34026605546391225,0.4825294771526803,-0.7134142915584128,-0.10002346807645573,-0.003189202626702488,0.1347835657768654
2229,-0.8551911044064536,-0.8399928531537244,0.015198230664799528,-0.43239802468277416,-0.4112085999039603,0.8428681013169999,0.3509395381013095,0.49462077855737224,-0.7008823895137481,-0.09246421934925488,0.007911070288664668,0.14478441835729225
2230,-0.8612901745162636,-0.7774476823782167,0.0838423989465046,-0.47256625877392133,-0.34299165746975757,0.815557878967062,0.34299165746975757,0.4801883204576606,-0.7164714125680044,-0.10670850944448843,-0.007622036638512235,0.12957461994247227
2231,-0.8544637275693097,-0.7739492444015412,0.08051448254809594,-0.4680497319134612,-0.34610429574932383,0.8136085725558949,0.3549761057787051,0.49149645248404006,-0.7043612065803693,-0.09544218874418484,-0.007207960676198525,0.12953941896711454
2232,-0.8548972204751828,-0.8176073227018072,0.037289903965336706,-0.4441450406894667,-0.3888897532025599,0.8365317583869175,0.3844097390387125,0.5214871486032886,-0.6738153622391886,-0.06314716629088525,0.014008675391739122,0.15222009250444077
2233,-0.8622756414678366,-0.7792102616907823,0.08306531225501487,-0.4684059815652272,-0.3436095504855221,0.8206419741374126,0.3850540026369398,0.5231742998572493,-0.6726270095033425,-0.06584912891034157,0.011394055161691268,0.1465615404159409
2234,-0.8612901745162636,-0.7545816091568497,0.10670850944448843,-0.4801883204576606,-0.32012550969515685,0.8079359291131736,0.381101816781986,0.5259205414536282,-0.6707391915720368,-0.0685983268343744,0.007622036638512234,0.1371966536687488
2235,-0.859828164387954,-0.8061245004973526,0.0537035960376046,-0.4531884429706259,-0.372452322360426,0.8330431219302032,0.40450294782542107,0.5504902340912962,-0.6452668155833362,-0.036740770272363055,0.02724238506070465,0.15710726990801155
2236,-0.8612830146335859,-0.7950850169491052,0.06619792766354955,-0.45961295134150915,-0.36086835280558893,0.8280688672094796,0.412210277524872,0.5550280084564928,-0.6401896100611747,-0.03659103317564453,0.023295807562802563,0.14924506295618747
2237,-0.8599503256595129,-0.7437319751866469,0.11621829798223873,-0.4845322478260772,-0.30951455488876223,0.8019758075630663,0.4016206296836172,0.5484449142012456,-0.6481052256884006,-0.05689394648441781,0.0027314412942110768,0.12367065445803176
2238,-0.8612901745162636,-0.7850697813385727,0.07622036522022804,-0.4649442343667991,-0.35061368187687986,0.823179977927418,0.41921201337083136,0.571652725172979,-0.6326290695364251,-0.03811018261011402,0.007622036638512233,0.12957461994247227
2239,-0.8659897775981453,-0.8143874361040582,0.0516023722234103,-0.4544490539831794,-0.38123067169585034,0.8375662430697138,0.4404744029655871,0.5930015706874202,-0.617476258056746,-0.026020133423772362,0.006443638781751094,0.12824400759450744
2240,-0.8722290428410527,-0.757272931694915,0.11495611317759613,-0.4918369555493267,-0.319144585970492,0.8096292675359679,0.44063669775622566,0.5931400383793385,-0.6167201996316936,-0.04109602860410303,-0.013298357915923497,0.10927599523475906
2241,-0.8774465594764238,-0.7593667778655349,0.11807977325744351,-0.4980737044378567,-0.3171930806914219,0.8159854289534016,0.4594806151562586,0.6107621453146007,-0.602008505580713,-0.030487244742260427,-0.011341627838909442,0.10888573676560724
2242,-0.8841562477376304,-0.8079359291131736,0.07622036522022804,-0.4801883204576606,-0.3658577679677414,0.8460460511487851,0.49543236927190526,0.6402510193903137,-0.5792747868567182,-0.007622036638512234,3.642575084623893e-19,0.11433055248991919
2243,-0.8900084580759887,-0.7672818578061079,0.12272661927365808,-0.5066058799164401,-0.32001421119369977,0.8256324786613471,0.5034028542496036,0.6462495298010462,-0.5721966813598286,-0.012685020952220204,-0.011256297598126973,0.10290617926892302
2244,-0.8912668815442386,-0.7351340820245755,0.15613282087884162,-0.5220639814564597,-0.2843672301179754,0.810187887419671,0.5097058862948906,0.6593513831752111,-0.5620094632337016,-0.008229424154009837,-0.011562519726088225,0.10003438934007475
2245,-0.8911201670181386,-0.7889557949024488,0.10216442021893771,-0.4921609666788235,-0.34035169716648495,0.8412554202361856,0.5465564805833422,0.6988495903080449,-0.528691199814701,0.027477173136877257,0.017786599633550292,0.12254647741148171
2246,-0.8917782721447527,-0.7850697813385727,0.10670850944448843,-0.49543236927190526,-0.3353695957860184,0.8384240267416627,0.5640307007658567,0.7164714125680044,-0.5106764180861498,0.03811018261011402,0.022866110497983837,0.12957461994247227
2247,-0.8905471539226049,-0.7313508933012968,0.1591962800370393,-0.5239155747140835,-0.28131138819533313,0.8071684789116602,0.5583068290020763,0.7164889214821296,-0.509028900742951,0.03166822148088252,0.006261321676569891,0.11944322711442701
2248,-0.8939626884550905,-0.7583728738006692,0.13558981103303555,-0.5158190224338914,-0.31034843728929207,0.8241647443422234,0.5870602046710474,0.7479862828441877,-0.479010700160824,0.06304401563495644,0.022976355175895472,0.13747392382404441
2249,-0.9009552292722676,-0.7678734021865002,0.13308180149555945,-0.5158488608736568,-0.3167794668537176,0.8348164883881293,0.612969852023749,0.7724814961865217,-0.4522315716614164,0.08629012638173297,0.039260038877788374,0.15357910383484188
2250,-0.9070223209589974,-0.6936053393466374,0.21341701888897685,-0.5564086763587344,-0.23628312938696067,0.8003138301528174,0.6021408973547021,0.762203633563972,-0.45732220995967676,0.07622036522022804,0.022866110497983837,0.1371966536687488
2251,-0.9079315508017864,-0.6795926214964116,0.22833898415364767,-0.5645413471879284,-0.2216563110670038,0.7937923169263665,0.6131458141745267,0.7776685707798163,-0.43970945534550654,0.0940388101430241,0.023850697230988763,0.13762961640339055
2252,-0.8994156059554183,-0.7076319996227064,0.1917835977481982,-0.5409965080146599,-0.253922721838618,0.803276848132065,0.6434134327036745,0.8170937061968159,-0.4032838009011612,0.12581221116763527,0.040669922511217454,0.15610398730368186
2253,-0.8876751536579076,-0.651745831164209,0.23592928234439897,-0.5592632275452859,-0.20480130373891212,0.7700891158784612,0.6458990854849918,0.8193511865710057,-0.39666396282681105,0.12829594084914578,0.03365332044523658,0.1460125752713298
2254,-0.8841562477376304,-0.6097629217618243,0.2743933073374976,-0.5792747868567182,-0.1676847978930092,0.7469595847497275,0.6554951427577921,0.823179977927418,-0.38872384118910835,0.1371966536687488,0.030488146554048932,0.1371966536687488
2255,-0.8836483263110341,-0.6432529988843427,0.2403953272109784,-0.5587744098067482,-0.2016943177288406,0.7600493292265266,0.6868495849275011,0.8597006142241194,-0.3570557930118513,0.16292450066668934,0.04465987619232066,0.1512536507204883
2256,-0.8827476545932353,-0.6221491404676207,0.2605985113464423,-0.569358530609212,-0.1807566591062862,0.750038136328099,0.6921580945101978,0.8687371859162927,-0.3502440992875122,0.16607384794118576,0.03679402072408313,0.14264223136882406
2257,-0.8846161609717579,-0.5674227614593076,0.31719340401429014,-0.6009933068861035,-0.12462380588296962,0.7266599840013405,0.6865817335366043,0.8612468014875708,-0.3581275126931182,0.16035374588926027,0.01940073267715209,0.12780092193021542
2258,-0.8917782721447527,-0.6021408973547021,0.2896373934283591,-0.5868968112638405,-0.15244073044045608,0.7469595847497275,0.7164714125680044,0.8917782721447527,-0.3353695957860184,0.1829288839838707,0.030488146554048932,0.14481869671417955
2259,-0.8930907833042021,-0.6206889486406313,0.27240185476918277,-0.5779506624903978,-0.16950138565598863,0.756714089590408,0.7400993131141066,0.9148930909233989,-0.3128207296047829,0.20485811547100963,0.040647855655867746,0.15035803981640986
2260,-0.8854886864039578,-0.5507250747130994,0.33476362394715087,-0.6086200941355547,-0.10643166864375356,0.7181818861815864,0.7302554018885882,0.908448478231141,-0.31546099871949895,0.20236330775236155,0.030055299356182074,0.13179450444122032
2261,-0.8840582191498512,-0.5431767171202545,0.3408814959108813,-0.6128582133616701,-0.10142101900594949,0.7137100961384388,0.7377756970698006,0.9220051734050867,-0.30595964627791067,0.21199320926805,0.035417234304904635,0.13307584698663674
2262,-0.8841562477376304,-0.5792747868567182,0.30488146088091217,-0.5945188729475798,-0.1371966536687488,0.7317155359354828,0.762203633563972,0.9451325175478427,-0.28201535038292835,0.23628312938696067,0.05335425472224421,0.14481869671417955
2263,-0.8717104726014773,-0.5203678904110044,0.3513426162101466,-0.608647744054571,-0.08446165184808571,0.6932724533098967,0.7580188166122249,0.9394418377211232,-0.2744300338218842,0.24281669805779738,0.04914327062965174,0.13443503679970253
2264,-0.866002091729152,-0.47913217887255544,0.38686993614567833,-0.6219228019981446,-0.046148674554953265,0.6679059884864951,0.7549512419680632,0.9417707330728973,-0.2678073723575258,0.2532514648177054,0.046681184385564324,0.12721631199834768
2265,-0.869012018739066,-0.5271862411205417,0.34182577078145926,-0.6020256521046401,-0.09270223911737252,0.6948092383284863,0.7768472213058921,0.9686528166051973,-0.24182035989871495,0.28501647069452235,0.06930175126360993,0.14300801687069925
2266,-0.868912124370152,-0.5106764180861498,0.3582357062840022,-0.6097629217618243,-0.07622036522022804,0.6859833149395151,0.7774476823782167,0.9756206897295658,-0.22866110497983838,0.2972594364737899,0.07622036522022804,0.14481869671417955
2267,-0.8682157494946098,-0.44969030268740967,0.4185254737442594,-0.6389139704425302,-0.015499897645683866,0.6543462993212581,0.7564625348379452,0.9615332915053122,-0.23563810429115412,0.2884408148883715,0.061882009914271806,0.13019405787893334
2268,-0.8677889307693815,-0.47869084573878684,0.38909813485071554,-0.6269289977279833,-0.04497367588112471,0.6719967372547904,0.7581671342614937,0.962572248904713,-0.22962787486540936,0.3001979294681296,0.06795924019573427,0.13656761723080138
2269,-0.8687675330827189,-0.4973392608122024,0.3714282952422219,-0.6198801212463413,-0.06277446852730227,0.6825720315861912,0.7581625070875853,0.966682112895161,-0.2192972288752305,0.3141270576274956,0.07584968233312356,0.1444664707330947
2270,-0.868912124370152,-0.434456062185076,0.434456062185076,-0.6478731183506697,-5.539562355155365e-20,0.6478731183506697,0.7317155359354828,0.952754541954965,-0.22866110497983838,0.30488146088091217,0.060976293108097865,0.12957461994247227
2271,-0.8666080727870955,-0.4309884421528348,0.43561966305157573,-0.6463361075072862,0.001813040426980473,0.6446739587312539,0.7299049432418131,0.9521455581619898,-0.22280187522496223,0.31547043154776977,0.0709816179496675,0.13919608795369415
2272,-0.8740105695759148,-0.4757907083064832,0.3982198834419132,-0.6347760949422004,-0.036700421329336215,0.67115675313123,0.7539408640440676,0.9750264735910763,-0.19390624570939596,0.3507850298697776,0.10816605091670589,0.17745820318718605
2273,-0.8727339528734115,-0.4343195641591492,0.43841438814643174,-0.6556615993908479,0.0057968056827116445,0.6501801060718404,0.734510515189669,0.9680880246385526,-0.19450906376143998,0.35572315251787234,0.11034818869659166,0.1780835209381862
2274,-0.8536680755559074,-0.39634590287284754,0.45732220995967676,-0.6554951427577921,0.030488146554048932,0.625006970576069,0.708849388160882,0.952754541954965,-0.19817295143642377,0.3582357062840022,0.10670850944448843,0.17530684093843993
2275,-0.8400208925461351,-0.4352687308986907,0.40475218561537407,-0.6227873950056817,-0.016385589089519505,0.6385279577325808,0.7270570907953665,0.9705033985213091,-0.16686245167968042,0.39419204384566137,0.14153176949483035,0.2122599658323562
2276,-0.8319307276374027,-0.4186904879719,0.41324019870650597,-0.6207186077153238,-0.000869791506132178,0.6228806248711602,0.7201964228397882,0.9668579211036877,-0.16443389727063604,0.4059163494347763,0.15846486662622,0.21860274118101453
2277,-0.816745296510289,-0.35941066241927977,0.4573346122165407,-0.6327721670538424,0.04692395093622577,0.584490756729281,0.6823067705117691,0.9356086138068685,-0.18821926731296426,0.3946675253264395,0.15183734924461062,0.2042623682865841
2278,-0.8003138301528174,-0.38872384118910835,0.411589988963709,-0.6021408973547021,0.007622036638512235,0.5945188729475798,0.678361215979159,0.9375104931407205,-0.17530684093843993,0.41921201337083136,0.17530684093843993,0.22866110497983838
2279,-0.7872161227609911,-0.41606021823007133,0.37115589157727313,-0.5755264665216213,-0.01956195549914648,0.6028106180676008,0.6639678938791626,0.9337602351952097,-0.16732682500764395,0.43365030157341655,0.19337186248572905,0.23619893711084583
2280,-0.7803127911657569,-0.36630174797353005,0.4140110831881557,-0.5932348000789927,0.025868859334428996,0.5702828074871733,0.6091741144934755,0.8913044818699151,-0.19588984906158377,0.4068506171746434,0.18022147264312752,0.21224316491714967
2281,-0.7745780428106763,-0.37073440831532195,0.40384364648963167,-0.5854322160374738,0.017024170741546746,0.5697102035720132,0.583692342894695,0.8768047447784727,-0.2039393857924206,0.41106148752370447,0.1911694876541717,0.22088650331140974
2282,-0.7698257325243281,-0.41921201337083136,0.35061368187687986,-0.5564086763587344,-0.03048814655404894,0.5945188729475798,0.5792747868567182,0.8841562477376304,-0.19817295143642377,0.434456062185076,0.2210390619344076,0.24390517243239146
2283,-0.7735263638752559,-0.3885021847344249,0.3850242348099071,-0.5755669648811003,-0.0009196524831143967,0.5782542616086216,0.5354854334953464,0.8513878074771548,-0.22022153196632782,0.4174713228488722,0.22228095543895213,0.23819291158152403
2284,-0.7825992188830191,-0.373445087203145,0.40915418085398747,-0.5917316231609618,0.019198199499200996,0.574675700195061,0.4949652899559542,0.8228273190239135,-0.23373693746703564,0.41505823283350557,0.22885262694932154,0.2440959782508859
2285,-0.783378806022827,-0.4440257466854581,0.33935305474852173,-0.5582441032875317,-0.0485045844691238,0.615172558121721,0.4835789575587125,0.822028252226791,-0.22701912791223433,0.4416791490203069,0.26277866319659565,0.27775462875085627
2286,-0.7774476823782167,-0.45732220995967676,0.32012550969515685,-0.5487866146749952,-0.06859832683437439,0.6173849834455636,0.4497001482759375,0.8003138301528174,-0.24390517243239146,0.434456062185076,0.2743933073374976,0.2896373934283591
2287,-0.771377503072517,-0.42065745245748554,0.3507200399423938,-0.561734778996109,-0.03304058011763604,0.5918597393948045,0.4046269866524354,0.7680367541037109,-0.2649909369518632,0.417363649209625,0.27447463062134775,0.29024281340201413
2288,-0.7625125747031237,-0.468798988597448,0.2937135336934574,-0.5260641817226798,-0.0818092442523345,0.6144565948311286,0.3866188780628104,0.7526020049819525,-0.26581320744189835,0.42928851549776276,0.30457403498545355,0.3184808885351312
2289,-0.7500544986284307,-0.5150326030622938,0.2350218955405065,-0.48829364333605135,-0.13783527922612868,0.6318044579149852,0.36085288895739764,0.7275482284614333,-0.2839031124052461,0.43060092031951436,0.31995614944082307,0.337159206290652
2290,-0.7469595847497275,-0.4801883204576606,0.2667712829303753,-0.5030543936790275,-0.10670850944448843,0.6097629217618243,0.3125034852880345,0.6859833149395151,-0.32012550969515685,0.4039679645565868,0.30488146088091217,0.32774757137889604
2291,-0.7524445323052988,-0.49904167298432167,0.25340289090499923,-0.49943772221812754,-0.11997039140227142,0.6246331987368259,0.28520098856288323,0.6591810524986121,-0.3336075712063963,0.3932431683264734,0.31702191584352535,0.33523762904830645
2292,-0.754382120299494,-0.5703885332671044,0.18399361802283545,-0.46474302757293645,-0.18859815650981693,0.6629325925708154,0.27052661058613897,0.6448309462127566,-0.344006239383575,0.3998942095910412,0.34313173865154695,0.35330720749114913
2293,-0.7546299820317712,-0.5582630884874991,0.19636687907111855,-0.4726464124497218,-0.17795875215061008,0.656452742126902,0.2257854911466154,0.61107093363222,-0.37818344024623585,0.37739624437016817,0.33875022703658936,0.3457138856745997
2294,-0.762203633563972,-0.5487866146749952,0.21341701888897685,-0.4878103448647829,-0.1676847978930092,0.6554951427577921,0.1829288839838707,0.5792747868567182,-0.4039679645565868,0.35061368187687986,0.3353695957860184,0.34299165746975757
2295,-0.7643754362937452,-0.6171420366716656,0.14723345512701097,-0.45354117450032344,-0.2357426035793837,0.687575984089859,0.16683138803247483,0.5685415806780199,-0.4127566923375927,0.35152791013351103,0.34875816023403206,0.36193200353668886
2296,-0.7511802311758958,-0.6223564533202428,0.1288238000387619,-0.4344806097340689,-0.2443363617898437,0.684069706990098,0.13571428971664348,0.5440440180731322,-0.4394277006445379,0.3360025502682312,0.3445665452066798,0.36153302184830266
2297,-0.7326708318573781,-0.5777088408385984,0.1549619648566303,-0.44167022589048544,-0.20788535827760565,0.6560674978213953,0.09592993269175193,0.5070289476218423,-0.47445489083891984,0.3029710529171134,0.3339779029753055,0.34795114063141536
2298,-0.7164714125680044,-0.625006970576069,0.09146444199193535,-0.4039679645565868,-0.2667712829303753,0.6707391915720368,0.09146444199193535,0.49543236927190526,-0.4878103448647829,0.2972594364737899,0.35061368187687986,0.3658577679677414
2299,-0.7025753651965232,-0.6700191845147607,0.032556179976237457,-0.3641678723429815,-0.3195377321300303,0.6833960130376354,0.08621729045582929,0.4832255510893901,-0.5053422705906544,0.28644552737249757,0.3617983272787558,0.3836443570570721
2300,-0.7020062196136535,-0.6357023096294401,0.06630387159582345,-0.3819470444730971,-0.28255635444820004,0.6639798454666248,0.0513340619560953,0.4451495468380592,-0.5454018820970431,0.24563841671320832,0.3461166173430727,0.36862013820003253
2301,-0.7107356203444988,-0.6595145536980361,0.05122102984405943,-0.38105881163422456,-0.29989646622738975,0.6826032429866042,0.03775373237327785,0.4228871342459886,-0.5674379874987441,0.2263449431180439,0.34633314508010765,0.3705610495945698
2302,-0.708849388160882,-0.7240934369751267,-0.015244073277024468,-0.34299165746975757,-0.3658577679677414,0.7164714125680044,0.03811018261011402,0.41921201337083136,-0.5792747868567182,0.2210390619344076,0.3582357062840022,0.38872384118910835
2303,-0.7002810366136745,-0.6950161639111989,0.005264837463376637,-0.3478216020333206,-0.3438671372397024,0.6946209370754273,0.004829992807441378,0.3877909518069919,-0.6224205470906679,0.1824103321884391,0.33790753398785356,0.3735103046231055
2304,-0.7067911626989827,-0.6738582734719951,0.032932862051156364,-0.36882282742480005,-0.3214801995808183,0.6874257144588498,-0.019563544110239264,0.35084783365184125,-0.6632945439713385,0.14940787064635683,0.315864528628242,0.35933233736100667
2305,-0.7193172767078654,-0.7402871418587275,-0.020969851056223406,-0.3487119380659306,-0.379550638900671,0.7308328388690993,-0.013232227382238983,0.34057593396831676,-0.6723310474743703,0.14147794419791798,0.32339289778777786,0.36848891839580944
2306,-0.7240934369751267,-0.7545816091568497,-0.030488146554048932,-0.34299165746975757,-0.38872384118910835,0.7393375603426051,-0.03048814655404894,0.32012550969515685,-0.7012273637537597,0.10670850944448843,0.3125034852880345,0.3582357062840022
2307,-0.7233432991236194,-0.7186996545577364,0.00464364600115075,-0.35933269210878604,-0.3531305735661186,0.7200458731785053,-0.05891245799266579,0.2825247992262562,-0.7460933521425671,0.0609489589403894,0.28413713751103936,0.3418665362722081
2308,-0.7269477589507062,-0.763889698799265,-0.03694192224187307,-0.3436353023943414,-0.3965376793760179,0.7481423436224455,-0.055579642094448975,0.2661781930524417,-0.7590879907940369,0.04755303576460066,0.28782000751276493,0.35000425220007786
2309,-0.7472233038644011,-0.8148326234342169,-0.06760927654290581,-0.33953341843878304,-0.4375705604335844,0.7842998736326043,-0.0580713315145057,0.2508183478226699,-0.7816222529793416,0.02728140271859249,0.2830431920871635,0.3446705682809325
2310,-0.7698257325243281,-0.7850697813385727,-0.015244073277024468,-0.37347979237486373,-0.39634590287284754,0.7774476823782167,-0.0838423989465046,0.21341701888897685,-0.8308019277813067,-0.015244073277024463,0.25152719683951374,0.32012550969515685
2311,-0.7705919306953163,-0.7930200938715942,-0.02242824890437379,-0.3692707568905641,-0.4033374618641812,0.7814268526587081,-0.08301351712703965,0.19632409509233428,-0.8413748108648165,-0.026199555326590043,0.25273059763877054,0.3220850136206554
2312,-0.770275802755746,-0.8543988425511808,-0.0841230559575782,-0.34193699329047894,-0.4677384465164729,0.8126822355547031,-0.06759267833011082,0.19860387830522536,-0.838843510744076,-0.02351613182602217,0.2616181634759371,0.33147918941485577
2313,-0.7802467448572332,-0.8381538810897915,-0.05790711050026867,-0.36070546570172857,-0.4477500970075749,0.8090308349125259,-0.08501197222149855,0.16961756496993718,-0.8754276745777779,-0.06207919025268338,0.23115997564115487,0.3108050340109666
2314,-0.7850697813385727,-0.815557878967062,-0.030488146554048932,-0.37347979237486373,-0.41921201337083136,0.8003138301528174,-0.09908647571821189,0.14481869671417955,-0.899400296551875,-0.09146444199193535,0.21341701888897685,0.2972594364737899
2315,-0.7842839583545768,-0.8747820065774374,-0.0904980960595405,-0.3425441308475442,-0.47819629033088273,0.8296279733710179,-0.08532774631867907,0.1578860052959425,-0.8897724057992089,-0.08239984903662288,0.22252762279457972,0.3097645955430029
2316,-0.7846995116952018,-0.8887128510507737,-0.10401330550757044,-0.33721621473879004,-0.4933267472208442,0.8365996001066699,-0.09457369375411478,0.1471070932814456,-0.9093772982932867,-0.10502448952021129,0.2041446478668345,0.3056586873595655
2317,-0.7841133237959355,-0.8546218169720974,-0.07050848851769481,-0.3524449909520094,-0.4581664775034449,0.8194311032903419,-0.12091092206936384,0.11216227037924938,-0.9464298262260076,-0.14887901742642287,0.17663515383216852,0.28303791109162224
2318,-0.7850697813385727,-0.9070223209589974,-0.12195258621619573,-0.32774757137889604,-0.5106764180861498,0.8460460511487851,-0.11433055248991919,0.11433055248991919,-0.9451325175478427,-0.15244073044045608,0.1829288839838707,0.2896373934283591
2319,-0.7898550346898209,-0.9537737215418858,-0.16391870770168837,-0.3124158885650197,-0.5582859750715949,0.8717611861484463,-0.10338998087455545,0.12521854345595354,-0.9383749023617859,-0.1528961793404478,0.1872203467173511,0.30616850804384516
2320,-0.7944504021149483,-0.9083440294591,-0.11389365775983205,-0.3402883433801568,-0.5111829133735548,0.8514734755263852,-0.1181967318128728,0.10815511643536195,-0.9629759899439655,-0.17658315162684696,0.1715316809723201,0.29394578000829424
2321,-0.7889063484878189,-0.9117597866171883,-0.12285343177866863,-0.33331429346264685,-0.5175192393663749,0.8502657214442687,-0.11807766219882576,0.09886020303957034,-0.975177660461354,-0.1809997670080249,0.16910922633122932,0.29255732556321656
2322,-0.7774476823782167,-0.9603766409153212,-0.1829288839838707,-0.2972594364737899,-0.571652725172979,0.868912124370152,-0.09908647571821189,0.10670850944448843,-0.9679985907692097,-0.17530684093843993,0.17530684093843993,0.30488146088091217
2323,-0.7700467091876756,-0.9148272925838352,-0.1447805909418331,-0.3094143715751315,-0.5267572968186758,0.8425478172583224,-0.10190718349241415,0.09769449974144612,-0.9770975030389283,-0.19209615476367156,0.1648143610720803,0.28842441137441427
2324,-0.7686508956455613,-0.87455165469868,-0.10590084301732838,-0.32762384624943547,-0.48613816610268445,0.8213786479690423,-0.11145987674866148,0.08262813083861788,-0.9868782875574732,-0.19987248966335694,0.15571856358982508,0.2795820989438004
2325,-0.7693913376690693,-0.9258918356190984,-0.15650054697012972,-0.30221652833564516,-0.5373036537259572,0.8478662523104118,-0.10332123070642742,0.08604927734192204,-0.9803192617995121,-0.1865468452405331,0.16203903570036762,0.29310040614375915
2326,-0.7698257325243281,-0.9222664443264759,-0.15244073044045608,-0.30488146088091217,-0.5335425658607506,0.8460460511487851,-0.10670850944448843,0.0838423989465046,-0.9908647385438105,-0.19817295143642377,0.15244073044045608,0.28201535038292835
2327,-0.7732719882248557,-0.8673560741769832,-0.09408408798047453,-0.33952797265307816,-0.4798500568655259,0.8197139459365367,-0.11705313212153695,0.06979271800934429,-1.006610231149208,-0.22093195229961438,0.135549079012735,0.2648536194441713
2328,-0.7855217080314076,-0.9028125528774139,-0.11729084968533621,-0.3318740748744057,-0.5104997396007449,0.8464637067249228,-0.09880072527471742,0.0743876994932408,-0.9930200896003671,-0.20909284206109682,0.1500877260625047,0.2788980217781896
2329,-0.7931187920815795,-0.9368245095388507,-0.14370572440371873,-0.321504922113939,-0.540212290145922,0.8685118207283237,-0.08142758221712612,0.08554961514096718,-0.982432417758651,-0.1985980386893654,0.15834350011143988,0.2895227787335579
2330,-0.7926918057456951,-0.8841562477376304,-0.09146444199193535,-0.35061368187687986,-0.4878103448647829,0.8384240267416627,-0.09146444199193535,0.07622036522022804,-0.9984868375041666,-0.2210390619344076,0.1371966536687488,0.2743933073374976
2331,-0.7970852105654158,-0.8851030870080657,-0.08801789410605745,-0.35160212186847084,-0.483879375599801,0.840284438972977,-0.08499936460117097,0.07701570100594735,-0.9962958500190039,-0.22677648728899258,0.138130872227479,0.27490283263634624
2332,-0.8020710499491055,-0.940523989984823,-0.13845294322439086,-0.3291162138893785,-0.5346386228540861,0.8734265353229498,-0.060704411145835954,0.0958590681524858,-0.9816884185644108,-0.20964902490650356,0.15294579025115757,0.2935078780762262
2333,-0.7972572778956186,-0.9091260374149192,-0.11186873529112491,-0.34304125170438177,-0.5076923461820284,0.8574399225251211,-0.06633155673072284,0.08305458705398104,-0.9988197520396992,-0.2204724887063271,0.13626310973016265,0.28183024793040856
2334,-0.7926918057456951,-0.8765342233305082,-0.0838423989465046,-0.35061368187687986,-0.4801883204576606,0.8384240267416627,-0.07622036522022804,0.0685983268343744,-1.0137308863184111,-0.23628312938696067,0.12195258621619573,0.2667712829303753
2335,-0.7923533979820105,-0.9256524963782338,-0.1332990987340368,-0.3243722726095608,-0.5299858871220152,0.862351921036228,-0.05804870493556673,0.09300070502284112,-0.9945176616844928,-0.2237352936180054,0.13463546521647585,0.27963544246427674
2336,-0.7889959723078542,-0.9222897669749224,-0.1332938162383818,-0.32709325335332673,-0.5259756345197059,0.8604047717909382,-0.05604308348935111,0.0937945091067971,-0.9952614931609924,-0.227412013223922,0.1301667105527064,0.27363612014508704
2337,-0.7827008376274004,-0.8735043826570426,-0.09080354103003485,-0.34526327069753426,-0.47770634441617216,0.8306216615509936,-0.07241435282850223,0.07084764292985528,-1.0195290418439316,-0.2494723819538781,0.10853621258623722,0.2553588524408419
2338,-0.7850697813385727,-0.9222664443264759,-0.1371966536687488,-0.32012550969515685,-0.5259205414536282,0.8536680755559074,-0.060976293108097865,0.0838423989465046,-1.0137308863184111,-0.24390517243239146,0.11433055248991919,0.2667712829303753
2339,-0.7912899968127205,-0.974226765474993,-0.18293681887804766,-0.29989308524156555,-0.5777963970712674,0.8858478337914557,-0.0493884187320438,0.09566387727342503,-1.0015019685542172,-0.23829892599969504,0.12019234160017839,0.27140131416400404
2340,-0.7912502243822614,-0.9352090259904042,-0.14395882802136678,-0.32146781825864423,-0.5401264292745632,0.8660115315701051,-0.06588191728740223,0.07876730307556953,-1.0178247709906756,-0.2573767631177144,0.09746887358845165,0.25681293912690917
2341,-0.7943219728322682,-0.9445526057689557,-0.15023062748319582,-0.3229338338633014,-0.5470870697230622,0.8684933204264742,-0.06357790143320294,0.08072527659863481,-1.0153642961968128,-0.2533451100666749,0.09475036161965733,0.2643622487037373
2342,-0.8079359291131736,-1.006108787358055,-0.19817295143642377,-0.30488146088091217,-0.6021408973547021,0.9070223209589974,-0.04573222099596767,0.09908647571821189,-0.9984868375041666,-0.23628312938696067,0.10670850944448843,0.2743933073374976
2343,-0.8196422707720973,-0.9742649842324778,-0.15462281446722184,-0.3287676889808908,-0.564927993914704,0.8999768143875896,-0.06022700150956648,0.09052657582609687,-1.013212959585913,-0.25180323560418516,0.08965606501513476,0.2568121624281767
2344,-0.8269893577281845,-0.9330985229899711,-0.10610911470174324,-0.3586555410865181,-0.517704249997303,0.8846853727596002,-0.07604466390188983,0.07688786392872413,-1.0236926376697832,-0.2620328938400414,0.08487329382634015,0.2505642585342439
2345,-0.8309788030395691,-0.9772231320311974,-0.14624424878596554,-0.34208152399180186,-0.5574354350581461,0.9068454089787599,-0.06304040327853072,0.08935424060896541,-1.0075114339757212,-0.24610523914790333,0.10477091235499555,0.261578712106645
2346,-0.8308019277813067,-0.9679985907692097,-0.1371966536687488,-0.34299165746975757,-0.5487866146749952,0.899400296551875,-0.060976293108097865,0.09146444199193535,-1.0137308863184111,-0.25152719683951374,0.09908647571821189,0.25152719683951374
2347,-0.8206308546308662,-0.8926799010481125,-0.0720490160598264,-0.37247824375231775,-0.47885397514060185,0.8591281312803517,-0.07022981589439242,0.07667934402454521,-1.0291116170178758,-0.26267493817362547,0.08796026396674468,0.24082138526446403
2348,-0.8037588946043228,-0.9010215147563203,-0.09726258139424819,-0.35523609123644556,-0.4948807291024435,0.8574781614852418,-0.05707120799850058,0.08388767623769358,-1.0183435856080105,-0.2439528970687194,0.10542697778107693,0.2544888778900226
2349,-0.800367865998487,-0.9299515015466102,-0.12958362037733828,-0.33358992058533815,-0.5263378532499445,0.8677510256060316,-0.044080827943486604,0.09065747412111837,-1.0156319830005798,-0.23885765515799984,0.11256877009456676,0.2557170566422509
2350,-0.8003138301528174,-0.8765342233305082,-0.07622036522022804,-0.3582357062840022,-0.47256625877392133,0.8384240267416627,-0.05335425472224421,0.07622036522022804,-1.0365969595397782,-0.25914923988494454,0.09146444199193535,0.23628312938696067
2351,-0.7868514209498394,-0.8641919382545866,-0.077340515073158,-0.3544192010875199,-0.46616831965328864,0.8278707713240758,-0.05136841421540893,0.07848410469726974,-1.0343756284382746,-0.25620355131899786,0.08673610340977188,0.2378447791138805
2352,-0.7862956426491119,-0.9225267212609365,-0.1362310879695588,-0.3234349875289117,-0.5282109788452924,0.8598942592134461,-0.03601405090900618,0.08990584433317649,-1.0202050737696131,-0.24832717955259231,0.0984457551823985,0.25115752464688856
2353,-0.794010395575572,-0.9054682545025071,-0.11145782663899609,-0.33703593381905433,-0.5078382012938445,0.8518663875397869,-0.04312799991281678,0.078346964062646,-1.035722040591665,-0.2662662484410637,0.08337238607359111,0.23568388130653573
2354,-0.8003138301528174,-0.8765342233305082,-0.07622036522022806,-0.3582357062840022,-0.47256625877392133,0.8384240267416627,-0.05335425472224421,0.07622036522022804,-1.0442189839469005,-0.2743933073374976,0.0685983268343744,0.2210390619344076
2355,-0.808067150875575,-0.9263760384497711,-0.1183089223552173,-0.34073143226856173,-0.5208880168255715,0.8707388428656088,-0.04131134256523895,0.09579731481001795,-1.0234472097841494,-0.26122555049438767,0.0814169962168315,0.2331497371009317
2356,-0.798934933903064,-0.9167663023136505,-0.11783144269162842,-0.3386934714791039,-0.5186475676306107,0.8597943377789112,-0.041481658921900824,0.09410779044508327,-1.0284836605067984,-0.26341272354401346,0.07622141191855435,0.23160263818284388
2357,-0.7923345148247369,-0.8528889932584133,-0.06055449976623357,-0.3661617780547343,-0.45555161580322306,0.8228077186559036,-0.05720767593370462,0.0821456998241526,-1.046242236185203,-0.2773631665476366,0.05658782408648233,0.21865357043321074
2358,-0.8003138301528174,-0.8841562477376304,-0.0838423989465046,-0.3582357062840022,-0.4801883204576606,0.8460460511487851,-0.04573222099596767,0.09908647571821189,-1.0289749351326558,-0.2667712829303753,0.0685983268343744,0.23628312938696067
2359,-0.7899910503765027,-0.9129679632658376,-0.12297694159300238,-0.33405149484473284,-0.5137837831380786,0.8557010748916039,-0.028660192871167983,0.11069231361858597,-1.0156934152075128,-0.25488403331592824,0.08006469699797221,0.2535931081440704
2360,-0.777407063766065,-0.8562038499591834,-0.07879680015165702,-0.346881506640645,-0.4653224333631436,0.8204912782307539,-0.0412678332961903,0.09414251406985147,-1.0359616589909046,-0.27422643034807687,0.0637205839307119,0.24014296606879337
2361,-0.7770020284692082,-0.859114488568543,-0.08211239401015571,-0.344186999335577,-0.471406819911763,0.8213886906232165,-0.041851413952185244,0.09601617034935905,-1.040612827559174,-0.278670541140344,0.0655459103417756,0.23993608848187287
2362,-0.7774476823782167,-0.9146444199193535,-0.1371966536687488,-0.32012550969515685,-0.5259205414536282,0.8460460511487851,-0.022866110497983837,0.11433055248991919,-1.0213528361722997,-0.25914923988494454,0.0838423989465046,0.25914923988494454
2363,-0.7816888950181621,-0.8805468261733194,-0.09885788618774995,-0.3389731668473466,-0.4864378329388046,0.8305125913839813,-0.03144059841665807,0.10506674033079128,-1.022280439141819,-0.2671801857123539,0.07446836976641777,0.25097261015112543
2364,-0.7907287024834655,-0.8511860567757522,-0.06045735398951111,-0.3603018763711271,-0.45194972900108465,0.8216994918062068,-0.04221073683564651,0.09565280531788568,-1.0352731879277177,-0.27908722991925683,0.0654077167031718,0.23609312490912734
2365,-0.8048456727793634,-0.9152699055945765,-0.11042422010002377,-0.34388894279897764,-0.5088382972036946,0.8594888992069147,-0.022995533097097585,0.11338019865520994,-1.021016959409777,-0.2578218368119376,0.0826228989913356,0.24987118826997856
2366,-0.815557878967062,-0.9222664443264759,-0.10670850944448843,-0.35061368187687986,-0.5106764180861498,0.868912124370152,-0.022866110497983837,0.11433055248991919,-1.0137308863184111,-0.25152719683951374,0.0838423989465046,0.25152719683951374
2367,-0.809686791432186,-0.8633337426768751,-0.053646934452842195,-0.37390085284583197,-0.45770182668725634,0.8397265210234556,-0.04454910242471448,0.0981892331753779,-1.027707929689675,-0.2671530034361423,0.06852853489005688,0.23516446786569356
2368,-0.8060467796473904,-0.8895210335734609,-0.08347429956701163,-0.357892510211979,-0.4868461267277865,0.8517121879620142,-0.03507084942312113,0.11313012946264514,-1.0171585614002665,-0.2523548549454988,0.07896349672421413,0.2506662111993401
2369,-0.8062978225545875,-0.9211164778497822,-0.11481867347169251,-0.3415880077628918,-0.5179532761020044,0.8676730696641755,-0.02259450436906311,0.1320750327471212,-1.0052194119757305,-0.2337400104046861,0.0929659296503254,0.2684868846639179
2370,-0.7926918057456951,-0.8612901745162636,-0.0685983268343744,-0.3582357062840022,-0.4649442343667991,0.8308019277813067,-0.04573222099596767,0.11433055248991919,-1.0289749351326558,-0.25152719683951374,0.07622036522022804,0.25152719683951374
2371,-0.7774517695451979,-0.8491842049736652,-0.07173241360508527,-0.35194118297818033,-0.4600961866605308,0.814171033682295,-0.0569434083913463,0.10285950570903829,-1.0391061779566508,-0.26171835468517873,0.06531555666468283,0.24651672544996242
2372,-0.782339395430285,-0.9041853395944554,-0.12184597490126733,-0.331058259876166,-0.513945977285543,0.8428056177627287,-0.04653506211896166,0.11612657166172267,-1.0297286652609299,-0.2536617724522362,0.07709587013999591,0.25848213139340426
2373,-0.7959501065072758,-0.8807788629924194,-0.08482875891637438,-0.3546978901806125,-0.4814567158228724,0.8384411525897151,-0.061269182824654475,0.10802582655889388,-1.0422045557632211,-0.2649349619833973,0.07131631685702844,0.24334871095138222
2374,-0.8003138301528174,-0.8460460511487851,-0.04573222099596767,-0.37347979237486373,-0.4420781238688152,0.823179977927418,-0.07622036522022804,0.09146444199193535,-1.0518410829072564,-0.2743933073374976,0.060976293108097865,0.22866110497983838
2375,-0.8036152001189927,-0.8931787855616746,-0.08956366121250765,-0.3525510643414192,-0.49090771936142263,0.8510185093825999,-0.06323921625466529,0.10237984114736293,-1.0331185170790327,-0.25680219158121764,0.07781805747856753,0.24079165761051502
2376,-0.8146844784667763,-0.8959739296740894,-0.08128949864521404,-0.36499080165180603,-0.4869609594272779,0.8602968175937928,-0.06853947768250654,0.10446683480864807,-1.0281009692302578,-0.250419478358687,0.0851264428495282,0.23920591647628797
2377,-0.8109482589577198,-0.83615768071135,-0.025209393601497154,-0.39320546769615383,-0.4269606262327103,0.8262418959882829,-0.08800099613336727,0.0864798422461517,-1.0371302493753567,-0.26132149196933663,0.07345508556878202,0.2263165687360805
2378,-0.7926918057456951,-0.8536680755559074,-0.060976293108097865,-0.3658577679677414,-0.45732220995967676,0.823179977927418,-0.07622036522022804,0.09908647571821189,-1.0213528361722997,-0.24390517243239146,0.09146444199193535,0.24390517243239146
2379,-0.7799323090432926,-0.880880826615349,-0.1009485508668865,-0.3394545943468163,-0.4914235802884578,0.8302744925093298,-0.06498278589680848,0.12236163542148916,-1.0040741102308035,-0.22007748236481978,0.11537396340624687,0.2608238887084021
2380,-0.7692388785942167,-0.8251650230159453,-0.05592607202429581,-0.3566086752254909,-0.4402843908363585,0.7971753425783114,-0.08007761664515624,0.11141682968145353,-1.0122030262078845,-0.23143579579320298,0.10296651804280299,0.250551672884324
2381,-0.7585798489485208,-0.8170068787566127,-0.05842698589632253,-0.35018495230184665,-0.437356668064055,0.7882143128187418,-0.08064695002479311,0.11061057844941963,-1.0088888704219339,-0.23200376666262396,0.10367728368698789,0.25712119929235855
2382,-0.7545816091568497,-0.868912124370152,-0.11433055248991919,-0.32012550969515685,-0.4878103448647829,0.815557878967062,-0.0685983268343744,0.12957461994247227,-0.9984868375041666,-0.21341701888897685,0.12195258621619573,0.2743933073374976
2383,-0.7530872755711226,-0.841031373269821,-0.08794407406165466,-0.3322624342446995,-0.45975917506614344,0.802016249897065,-0.08328361808298462,0.11554762608466329,-1.0137826380096735,-0.2272817294827931,0.10649247559518474,0.25879365956677397
2384,-0.757700727498483,-0.8135821946293763,-0.05588143421926904,-0.3516506618959835,-0.4332867479190453,0.7864201456792929,-0.09923024198606759,0.09827535005903278,-1.023400111708739,-0.24402247330269822,0.09565762157536645,0.2472119278509431
2385,-0.7622432543466374,-0.8776180909739323,-0.11537484198425862,-0.3223234667976433,-0.49669545769876966,0.8208186874912103,-0.08515634126946348,0.11287064986196949,-1.0073235839062338,-0.2308251962608996,0.11190225233642799,0.26584194446018933
2386,-0.762203633563972,-0.8917782721447527,-0.12957461994247227,-0.3125034852880345,-0.5106764180861498,0.8308019277813067,-0.0838423989465046,0.11433055248991919,-1.0137308863184111,-0.23628312938696067,0.10670850944448843,0.2667712829303753
2387,-0.7712671946748892,-0.8492457433772339,-0.07797852321361745,-0.34549191188547634,-0.46378563342869916,0.8112116161340399,-0.10425116810410634,0.09477359482504803,-1.0347238514911692,-0.2578486592218675,0.09113877490828662,0.25130808720021525
2388,-0.7852033595044366,-0.8927316912700577,-0.10752830240389517,-0.33965172668935056,-0.49872238102946953,0.8396355652337055,-0.10030762948569266,0.09341937045460783,-1.0274355303876512,-0.2507840970959714,0.09939688426282503,0.2596185324774023
2389,-0.7805838068703281,-0.928682820348481,-0.14809905775441223,-0.31586620036197577,-0.5336334200205217,0.8596948294198941,-0.09121872461849768,0.09893825560775449,-1.022414242391436,-0.24560308738278197,0.10622313491168518,0.26543171129782694
2390,-0.7698257325243281,-0.868912124370152,-0.09908647571821189,-0.3353695957860184,-0.4801883204576606,0.823179977927418,-0.10670850944448843,0.0838423989465046,-1.0442189839469005,-0.2667712829303753,0.09146444199193535,0.25152719683951374
2391,-0.7740630463453586,-0.8637317163104663,-0.0896686333390744,-0.3424310282076588,-0.4765060679211067,0.8189945283086049,-0.10578082287436806,0.0784566015022479,-1.043058427898219,-0.2660306135864087,0.09175500023940104,0.25866446938395626
2392,-0.7770285368454438,-0.9143876610856333,-0.13735910987870173,-0.31953643748343463,-0.5242896232484677,0.847329079483164,-0.08782891664170744,0.09673441544909804,-1.0238879508692773,-0.24779392056965965,0.11357537330120582,0.27777418541294774
2393,-0.7638779908895454,-0.87647427226255,-0.11259634468272953,-0.325850390083925,-0.4901575835616022,0.8245942188061748,-0.09766358186791,0.09483969388394559,-1.0347924191990983,-0.2567928710541811,0.10895857053854105,0.26883283081322923
2394,-0.7545816091568497,-0.8384240267416627,-0.0838423989465046,-0.3353695957860184,-0.45732220995967676,0.8003138301528174,-0.10670850944448843,0.0838423989465046,-1.0442189839469005,-0.25914923988494454,0.09908647571821189,0.2667712829303753
2395,-0.7545654881132038,-0.8868099795089746,-0.13224447418580146,-0.31086471335754723,-0.5059253825034234,0.8240745133547498,-0.08768296087226563,0.10066874427494661,-1.024036861352636,-0.23320118026718312,0.12231864806918903,0.291755119894457
2396,-0.748416711972809,-0.8839994958279502,-0.1355828226749743,-0.3070553313453037,-0.5057885973259431,0.8207744693967843,-0.08979002817998981,0.10622212515460333,-1.0273271319593174,-0.23458135194804883,0.12916122968709826,0.2940136585921889
2397,-0.7336190131737397,-0.8210309340694155,-0.08741190659221373,-0.322123304628399,-0.4504972910845524,0.7801012759824476,-0.11262291041261191,0.0840287262667152,-1.0478983745746624,-0.2563632514062925,0.10795139819197366,0.27827704991620494
2398,-0.7240934369751267,-0.8460460511487851,-0.12195258621619573,-0.2972594364737899,-0.4801883204576606,0.7850697813385727,-0.10670850944448843,0.0838423989465046,-1.0365969595397782,-0.24390517243239146,0.11433055248991919,0.2896373934283591
2399,-0.7224012514288686,-0.8806782647895294,-0.1582770253713223,-0.2806042418840225,-0.5156779861400491,0.8038729620325771,-0.10066981781694564,0.09433617559149934,-1.0244186712210865,-0.23144169547795468,0.12586121435590045,0.300229394871737
2400,-0.7286938240645977,-0.8240532917350146,-0.09535944750201261,-0.31819387151203715,-0.4558045591832266,0.781785973714927,-0.12318302262839395,0.07767708970434348,-1.0398224623945953,-0.24981589384354252,0.10865148536162333,0.2861522936600298
2401,-0.7443191753339309,-0.819137489660847,-0.07481827366704416,-0.3332967263008887,-0.4432924940125013,0.7839735684457777,-0.12638675528678772,0.06961442481854582,-1.0399719145226234,-0.24529831112564102,0.11237391967731088,0.28368375624169523
2402,-0.7545816091568497,-0.8765342233305082,-0.12195258621619573,-0.3125034852880345,-0.49543236927190526,0.815557878967062,-0.11433055248991919,0.0838423989465046,-1.0289749351326558,-0.22866110497983838,0.12957461994247227,0.2896373934283591
2403,-0.7529538751785474,-0.8435315050417722,-0.09057758293363988,-0.33018611816278287,-0.4629440080714241,0.8013224217227232,-0.13030949828065008,0.07563966054621796,-1.0435461138376125,-0.2500261871141895,0.10811048178120747,0.273166493231485
2404,-0.7606242571503299,-0.8114871822208115,-0.05086292699930933,-0.35556048028887904,-0.42799595096170406,0.7899704018793362,-0.1399010439438394,0.06094087743228105,-1.0572840051680656,-0.2632966861728435,0.09442004766627288,0.26122736445719413
2405,-0.7716294182913375,-0.879620259751054,-0.10799091151670971,-0.33148854621204266,-0.48932106939661496,0.8297168969706696,-0.1243983260722528,0.07478474299696203,-1.0468456407896218,-0.24530357749405407,0.11266667181127335,0.269701918470185
2406,-0.7698257325243281,-0.899400296551875,-0.12957461994247227,-0.32012550969515685,-0.5106764180861498,0.8384240267416627,-0.12957461994247227,0.07622036522022804,-1.0518410829072564,-0.25152719683951374,0.10670850944448843,0.2667712829303753
2407,-0.7632051033186029,-0.8535854493829219,-0.09038036388884335,-0.33668053963094885,-0.4720503693675427,0.8087242434194498,-0.14523343675058073,0.05545086191869594,-1.066689493912452,-0.27286217670878676,0.08972909176360823,0.2575436233899816
2408,-0.757955054350275,-0.8827347637043098,-0.12477966878409415,-0.3161751663410079,-0.5013753116218901,0.8220520639973101,-0.13603959935291432,0.0600297628817508,-1.0571187286420212,-0.2672351120164388,0.10406072339320763,0.2673722750488343
2409,-0.7519801160566779,-0.9136050646440772,-0.16162490352751888,-0.2955590414134509,-0.5344948845165806,0.8365695084523334,-0.13074554749683376,0.06813230476212809,-1.0527879250443655,-0.2582364976109407,0.11383581925642387,0.2740826925418325
2410,-0.7469595847497275,-0.8536680755559074,-0.10670850944448843,-0.32012550969515685,-0.4801883204576606,0.8003138301528174,-0.14481869671417955,0.05335425472224421,-1.067085131721501,-0.2667712829303753,0.09908647571821189,0.2667712829303753
2411,-0.740635863966752,-0.8321562865623142,-0.09152044688983187,-0.3215240733426769,-0.4588529952782072,0.7855189724392118,-0.1378556753128351,0.05983268990293222,-1.0533708850234795,-0.2593014376021368,0.10541697371919227,0.27503216578335293
2412,-0.7349455433495287,-0.8671176984237723,-0.132172177341812,-0.29715275971229954,-0.4969526142539574,0.8031513290175809,-0.1152309486843587,0.08300565508117316,-1.0281893611806234,-0.23730336430212368,0.12929438786302266,0.2916665085941382
2413,-0.7295098854985195,-0.8197648253151377,-0.09025497691439366,-0.31593265099406254,-0.45568641130355797,0.7790016036507237,-0.11796690609364134,0.08005091190541129,-1.0320006474047074,-0.2397692714512521,0.12446371580404164,0.2844031372436086
2414,-0.7317155359354828,-0.7698257325243281,-0.03811018261011403,-0.34299165746975757,-0.4039679645565868,0.7545816091568497,-0.12195258621619573,0.07622036522022804,-1.0365969595397782,-0.24390517243239146,0.11433055248991919,0.2743933073374976
2415,-0.7429054266099568,-0.8118100823241134,-0.0689046142772668,-0.3356298207084225,-0.4406091452925911,0.7778639419890556,-0.09869419532738678,0.09874828565932217,-1.0132407585451795,-0.22038697260993267,0.1311365613500361,0.28998354592370335
2416,-0.7506274425597388,-0.8066354015378316,-0.05600796752952913,-0.3488963601340905,-0.42934005840552414,0.7797533130077382,-0.08854617809728493,0.11273770721820486,-1.000690603205361,-0.2108479673453098,0.13887873482421026,0.3031024492936606
2417,-0.7560751859425054,-0.7461013833463042,0.009973806640693509,-0.38141953161516307,-0.36440638833986916,0.7558773142342191,-0.10411334856098481,0.10292133287814802,-1.0204210417617816,-0.22542382534856814,0.12504131378560418,0.29287840410778837
2418,-0.762203633563972,-0.7698257325243281,-0.007622036638512233,-0.37347979237486373,-0.38872384118910835,0.7698257325243281,-0.09908647571821189,0.10670850944448843,-1.0213528361722997,-0.2210390619344076,0.12957461994247227,0.2972594364737899
2419,-0.7619761970578586,-0.8016143499889044,-0.03963811229342791,-0.3607173242893011,-0.42138204480636904,0.7823134492300137,-0.08316706687599117,0.11668966793138635,-1.0033303703077288,-0.21080847395220664,0.1397035367748069,0.3130054918485669
2420,-0.7598186755760766,-0.7563880615057774,0.003430628048976139,-0.38015521366808236,-0.3745711957454068,0.7579844327223397,-0.09099978536994723,0.1033948447665829,-1.0199458984976655,-0.22370540206258502,0.1260611103839573,0.30226253423094696
2421,-0.7494071723954955,-0.7447320425008496,0.004675157667338266,-0.3727191859787396,-0.36547049791196307,0.7469837764276805,-0.08541255871695914,0.10274073883116422,-1.0237615327343865,-0.22536386654918025,0.12558880720299143,0.3005273404859377
2422,-0.7393375603426051,-0.7850697813385727,-0.04573222099596767,-0.34299165746975757,-0.411589988963709,0.762203633563972,-0.060976293108097865,0.12195258621619573,-0.9984868375041666,-0.2057949944818545,0.14481869671417955,0.32012550969515685
2423,-0.7351164629983156,-0.7595161482002982,-0.02439970682917585,-0.3512801171817617,-0.3918140670790443,0.7500005549570872,-0.0686699426209197,0.11382183965221923,-1.0060690151806582,-0.20770830537418644,0.1365102687975222,0.3067347384991874
2424,-0.7184476746987262,-0.7141646980202325,0.004282996136220195,-0.3593964898914722,-0.3530271304992185,0.7212611912659501,-0.08156535222611144,0.09941847177621099,-1.0142074445122584,-0.2177374398449641,0.12422619167628351,0.28698989219116616
2425,-0.7060876633516872,-0.746954848807856,-0.04086715077586415,-0.3329762788329433,-0.3902580125059736,0.7291752262822573,-0.05921413102688685,0.11239460391992472,-0.9881888578425722,-0.19654111014019604,0.14620915111566227,0.30543841216288825
2426,-0.7012273637537597,-0.7469595847497275,-0.04573222099596767,-0.32774757137889604,-0.39634590287284754,0.7240934369751267,-0.05335425472224421,0.11433055248991919,-0.9832427141366882,-0.190550908390993,0.15244073044045608,0.3125034852880345
2427,-0.6870500973598447,-0.6793291049617468,0.007720953856613831,-0.3477442713720341,-0.3365640835151034,0.6831819663171034,-0.07424982715377412,0.09955566282855186,-0.9925587832868716,-0.20787487523231402,0.13546041159978064,0.29646875849576915
2428,-0.689476066297283,-0.6860851760842547,0.0033908322174671717,-0.3444756971451598,-0.3393983396605033,0.6875667470140974,-0.06800993791495459,0.10688996054225892,-0.9765498983278658,-0.18558693301245963,0.1553763535421034,0.31101398396677715
2429,-0.6908387226744297,-0.7038421886911457,-0.013003459536327382,-0.33483223714102944,-0.3539224089009482,0.6976614550403125,-0.06427516122527925,0.1128773277674846,-0.9685125534630689,-0.16717236368928584,0.1779443237885498,0.3303476721708318
2430,-0.678361215979159,-0.6326290695364251,0.04573222099596767,-0.3582357062840022,-0.2896373934283591,0.6554951427577921,-0.09908647571821189,0.09146444199193535,-0.9908647385438105,-0.190550908390993,0.16006275484757843,0.32012550969515685
2431,-0.6825478086100123,-0.6139022305754409,0.06864560598213831,-0.3712803539688058,-0.2723463923056392,0.6451081969901187,-0.11661756704661809,0.08624865074253726,-0.9949801060055723,-0.18950996856407398,0.15949422158764312,0.32652599659511483
2432,-0.6847688751407361,-0.6659667020303799,0.01880217981073201,-0.350319999074625,-0.3219409496836413,0.6713718228500581,-0.11035397554514362,0.09944961656879431,-0.9823226118683384,-0.17525812251827239,0.18054484267662058,0.34772512204633294
2433,-0.6745959248095569,-0.6329443066707451,0.04165166645896656,-0.35766402228733396,-0.2917271029548564,0.6497903427762303,-0.132994771268463,0.08183037359428268,-0.9989934163882498,-0.1892205453344068,0.16677200234065212,0.3348272593581987
2434,-0.6707391915720368,-0.5868968112638405,0.0838423989465046,-0.37347979237486373,-0.25152719683951374,0.625006970576069,-0.16006275484757843,0.060976293108097865,-1.0213528361722997,-0.19817295143642377,0.15244073044045608,0.32012550969515685
2435,-0.6599210529739532,-0.6285496445990241,0.03137136576652712,-0.34407271446533355,-0.29987112450302655,0.643642511140624,-0.15505128237637592,0.07273738023947247,-1.0151361092584503,-0.19105250383843603,0.17076307047735756,0.33698830437069116
2436,-0.6479774578031905,-0.6244765948637682,0.02350082403859281,-0.3372785494477475,-0.29743214059749906,0.6351385175843343,-0.15532847124937643,0.07039414663576356,-1.016746645475994,-0.19568972572773968,0.1713875528956543,0.3435738601414593
2437,-0.6475208818136342,-0.5624382220145456,0.08508267398044585,-0.36493543662359046,-0.23563893781049267,0.6002139122499186,-0.17374272185836068,0.04615491923392724,-1.032250537814495,-0.2091704851171058,0.15709484989451902,0.33222875757911635
2438,-0.6402510193903137,-0.5868968112638405,0.05335425472224421,-0.34299165746975757,-0.2667712829303753,0.6097629217618243,-0.1829288839838707,0.04573222099596767,-1.0289749351326558,-0.2057949944818545,0.1676847978930092,0.34299165746975757
2439,-0.62605776852154,-0.6204322683897476,0.005625532702760089,-0.3145242608341698,-0.3074508066970614,0.6225830668860481,-0.18777474325804228,0.04973888982873654,-1.0242367958214285,-0.20163983362513918,0.17638783559276103,0.35792747117339735
2440,-0.6251285118810996,-0.5674656702058835,0.05766285498567717,-0.3428347998475586,-0.2552736798188546,0.5967347453971427,-0.1954942299494744,0.034180786845688635,-1.0390991638250164,-0.21716803528881473,0.17215254561573304,0.35459523794317127
2441,-0.6221071064226653,-0.5572667653085918,0.06484034857304281,-0.3420009375192269,-0.24532699991087487,0.5894015465034711,-0.19834811999750515,0.03332490027426745,-1.0408582914554867,-0.217683006150695,0.17914063790087453,0.3637182194273516
2442,-0.6173849834455636,-0.6173849834455636,2.876011063938163e-19,-0.30488146088091217,-0.30488146088091217,0.6173849834455636,-0.19817295143642377,0.04573222099596767,-1.0289749351326558,-0.2057949944818545,0.190550908390993,0.381101816781986
2443,-0.6233032270031125,-0.6094806304336386,0.013822625772449436,-0.31788042135190714,-0.2964178779585186,0.6169858390720963,-0.2031455911561766,0.0357278209994539,-1.037334208286367,-0.21673471844273567,0.18603906646565616,0.37118109866088606
2444,-0.6228579468832091,-0.5820788787175274,0.04077914293903587,-0.3308055038314406,-0.2719971442447814,0.600208421154428,-0.20652403763202437,0.029668241503513323,-1.0474994306592957,-0.21695369751356813,0.18320956531640772,0.3645258773158072
2445,-0.628817354421348,-0.6430860181593633,-0.014268644489313954,-0.3024953222885365,-0.3274726449112772,0.6323678707992353,-0.19229613188968042,0.056014170271221894,-1.0266763345934702,-0.1883113516559275,0.2081326645524363,0.39135435611061264
2446,-0.6478731183506697,-0.678361215979159,-0.030488146554048936,-0.30488146088091217,-0.35061368187687986,0.6631171671649144,-0.190550908390993,0.0685983268343744,-1.0137308863184111,-0.1829288839838707,0.2210390619344076,0.4039679645565868
2447,-0.6491680204727185,-0.6461590281482252,0.003008980777790531,-0.3230740898364185,-0.31763512378644326,0.6484649336124931,-0.20650148210270103,0.05911859962733071,-1.016967931798352,-0.18907995068171288,0.21059966865992213,0.3940892826372191
2448,-0.6458618373626859,-0.681359486137661,-0.03549766070907997,-0.299985008883863,-0.3547374019014573,0.6624021255567798,-0.19083424808106808,0.07570159843506655,-0.9932647613173538,-0.1580035566924791,0.2325718724951456,0.41133879167740584
2449,-0.6475051708478443,-0.7311657878041246,-0.08366067091664567,-0.27972142748993256,-0.4035269095677607,0.6907047442383296,-0.1737311314543708,0.09403838778697235,-0.9722680314933962,-0.13447826298157917,0.2528136763043394,0.4281200023753032
2450,-0.6478731183506697,-0.7012273637537597,-0.05335425472224421,-0.2972594364737899,-0.37347979237486373,0.678361215979159,-0.190550908390993,0.0838423989465046,-0.9908647385438105,-0.15244073044045608,0.22866110497983838,0.411589988963709
2451,-0.657610014497146,-0.7136225449622009,-0.056012499858201045,-0.2972342068780632,-0.38113334097525203,0.6864159854477176,-0.18953997991118327,0.08597117566605104,-0.995478618497011,-0.15680409738349216,0.22222159567313982,0.4071727915208139
2452,-0.6708441068667574,-0.7856268887703405,-0.11478276064687383,-0.27624073251404324,-0.4460809649725165,0.729031647971128,-0.172310758267014,0.09831380200574968,-0.981219181174541,-0.1472619548090624,0.2382446249833881,0.4155935946683154
2453,-0.6819501714833677,-0.7810298242834759,-0.09907960249909807,-0.29101891716070166,-0.436873744860666,0.7365134114910357,-0.18041002738055809,0.08408483085482388,-1.000543336504434,-0.17202334218040086,0.21668354722301464,0.39272415828368523
2454,-0.7012273637537597,-0.7698257325243281,-0.0685983268343744,-0.3125034852880345,-0.41921201337083136,0.7393375603426051,-0.190550908390993,0.0685983268343744,-1.0289749351326558,-0.2057949944818545,0.1829288839838707,0.3658577679677414
2455,-0.7239520520234475,-0.8450304383997387,-0.12107843284499065,-0.3000766506700119,-0.48392335458776325,0.7845209918975977,-0.17915904661707782,0.07482968905948166,-1.0279175744327005,-0.2122461050050359,0.17686425040626408,0.3610725122352194
2456,-0.7438233343699494,-0.8779210839901783,-0.13409780676919042,-0.3057930793047339,-0.5035015244011856,0.8127566717968939,-0.1747726508577473,0.06940769519518163,-1.038926507339647,-0.22331367790556414,0.16146833245200848,0.34194693100020385
2457,-0.7576245034238571,-0.844399255612005,-0.08677473971611226,-0.33508008691307073,-0.4621320552475463,0.8048244746607771,-0.18596096296251385,0.04626754302029689,-1.0661228795381972,-0.2538566833485104,0.12584700227423495,0.311304659466885
2458,-0.762203633563972,-0.8841562477376304,-0.12195258621619573,-0.32012550969515685,-0.5030543936790275,0.823179977927418,-0.17530684093843993,0.04573222099596767,-1.067085131721501,-0.2667712829303753,0.11433055248991919,0.30488146088091217
2459,-0.7614839069945002,-0.934553528409815,-0.1730695923783057,-0.29412958464203326,-0.5546258878895554,0.8467348926973659,-0.1534063624011084,0.05578778961435271,-1.0617848396690401,-0.26429096431098326,0.11735137647171337,0.3020188292806472
2460,-0.7602125267171279,-0.8970010813810438,-0.13678850912909518,-0.31220895883279665,-0.514694790617152,0.831769645471981,-0.15822686824352217,0.04038140192929324,-1.080249505091467,-0.27582331375630087,0.10175987479027251,0.2835596858058114
2461,-0.7492710885012632,-0.8942621426569735,-0.14499105867742043,-0.3011595853569797,-0.5154879731049542,0.8246217042294139,-0.1549316964984591,0.030778547813259085,-1.0882965866307859,-0.2805968560092316,0.09016096086175775,0.2731117264726532
2462,-0.7393375603426051,-0.952754541954965,-0.21341701888897685,-0.25914923988494454,-0.5792747868567182,0.8460460511487851,-0.12957461994247227,0.04573222099596767,-1.0747071561286234,-0.2667712829303753,0.09908647571821189,0.28201535038292835
2463,-0.7391216457542225,-0.9332917123721479,-0.1941700573570162,-0.27125419025689923,-0.5600881905420406,0.8389590232210987,-0.1308815149533466,0.04373450449467021,-1.0759996476526756,-0.2688749830125856,0.09648490821900495,0.2801078847384139
2464,-0.7366564192612496,-0.8974785763918324,-0.16082214493937041,-0.2888140406601463,-0.5250920073002066,0.8214471266530239,-0.14407743652758204,0.03093074751869655,-1.0883987173740026,-0.2808096072426212,0.0845349625210138,0.26335306039322226
2465,-0.7425081831828664,-0.9531808486425658,-0.21067266356271983,-0.2654756492879443,-0.5783321385473246,0.8515319185442412,-0.13117553915082136,0.045021854969095124,-1.0744163832779547,-0.2681809031226517,0.09827389575181526,0.27280965937507623
2466,-0.7545816091568497,-0.9756206897295658,-0.2210390619344076,-0.2667712829303753,-0.5945188729475798,0.868912124370152,-0.12957461994247227,0.05335425472224421,-1.067085131721501,-0.2667712829303753,0.10670850944448843,0.28201535038292835
2467,-0.7532398435326737,-0.9301163004310198,-0.17687644445225276,-0.2886521459843195,-0.549169173269627,0.8451854714935454,-0.14506441464019265,0.03898861013756197,-1.081201701321873,-0.2880510622201474,0.09188968198256509,0.2663969665471349
2468,-0.7628134402288005,-0.9646922310354161,-0.20187873875841206,-0.27869723038133487,-0.5815897413664518,0.8684209328812953,-0.13314481553696547,0.04762521296116742,-1.0702255049218061,-0.278846192486771,0.10201218197840609,0.2809236956979635
2469,-0.7820694072526414,-1.0229444450269378,-0.24087497194185914,-0.26609124327892264,-0.6318331607806291,0.9050084679251904,-0.12162035387814843,0.06342847442035121,-1.058366268134903,-0.26612405910164166,0.11488930212466877,0.2983308099650453
2470,-0.7850697813385727,-0.9832427141366882,-0.19817295143642377,-0.2896373934283591,-0.5868968112638405,0.8841562477376304,-0.1371966536687488,0.05335425472224421,-1.0747071561286234,-0.28201535038292835,0.09908647571821189,0.28201535038292835
2471,-0.7830880226327447,-0.9700420877307085,-0.18695411229661202,-0.297413260712095,-0.5734624273601178,0.8798824480931277,-0.13519104424856151,0.050315888884609784,-1.0715829449589647,-0.2795586892450435,0.09612567806649007,0.28413172336825293
2472,-0.7885689160930918,-1.0341684575826366,-0.24559956058170393,-0.2717473771932291,-0.6391426504747062,0.9135342972207088,-0.12258627227625499,0.05732186096497161,-1.060333278013073,-0.26839923739250665,0.10006429305510557,0.29261245179210726
2473,-0.7924280046066968,-1.0169760591841228,-0.2245480736078883,-0.28394976712050224,-0.6198962301932135,0.9047733918492697,-0.13599497602935415,0.04949833717688034,-1.0708449460764697,-0.2787823511018488,0.08608338367456464,0.27449443698545595
2474,-0.7850697813385727,-0.9603766409153212,-0.17530684093843993,-0.30488146088091217,-0.5640307007658567,0.8765342233305082,-0.14481869671417955,0.04573222099596767,-1.0747071561286234,-0.28201535038292835,0.0838423989465046,0.2667712829303753
2475,-0.7669194905861265,-0.9872513219875434,-0.22033175758323625,-0.2706693756553715,-0.6025808563496738,0.8814112883659354,-0.13183244315978151,0.057757987666363475,-1.061081664950768,-0.26926052827872093,0.09719166097889294,0.27455709126655425
2476,-0.7533023896779302,-0.9845725074128342,-0.2312700733958437,-0.2559800525738601,-0.6087998542744991,0.872460257500901,-0.13406945749053228,0.06039920201778588,-1.0620160715495681,-0.26760107138384565,0.09418888839811876,0.26481127284515965
2477,-0.7423342894693434,-0.9169389536981366,-0.17460467956885473,-0.28128089339476625,-0.5453461930782901,0.8331105296006571,-0.1476336073804242,0.05093458383390061,-1.078060027680919,-0.2761371199098288,0.08072125634339414,0.24754771662649938
2478,-0.7317155359354828,-0.9298884687335982,-0.19817295143642377,-0.2667712829303753,-0.5640307007658567,0.8308019277813067,-0.1371966536687488,0.060976293108097865,-1.067085131721501,-0.2667712829303753,0.09146444199193535,0.25914923988494454
2479,-0.7296830216008092,-0.967336774112722,-0.23765375544865097,-0.2458911167988892,-0.6029404655322311,0.8475062597627674,-0.122134969666083,0.076829805903203,-1.0430001092466812,-0.25125344058465104,0.1074322650498156,0.2754146025285026
2480,-0.7347792765286889,-0.9261567725154651,-0.19137748783151567,-0.272248052548554,-0.5570598270038115,0.8330958495649378,-0.12454169867617089,0.06937674004915652,-1.0534731133822308,-0.25673402183928695,0.09963889781569912,0.26615838455367924
2481,-0.7399965043325124,-0.9258254611330252,-0.18582893786977486,-0.27610632377837296,-0.5512453862765759,0.8363289459677626,-0.11657904524307283,0.07355517990578467,-1.0542442245731607,-0.2558466804423648,0.10396725526831344,0.27293562233729535
2482,-0.7393375603426051,-0.9832427141366882,-0.24390517243239146,-0.24390517243239146,-0.6097629217618243,0.8612901745162636,-0.09908647571821189,0.09146444199193535,-1.0365969595397782,-0.24390517243239146,0.12195258621619573,0.2972594364737899
2483,-0.7412451213127691,-0.962331237125615,-0.22108615089590544,-0.25871385174286327,-0.5913651136952282,0.8509056734645133,-0.10722229107518284,0.07732876623830666,-1.055436229465575,-0.2577605212578186,0.10780052496581208,0.28861854198501397
2484,-0.7600862707387711,-0.9325245793508994,-0.17243829172484915,-0.2951338461158641,-0.5511124531312102,0.8487710174467633,-0.12141629830405362,0.060849363339033916,-1.0749187544772858,-0.2768843594544212,0.09061440500180733,0.2773304829836731
2485,-0.7700404799011744,-0.9766623257145223,-0.20662187675255686,-0.2805178819642953,-0.587088754113682,0.876890805980955,-0.10787046465591307,0.07409985563002759,-1.0609478111118573,-0.2712168648209682,0.10484464067142597,0.2968794250466751
2486,-0.7698257325243281,-0.9679985907692097,-0.19817295143642377,-0.28201535038292835,-0.5792747868567182,0.868912124370152,-0.10670850944448843,0.0685983268343744,-1.0747071561286234,-0.28201535038292835,0.09908647571821189,0.2972594364737899
2487,-0.7810376508585591,-0.8915990308374604,-0.11056139770924825,-0.33117444464778406,-0.4977991462935676,0.8352622187261017,-0.12731682928932747,0.037603927306859325,-1.112348263408531,-0.3139067391582536,0.06631259535720645,0.27076550498404744
2488,-0.7860020371940429,-0.871512212678506,-0.08551019314761459,-0.34778825641058864,-0.47377554035680847,0.8315422598769897,-0.12086521163283216,0.026569120369567358,-1.1223615098021469,-0.32230739702981437,0.06065035366336881,0.26859860844014016
2489,-0.7853141837248259,-0.8517957579519697,-0.06648162948511441,-0.3604936727451211,-0.45650970729670326,0.8217752725464507,-0.11745141440357526,0.015856130343989153,-1.136166352804703,-0.3377867408460458,0.05433487007622386,0.27175773875873627
2490,-0.7926918057456951,-0.7317155359354828,0.06097629310809787,-0.4268340377779537,-0.3353695957860184,0.762203633563972,-0.15244073044045608,-0.03048814655404894,-1.1890377458951595,-0.39634590287284754,0.015244073277024466,0.24390517243239146
2491,-0.7883176716101746,-0.619554962974707,0.16876273455173552,-0.4745721932293938,-0.22278406228355,0.7037684095861997,-0.1639262752975561,-0.06978181953974369,-1.2279976416256002,-0.44262556543583853,-0.007842536025621336,0.23015290353646384
2492,-0.781327420341037,-0.5691770534051147,0.21215032395379552,-0.4953519808615624,-0.17366125059594156,0.6741798761375075,-0.15435394792061763,-0.08951566269823803,-1.2475558554487223,-0.46473802590927643,-0.01082973716615162,0.24944226148816095
2493,-0.7865176833143015,-0.4524933669378572,0.33402429817135787,-0.5596171107735288,-0.05639664693288379,0.6145437642361886,-0.1932677370730498,-0.14491800946481442,-1.3015759316564393,-0.5161576810201088,-0.0319425251338344,0.24628083669205236
2494,-0.7774476823782167,-0.3125034852880345,0.4649442343667991,-0.6173849834455636,0.07622036522022804,0.5411645902678729,-0.24390517243239146,-0.2057949944818545,-1.356722431958318,-0.5640307007658567,-0.03811018261011403,0.24390517243239146
2495,-0.7525296698394983,-0.25799670721966494,0.4945329688921196,-0.6225623999535903,0.11777153516792488,0.5052821021061411,-0.2578055326938993,-0.2225499784275266,-1.367826336595228,-0.561317747601795,-0.0019512143308236167,0.286886879449353
2496,-0.7403951940597909,-0.17798864918501298,0.5624064964559633,-0.650540745171288,0.19309773062114338,0.4572385404850249,-0.3011878666175012,-0.25555115167617837,-1.387617256075548,-0.5530296071595721,0.04569837318314175,0.3311829364552422
2497,-0.7223534648637204,-0.038930753201255386,0.6834227235107591,-0.6984186711975262,0.32105714428434823,0.37659910241171796,-0.38653343406879476,-0.31610731960464317,-1.4148567166898296,-0.5398799202462018,0.10870217765882019,0.37668295162736537
2498,-0.678361215979159,0.015244073277024468,0.6936053393466374,-0.6859833149395151,0.35061368187687986,0.32774757137889604,-0.46494423436679916,-0.35061368187687986,-1.4024547275075194,-0.47256625877392133,0.2210390619344076,0.4649442343667991
2499,-0.6273887189110278,0.04344533889013624,0.67083403458273,-0.6534983607356569,0.35605105573962603,0.28761523833694824,-0.5719811370426288,-0.389021049082259,-1.384960958029461,-0.3842639980231375,0.3571359524985601,0.562974214946589
2500,-0.568516078511017,0.1396847110151748,0.7082007870813927,-0.6394721759676163,0.42465270430690527,0.21299009291005333,-0.7459033123453322,-0.4656678349198625,-1.3939481649971217,-0.30792034487446673,0.5000382961625274,0.6590505875606503
2501,-0.489606338710338,0.15638245250221045,0.6459888282887958,-0.5684729660221254,0.4008862022613756,0.1661166116898617,-0.93919806796588,-0.5396316428773996,-1.3867856951061897,-0.20363732558641817,0.6843276695907567,0.7845087550167904
2502,-0.39634590287284754,0.03811018261011403,0.43445606218507593,-0.41921201337083136,0.23628312938696075,0.17530684093843996,-1.1280614015317134,-0.5868968112638405,-1.3414783831440735,-0.06097629310809787,0.9070223209589974,0.9298884687335982
2503,-0.2935626334403508,-0.09331828575069957,0.20024433004979458,-0.24848287162710614,0.05343586525733409,0.1919438780340427,-1.3409178370574657,-0.6363902640821295,-1.3009864420611092,0.06904737987821523,1.1113378768737432,1.0538759876284485
2504,-0.1921801810213071,-0.3259703917509097,-0.13379018785860042,-0.02661960481668101,-0.22867298573840167,0.2603591975471404,-1.5592349390518747,-0.6871395090155146,-1.2830242409842008,0.183829520194248,1.2956621780711082,1.159080465880523
2505,-0.09840287472810083,-0.762362263485634,-0.6639593778029541,0.2868412920575149,-0.7082515238806462,0.4295954106435259,-1.7257177169594824,-0.7022831052809573,-1.2378454329021402,0.32281189969825325,1.4890294685158505,1.2719497027250135
2506,-0.007622036638512234,-1.2576359655592604,-1.250013941152138,0.625006970576069,-1.250013941152138,0.6326290695364251,-1.8673989618743185,-0.708849388160882,-1.196659695749048,0.4420781238688152,1.646359955854836,1.356722431958318
2507,0.0714462096196104,-1.7544093297612726,-1.8258555470969797,0.9520846165035843,-1.790186795094042,0.8448961600086567,-2.0060007441950893,-0.7298683214567376,-1.201463072363702,0.5021366178361694,1.7400788496651354,1.3870990749839416
2508,0.12271614702046107,-2.3484720147167675,-2.4711881684609787,1.301637106292394,-2.407684827812401,1.115540063463081,-2.0897075895978325,-0.7183287519973446,-1.1942003263286636,0.5571006380326062,1.8275271282906194,1.4140945317498697
2509,0.1554431851117481,-2.9284299654933528,-3.0838732464027627,1.6222051462898568,-3.002650377146723,1.3854381509714182,-2.132105184151742,-0.6826817322902856,-1.1780298456582003,0.607519939463886,1.9015806916022613,1.4352940706241961
2510,0.1829288839838707,-3.353696106966651,-3.5366249909505214,1.8597769374671964,-3.445160698065054,1.5853836114913902,-2.1722803854786137,-0.6631171671649144,-1.1890377458951595,0.6173849834455636,1.9207532818306423,1.4100767519146418
2511,0.19760470101544994,-3.7235231723449855,-3.921127582731305,2.062486794025845,-3.8227373134783615,1.7667015032575704,-2.1648452945253696,-0.6194748730547556,-1.1677798476300503,0.6392504889045486,1.92891191377595,1.3813391955088634
2512,0.19801922124624521,-4.06228927678994,-4.260308296805847,2.2318425807097744,-4.161111057863948,1.9340369725930782,-2.111000225132557,-0.5398282744882212,-1.1109072900592185,0.6905971353034462,1.9452500154129733,1.375889387680291
2513,0.20030128306462353,-4.222543281566359,-4.422844591699907,2.3107829384333454,-4.322309763153597,2.0111943126398826,-2.067999934835413,-0.4774867450390342,-1.0694408856293265,0.7108436985756534,1.9236150334309294,1.339103663740038
2514,0.2057949944818545,-4.268340526886004,-4.474135484091242,2.33996522064824,-4.367426844178595,2.0350837970439444,-2.0198397482297,-0.41921201337083136,-1.0289749351326558,0.708849388160882,1.882643010688563,1.2881242122942171
2515,0.1981788857045953,-4.332521469077595,-4.53070031678581,2.364772506565921,-4.426836369632808,2.0720454525153293,-1.9390233894507023,-0.3405882643182091,-0.9773418860074494,0.7149844121294426,1.8438022216949237,1.2621026517085268
2516,0.1727618611734889,-4.31262508687127,-4.485387012196967,2.3287351078404024,-4.397750503965174,2.0710591342643787,-1.8723380813707928,-0.3008798620012767,-0.9665411256720889,0.6692729755166054,1.7503576941816776,1.204944213927601
2517,0.1420964326609012,-4.171367985305401,-4.31346443714123,2.227961559467212,-4.242094933633033,2.0150604264937853,-1.8272935457790207,-0.3074206246656196,-1.0047038900452954,0.5514451363668034,1.6029067433691009,1.112728226927311
2518,0.09908647571821189,-4.070167594087889,-4.16925391138048,2.134170263443002,-4.115899740530623,1.9893515014947432,-1.7454462731474263,-0.2972594364737899,-1.0442189839469005,0.4268340377779537,1.4634310718709655,1.0442189839469005
2519,0.04176350886605965,-3.9746365330653144,-4.0163999106863555,2.028966766838867,-3.990714458931626,1.9710743797273966,-1.6344288234842441,-0.2858044530481008,-1.093764677379841,0.2870063122985883,1.3060070611958947,0.9655073322835395
2520,-0.010339373282264152,-3.7668435056293283,-3.7565042712150527,1.873211905451094,-3.760461882186176,1.8901239231649325,-1.531613542533633,-0.30038069873215556,-1.1758904467813953,0.10560144132324036,1.1064034298619954,0.8516089121574101
2521,-0.06595286895994035,-3.5746267878857156,-3.5086738581711385,1.7212703448540947,-3.54157920191403,1.8200593717357418,-1.39500975562039,-0.2859613553255459,-1.2298342310987795,-0.04072544434768871,0.928865114181658,0.7575202989700202
2522,-0.1371966536687488,-3.4604047468792984,-3.3232077111252267,1.5930056358985125,-3.391806229002263,1.79880059310375,-1.2195258435236487,-0.23628312938696067,-1.2423919167450157,-0.1371966536687488,0.7850697813385727,0.6859833149395151
2523,-0.20653592044261276,-3.275667847285554,-3.0691318757500987,1.4314275714118918,-3.173168107907809,1.7409062661632642,-1.0620506804688066,-0.20587761775108088,-1.2644743644165921,-0.24725600059398278,0.6290635811918357,0.5899602508015143
2524,-0.2706978871351812,-3.0667616224763283,-2.7960638348627405,1.2623471482812736,-2.9287122985929552,1.670212137519178,-0.9059164438099533,-0.17006011944731353,-1.271489104696841,-0.3284652377967079,0.49499696951103,0.4999257178199086
2525,-0.3328389602458953,-2.95656102564338,-2.623721862630724,1.1460979462857426,-2.787075364975463,1.649368534618395,-0.7231038330136597,-0.09538932492761297,-1.2353317592232715,-0.3464920610619592,0.40475631636805454,0.4489427335753646
2526,-0.39634590287284754,-2.843019577050651,-2.4466735623479523,1.0289749351326558,-2.644846644252535,1.6234937335270017,-0.5792747868567182,-0.04573222099596767,-1.2195258435236487,-0.381101816781986,0.2972594364737899,0.381101816781986
2527,-0.4605489004372527,-2.672868438214872,-2.212319613995195,0.8804584596890987,-2.439773538787156,1.5672147782013806,-0.48354924357801643,-0.03224222737003606,-1.233630188799788,-0.4389777486964364,0.1755241506681744,0.2891657604030518
2528,-0.514312583760302,-2.5698067885170595,-2.055494081001007,0.772197845836716,-2.3095368348696628,1.5420282498517521,-0.36859541415095765,0.008250616003224853,-1.2208930381884915,-0.455084795355688,0.09713834866525387,0.23712381540672708
2529,-0.5672264284396727,-2.4967033146806252,-1.9294767430681965,0.6808397487865624,-2.214270652830833,1.5317496956457877,-0.25673263287995646,0.045820787215436684,-1.2002124789228332,-0.46532021688725117,0.024207398624259385,0.1948447807980826
2530,-0.625006970576069,-2.347587245055362,-1.722580349032527,0.5487866146749952,-2.0350837970439444,1.4862971450923326,-0.19817295143642377,0.04573222099596766,-1.2195258435236487,-0.5106764180861498,-0.07622036522022806,0.12195258621619573
2531,-0.676006751209854,-2.2159580368930136,-1.5399513726372809,0.4318579627707833,-1.8745967253422107,1.449109507408165,-0.13539710668918079,0.0681522161192145,-1.2229250556795852,-0.5307257750810049,-0.14329389504691858,0.0783823254549097
2532,-0.7307325778643415,-2.1529130814830837,-1.4221805854231204,0.34705938362950184,-1.7836180020201997,1.4447901910303438,-0.04927741398220404,0.11165675388816994,-1.180577455309775,-0.5129684836222641,-0.16755724800458915,0.07201496792583266
2533,-0.7874141944564557,-2.0246244056601497,-1.2372102528638327,0.2297151929147837,-1.6271242350905348,1.4047809002193494,-0.006365180612698501,0.1218063322036096,-1.1660631073020884,-0.5137982761026243,-0.20647631555898444,0.03773002691784796
2534,-0.8308019277813067,-1.8673989618743185,-1.0365969595397782,0.10670850944448843,-1.4481868739502535,1.3491005566576633,0.015244073277024468,0.12957461994247227,-1.1661715981205587,-0.5106764180861498,-0.23628312938696067,0.007622036638512233
2535,-0.8654014240142631,-1.7897804903342898,-0.9243790483167124,0.029571793532022647,-1.35328138354555,1.3314918593459193,0.07268490505884281,0.16950263849546857,-1.1157975774776612,-0.4660703742394609,-0.22143038077013275,0.023840847438837347
2536,-0.8944694258122514,-1.6885656132665152,-0.7940961594569874,-0.04829419036604433,-1.2374902954561027,1.2931778696257223,0.11325124814830115,0.1973960634071108,-1.0733391763555098,-0.42791868769779173,-0.20626464399628258,0.030665599089639582
2537,-0.9097401849344006,-1.5220489976398004,-0.6123087444202718,-0.14497187730963937,-1.0634007174620792,1.216164932457757,0.11492963704433772,0.19859657062153172,-1.0612900735991533,-0.41374126425770213,-0.20391763283525846,0.021694966391246302
2538,-0.9070223209589974,-1.4329428251360088,-0.5259205414536282,-0.190550908390993,-0.9756206897295658,1.173793622527681,0.1371966536687488,0.2210390619344076,-1.0213528361722997,-0.37347979237486373,-0.17530684093843993,0.04573222099596767
2539,-0.8946332916165545,-1.3766618916167974,-0.48202864818538366,-0.20732593176214692,-0.9254542662686858,1.1401714677950403,0.16658678778241365,0.2544851902100042,-0.974665148949065,-0.32175482208529027,-0.14223613826985204,0.07317842778926753
2540,-0.8851246577990062,-1.2482129974927365,-0.3630883762884092,-0.2585241072538047,-0.8020320549612068,1.068561286788515,0.15929839732122988,0.25836444907012907,-0.9605032340529975,-0.30471518503535566,-0.13267426177771352,0.0769120136133077
2541,-0.8693702040868949,-1.1660348403373075,-0.29666465820745913,-0.2824425451670486,-0.7273065743653716,1.0170011855692471,0.15474419610576123,0.2640915056171,-0.943669213203937,-0.28839358944244514,-0.11198261689928239,0.09137398326776387
2542,-0.8460460511487851,-1.1661715981205587,-0.32012550969515685,-0.25914923988494454,-0.7393375603426051,1.006108787358055,0.17530684093843993,0.2896373934283591,-0.9146444199193535,-0.25152719683951374,-0.07622036522022804,0.12195258621619573
2543,-0.8273257462744128,-1.0954853378972191,-0.2681596281353748,-0.27548335546236435,-0.6808740768779489,0.9649377003940831,0.17913754920839076,0.2933199287388192,-0.9052325795297557,-0.23564061316054474,-0.06214160703521918,0.13621088527593636
2544,-0.8138861610886566,-1.0054525172481672,-0.19156646809945901,-0.3089675480637515,-0.5993193323410375,0.9118280874179875,0.17015275917426537,0.2864029560392609,-0.9037336380419769,-0.2339829119255507,-0.05397035498587964,0.1408058587091628
2545,-0.8050960592030763,-1.0149503151429302,-0.20985433223094443,-0.29834859427557886,-0.6115725256234583,0.9099247517900537,0.17996516188349412,0.30495957191518364,-0.883068058776844,-0.21182503346842924,-0.029822478638289133,0.15930419365734466
2546,-0.8003138301528174,-1.006108787358055,-0.2057949944818545,-0.2972594364737899,-0.6021408973547021,0.9070223209589974,0.1829288839838707,0.3125034852880345,-0.8765342233305082,-0.19817295143642377,-0.022866110497983837,0.1676847978930092
2547,-0.7888454895147717,-0.9279810754393496,-0.1391355809793694,-0.3241445093727683,-0.5289948951815733,0.8634716743508648,0.1733587486046345,0.3017261054184618,-0.8857529709621587,-0.20128511391800993,-0.027266251671243406,0.16385458752648424
2548,-0.7778964335429961,-0.9202843593333941,-0.14238789126927048,-0.3190908190622438,-0.5298187633095254,0.8498833068010574,0.18946509687041208,0.3234519236541604,-0.8658970737618449,-0.18024255231624556,-0.005390300406371505,0.1839365196909296
2549,-0.777249998248978,-0.9450191500981506,-0.16776911482055099,-0.3031314027628338,-0.5565381924736481,0.8619054214693505,0.20895922988586296,0.34606189355766503,-0.839739748934599,-0.15428467429448528,0.007857053141396128,0.19911144895726118
2550,-0.7774476823782167,-0.8917782721447527,-0.11433055248991919,-0.32774757137889604,-0.5030543936790275,0.8384240267416627,0.19817295143642377,0.3353695957860184,-0.8460460511487851,-0.16006275484757843,-0.007622036638512234,0.1829288839838707
2551,-0.7754534004853624,-0.8678816396997047,-0.09242818978663768,-0.3413417444587551,-0.4806256123327689,0.8231363243857912,0.19798832737643052,0.3417533501154691,-0.8399670816256224,-0.1546968667743866,-0.0009299389041803833,0.18325012526577977
2552,-0.7812246545069008,-0.9195893314010268,-0.13836462413902512,-0.31924574460029465,-0.5269136852150095,0.8489168092802304,0.22277767937491214,0.36471853261011133,-0.8084718943445223,-0.12265204015039964,0.021902509836270994,0.20419076712431486
2553,-0.7843597011202773,-0.906049168688099,-0.12168948886124605,-0.32811853954379516,-0.5098336455434844,0.8465973226328021,0.22557515415553106,0.36151332037228096,-0.8010033634130959,-0.11614270085172843,0.0196731891427522,0.20176959116118223
2554,-0.7850697813385727,-0.868912124370152,-0.0838423989465046,-0.35061368187687986,-0.47256625877392133,0.8308019277813067,0.21341701888897685,0.35061368187687986,-0.8079359291131736,-0.12195258621619573,0.015244073277024468,0.190550908390993
2555,-0.7953087121727449,-0.9184239970959303,-0.12311527949555232,-0.3331391449696799,-0.5164586569991174,0.8580160360382396,0.22331666461773772,0.36014926612219395,-0.7906856033159637,-0.0991532943719309,0.027900868182057968,0.1962995278491389
2556,-0.8050923576605813,-0.9376730959314881,-0.13258076842673877,-0.3336321399723991,-0.5335963828399292,0.8703959693046048,0.23045749011523078,0.37071051653053033,-0.7820237554249714,-0.08814698089713291,0.026701229598030028,0.19397628824313579
2557,-0.8084024846458433,-0.8801729821795896,-0.0717705697903978,-0.36858199584756174,-0.4756349172701647,0.8449336612962016,0.21582036394134507,0.3617703326176425,-0.7962132487084106,-0.10405708505851542,0.010948263411665325,0.17848831422103528
2558,-0.815557878967062,-0.8917782721447527,-0.07622036522022804,-0.3658577679677414,-0.4801883204576606,0.8536680755559074,0.2210390619344076,0.3658577679677414,-0.7850697813385727,-0.09908647571821189,0.015244073277024466,0.1829288839838707
2559,-0.8167133996587488,-0.929727650178537,-0.11301417835008902,-0.34691430309334476,-0.5171582316303048,0.872164012225483,0.2373044867776159,0.3815213042917689,-0.7660024626637187,-0.08805090100257404,0.020335186371504117,0.18802107529912104
2560,-0.8115035029614914,-0.8799169001041446,-0.06841337912663838,-0.37024266279224477,-0.47054373003509387,0.8487969991288703,0.22525632644580795,0.37044109457601804,-0.7850821670072667,-0.10536207412366853,-0.0004062908805330095,0.16684127996810588
2561,-0.8197837739309908,-0.8580505756870827,-0.03826677860976115,-0.3909844325671654,-0.44472656350273365,0.8416925809486614,0.22554262347036919,0.3700534445110861,-0.7869931702141217,-0.11297765445744705,-0.004529710390120579,0.163290988769279
2562,-0.8384240267416627,-0.9146444199193535,-0.07622036522022804,-0.381101816781986,-0.49543236927190526,0.8765342233305082,0.25152719683951374,0.39634590287284754,-0.762203633563972,-0.09908647571821189,0.015244073277024466,0.1829288839838707
2563,-0.840666020700001,-0.8990228879659429,-0.0583568637184411,-0.3885639042978897,-0.47968297572582336,0.8731047628431808,0.2489556176061045,0.38926167149855384,-0.7750688593558619,-0.10745121035021085,0.007721285244925943,0.1744756588884969
2564,-0.8316365729578854,-0.844071079845856,-0.012434443330809078,-0.4044236909818821,-0.42570523655722087,0.8400492999109372,0.24231586105814637,0.37315513652243326,-0.7911310598266061,-0.11959586648788849,-0.008533950331375426,0.16261107059008492
2565,-0.8308549881552927,-0.8802439539354369,-0.04938886759742065,-0.38835984362751824,-0.4610075993978738,0.8556597780889786,0.2696603570427152,0.40070948065728285,-0.7665627323744163,-0.09657684330176851,0.00772887487267321,0.18396925108834178
2566,-0.8308019277813067,-0.899400296551875,-0.0685983268343744,-0.381101816781986,-0.4801883204576606,0.868912124370152,0.28201535038292835,0.41921201337083136,-0.7545816091568497,-0.0838423989465046,0.015244073277024466,0.190550908390993
2567,-0.8191010793462743,-0.8397489470736895,-0.020647874588414432,-0.39611756512977947,-0.4257880351367587,0.831251819520593,0.27174805223551846,0.4043633280139106,-0.7630241887493538,-0.0985486538874033,-0.004330534221986573,0.1701901325564511
2568,-0.8092420901638206,-0.8479932145066721,-0.038751180294151796,-0.38244056361036055,-0.44193097811151416,0.8267308052163447,0.2916782181482982,0.4157638982499261,-0.7482086743500814,-0.08649433901241364,-0.0026640793420303873,0.17360573755905068
2569,-0.8063197219421452,-0.8889775835152987,-0.08265788555872149,-0.3628256043201169,-0.48544571394663993,0.8492803837766474,0.3174321895464929,0.4396009721222524,-0.7256258874116351,-0.06379342876609995,0.009505779061738056,0.18312751519832218
2570,-0.8003138301528174,-0.8384240267416627,-0.03811018261011402,-0.381101816781986,-0.434456062185076,0.823179977927418,0.3125034852880345,0.4420781238688152,-0.7240934369751267,-0.0685983268343744,3.683613169287566e-19,0.1676847978930092
2571,-0.7971320631809762,-0.8133106555409091,-0.01617863990669511,-0.38730208181663794,-0.41050926230469414,0.8061482455761044,0.31868846838737996,0.456143247254247,-0.7155246681177811,-0.06159424914832894,0.0014840631669721187,0.1634861184909496
2572,-0.8080276839534422,-0.8713758442397423,-0.06334815839458384,-0.3681079829654372,-0.46389201091920695,0.839086360915826,0.3446928172255289,0.47717140664854873,-0.6931675240750284,-0.03898760057692091,0.019899686668540986,0.1754291596325514
2573,-0.8159903280649273,-0.8600128454821293,-0.04402246798119265,-0.38246528894297144,-0.4480986576910889,0.8383184922705984,0.3483146635230844,0.4786629702077879,-0.6848943945753437,-0.04193054970587029,0.02060658534860143,0.1722249764383853
2574,-0.815557878967062,-0.815557878967062,-2.1431098512515476e-19,-0.4039679645565868,-0.4039679645565868,0.815557878967062,0.34299165746975757,0.4801883204576606,-0.6859833149395151,-0.04573222099596767,0.015244073277024466,0.1676847978930092
2575,-0.8246004922636853,-0.858714026005126,-0.03411347855237931,-0.390812314403755,-0.44237275079807314,0.8413505037348237,0.3637187511822146,0.50092508957456,-0.6699208407997913,-0.017499975009078586,0.0313298611470622,0.18393179321377348
2576,-0.838231498866787,-0.8761528743102669,-0.037921316275000394,-0.39857435367185456,-0.45479419096955787,0.85770795203403,0.3819500813866921,0.5218362637811435,-0.6551710548202803,-0.00190816190524895,0.042336844574519764,0.19433237088894167
2577,-0.8343668410415485,-0.8192899835034627,0.015076837664077417,-0.4248539050869979,-0.4028762646950376,0.8263333131336745,0.3665905391737955,0.5127772759306943,-0.6683201111355337,-0.022790794500342857,0.022113804322821846,0.17459922768644373
2578,-0.823179977927418,-0.823179977927418,5.158084093637014e-19,-0.411589988963709,-0.411589988963709,0.823179977927418,0.37347979237486373,0.5182984797698891,-0.6631171671649144,-0.015244073277024466,0.015244073277024468,0.1676847978930092
2579,-0.8170100649076933,-0.8477961786262385,-0.03078607984214117,-0.39371160317670506,-0.43619495524019125,0.8358014050422962,0.4123193953384221,0.5517091574155254,-0.6289755878543992,0.015104029142106228,0.03088429945958164,0.18309010586916144
2580,-0.8078238631916921,-0.7970421210877869,0.010781785568862653,-0.40686566640207,-0.3887922857883139,0.8049474772742071,0.4160032946742792,0.5482061127714408,-0.6312220088635554,-0.0011606315488906186,0.016516616336709762,0.1689779779705616
2581,-0.7964607251215715,-0.7706396659339408,0.025821108430449963,-0.4078145599135298,-0.3692454151297309,0.7827592292559018,0.4155865622280102,0.5449627406270382,-0.6371160215990488,-0.01334625366319307,-0.0028982051127109457,0.14927019727560467
2582,-0.7926918057456951,-0.8079359291131736,-0.015244073277024468,-0.38872384118910835,-0.411589988963709,0.8003138301528174,0.4497001482759375,0.5792747868567182,-0.6097629217618243,0.015244073277024468,0.007622036638512233,0.16006275484757843
2583,-0.782534479189712,-0.7841500596238942,-0.0016155394243537666,-0.3906060434356524,-0.3939050257725849,0.7840222744825297,0.460028582431152,0.5836947877464228,-0.6050810438893433,0.014731730949335832,0.0009179132716671593,0.1537718442595924
2584,-0.767373332645878,-0.731274460552584,0.03609885242042808,-0.40207099091743803,-0.3447325104855992,0.74722290243656,0.4562170561116715,0.5770357390889959,-0.610233055121533,0.0014552000296000377,-0.02005852518110946,0.12916946261105744
2585,-0.7743605923119218,-0.7648295390161074,0.009531025198145547,-0.3910206394473484,-0.37456736612503955,0.7653637359360079,0.4834613441006163,0.6055407800036423,-0.5828501466186474,0.025571399888830525,-0.0083610347447046,0.13468292629804648
2586,-0.7926918057456951,-0.7850697813385727,0.007622036638512233,-0.39634590287284754,-0.38872384118910835,0.7850697813385727,0.5030543936790275,0.625006970576069,-0.5640307007658567,0.03811018261011402,-1.2655062505364742e-19,0.14481869671417955
2587,-0.8020814929488863,-0.7364246569529603,0.06565681890771227,-0.4326806140477304,-0.33529208550802136,0.7681263360643693,0.4998325317010587,0.6265786494916923,-0.5615045395715048,0.02805499596513133,-0.015037736146258042,0.13206413027872643
2588,-0.8226560276758472,-0.755331523332125,0.06732448063942846,-0.44577352146055593,-0.34472180431935584,0.7902773668759218,0.5192395746370996,0.6535834786910046,-0.5342180849714516,0.04804769920338205,-0.0019708713795799303,0.1340816591509864
2589,-0.8420896512998143,-0.7970850847685917,0.04500457404219933,-0.44325625249757694,-0.3747766384378915,0.8181904559503821,0.5477246260118,0.6853402867522018,-0.5029143128966075,0.07362831218070366,0.01808396270189843,0.14723475507537404
2590,-0.8460460511487851,-0.7469595847497275,0.09908647571821189,-0.47256625877392133,-0.32012550969515685,0.7926918057456951,0.5487866146749952,0.6859833149395151,-0.5030543936790275,0.06859832683437439,9.06242429291299e-20,0.1371966536687488
2591,-0.8513290442726018,-0.7194766097140594,0.13185247084571378,-0.49156731373290047,-0.29336481777976775,0.7846807531532028,0.5593445489153896,0.6959820968111634,-0.491820192303123,0.0797012775818181,-0.006639753130817862,0.132569523137252
2592,-0.8514396302147145,-0.7568722275135928,0.09456744661469221,-0.4733257861170151,-0.3293721961451339,0.8031839605903677,0.5966888844576053,0.7347520502827338,-0.4538151591549101,0.11398866269563901,0.014500075366323173,0.14654618522317395
2593,-0.8424223968542423,-0.724950538240354,0.11747184880538121,-0.4792016699104841,-0.30019335658642815,0.7788494945437363,0.6099437774921281,0.7453905438249798,-0.4419218760603787,0.12042279303305646,0.0100404539006318,0.13927235267546823
2594,-0.8384240267416627,-0.6631171671649144,0.17530684093843993,-0.5030543936790275,-0.24390517243239146,0.7469595847497275,0.6173849834455636,0.7469595847497275,-0.4420781238688152,0.12195258621619573,1.7257056030626251e-19,0.12957461994247227
2595,-0.8324141314748124,-0.6817589596223815,0.15065521649483365,-0.48740596250951557,-0.2632863198248219,0.7565143569329446,0.6528708761060933,0.7816275818523387,-0.41297888138796657,0.1512132211994499,0.01818433052338487,0.14746042701214046
2596,-0.8278609724204579,-0.6885164968884503,0.13934455976712473,-0.48005550067965813,-0.26952255797196545,0.7584887135447211,0.6676358489721905,0.798014445718619,-0.39743862163379684,0.16520116437498394,0.019760014426904362,0.1496665169251145
2597,-0.8316118402096944,-0.6255433135525624,0.20606859365044652,-0.5149276539397062,-0.2065843377193173,0.7284163693752793,0.6630020315025714,0.7911314739916433,-0.40528281637944136,0.15890386515486962,0.0041244386429772515,0.13310683790440744
2598,-0.8308019277813067,-0.6173849834455636,0.21341701888897685,-0.5182984797698891,-0.19817295143642377,0.7240934369751267,0.6859833149395151,0.8079359291131736,-0.38872384118910835,0.17530684093843993,0.015244073277024466,0.14481869671417955
2599,-0.8278934399644794,-0.6510464229554156,0.17684710550108512,-0.49854564298111353,-0.2326146240443565,0.7398372970611193,0.7028320333581938,0.8228009830361336,-0.36623470763928156,0.19189756485606563,0.026054825127067787,0.1568391698277201
2600,-0.8366740039384672,-0.6152368508157235,0.22143717646378147,-0.5253407040866935,-0.1951873575465019,0.7242407879902442,0.6905205518181972,0.8177184791162322,-0.37126287703637845,0.1805675795372011,0.01001145095063683,0.13468872800402354
2601,-0.8345598197152244,-0.5852163085193005,0.24934348658639863,-0.5380200298260578,-0.1683581776521781,0.7053974819516617,0.6879683059226911,0.8162316803423891,-0.36871581795879305,0.17769369407826116,-0.0010075444280539148,0.12157975485592096
2602,-0.823179977927418,-0.6173849834455636,0.2057949944818545,-0.5106764180861498,-0.2057949944818545,0.7164714125680044,0.708849388160882,0.8308019277813067,-0.34299165746975757,0.19817295143642377,0.007622036638512235,0.1371966536687488
2603,-0.8273091589277681,-0.5945385014087541,0.23277068497913372,-0.5265182620470176,-0.1782089330640247,0.7101454527705824,0.713498825675575,0.8395101066499981,-0.33756618409948597,0.2019497379281608,0.005194016847540252,0.13590004272318906
2604,-0.8316377302055031,-0.535269964393488,0.29636782309897924,-0.5595142446559935,-0.11433886488252373,0.6840010813930842,0.697841053638039,0.8329137503958939,-0.3505555977941402,0.19394602049679355,-0.007374805632879701,0.11884470121632058
2605,-0.8303384000667331,-0.5541775031834852,0.27616093822463855,-0.5504810142977944,-0.1366261482520958,0.6919397454540398,0.7076866334840173,0.8446920744842368,-0.33321395136643617,0.2160328897633471,0.008220682149850816,0.127530668223703
2606,-0.8384240267416627,-0.5640307007658567,0.2743933073374976,-0.5564086763587344,-0.14481869671417955,0.7012273637537597,0.7240934369751267,0.8612901745162636,-0.3125034852880345,0.23628312938696067,0.022866110497983837,0.1371966536687488
2607,-0.8443424187887766,-0.5055357538614775,0.3388066526079006,-0.589059117512533,-0.08018712688762016,0.6754638845700829,0.7069461823227197,0.8489230637527148,-0.32397503665766547,0.2280161779449753,0.009032701867373089,0.12388577952172879
2608,-0.848289870796748,-0.5086562735188406,0.3396336086696662,-0.5890646179205128,-0.08188420083877172,0.676490805202225,0.6994590710022774,0.8492264005922734,-0.32167636621722645,0.24351088302390783,0.018962815660573125,0.12943794839532474
2609,-0.8548932070256521,-0.5460204722693178,0.3088727279962965,-0.5787302577138813,-0.11934057047574421,0.6962443721763116,0.710609439886517,0.8629719856998147,-0.2981073998991642,0.27374676238073015,0.0430278930708384,0.14898806767557304
2610,-0.8536680755559074,-0.49543236927190526,0.3582357062840022,-0.6021408973547021,-0.0685983268343744,0.6707391915720368,0.6936053393466374,0.8460460511487851,-0.30488146088091217,0.2667712829303753,0.030488146554048922,0.1371966536687488
2611,-0.841988314336663,-0.45583800174526323,0.3861503213134566,-0.6093351427150845,-0.034524808292982365,0.6450963155428602,0.6754503775029062,0.8330609593926694,-0.3119058680599052,0.2649157293632712,0.0282498341779273,0.1298994714193785
2612,-0.8297556381277467,-0.4909859187474968,0.3387696924517184,-0.5832306123504996,-0.07652276126197564,0.6577239266773233,0.6877324405632599,0.8515555835202302,-0.28310502794531045,0.29660978987861353,0.061047234642781154,0.15567757479707398
2613,-0.8193834559083142,-0.4697219378955397,0.3496614898631484,-0.5838308851064642,-0.059452094550938514,0.6457079570296291,0.6769351581594814,0.846488240728587,-0.27800369627157573,0.30110671059063077,0.06451495130650566,0.15417114179510796
2614,-0.815557878967062,-0.41921201337083136,0.39634590287284754,-0.6021408973547021,-0.007622036638512231,0.6173849834455636,0.6478731183506697,0.823179977927418,-0.2972594364737899,0.2896373934283591,0.05335425472224421,0.1371966536687488
2615,-0.8157902926730699,-0.45506581388057016,0.3607245331234587,-0.5868585800669618,-0.04218997257123481,0.6314479629578408,0.6518361894322149,0.8319405167477202,-0.28185560925440645,0.3117953678452369,0.08073166277009104,0.15903420419882588
2616,-0.8109401041017456,-0.47632673385248786,0.33461336057261837,-0.5739766388022934,-0.07023472561918659,0.6422122855235981,0.6483649484868486,0.8383137390514936,-0.27040601500748407,0.32255355351400805,0.09884326320541854,0.1703765354113859
2617,-0.8061019816961206,-0.42346372924952386,0.3826382156359203,-0.5936533293472521,-0.019317224536610687,0.614203452395151,0.6118645488225936,0.8136131340256816,-0.28715623936886364,0.3091668648025692,0.08870291387721133,0.15679681358142558
2618,-0.8003138301528174,-0.4268340377779537,0.37347979237486373,-0.5868968112638405,-0.022866110497983844,0.6097629217618243,0.5945188729475798,0.8079359291131736,-0.28201535038292835,0.32774757137889604,0.10670850944448843,0.17530684093843993
2619,-0.783050041101023,-0.46255601621316694,0.32049405780186696,-0.5527605029643411,-0.07058432638349545,0.6214663050813402,0.5872748692074001,0.8128539901211016,-0.27056493665338743,0.35128370916844487,0.13011308657728812,0.19828959639853477
2620,-0.7654648309975423,-0.41976008888915106,0.3457047725706189,-0.5527133231865785,-0.03522595754876308,0.593588268705832,0.5546207230210521,0.7866047004705014,-0.2882618527647957,0.33990198621458556,0.12094750627899818,0.1906330737685942
2621,-0.7474615885779067,-0.3874664290137374,0.3599951404014709,-0.5506631907030184,-0.010213503802082503,0.5670502365385393,0.5269717841119486,0.7663853809853425,-0.29552580908088755,0.3387372965909586,0.1294928596891466,0.196087155228532
2622,-0.7317155359354828,-0.4268340377779537,0.30488146088091217,-0.5182984797698891,-0.060976293108097865,0.5792747868567182,0.5182984797698891,0.7698257325243281,-0.28201535038292835,0.3582357062840022,0.16006275484757843,0.2210390619344076
2623,-0.7256282163531058,-0.4156307990393829,0.30999743924124784,-0.517698220846335,-0.050499968475513746,0.5684137788825137,0.48772980055606346,0.7453696076077403,-0.29445199691598084,0.3502040857584962,0.15753481767960129,0.21879435754688742
2624,-0.7158379647473633,-0.366751433157705,0.3490865658505894,-0.533231487795092,-0.0038812092209134933,0.535590310321614,0.44586414100975424,0.7081643646711202,-0.3196119397483463,0.33496629012860646,0.15107707444222657,0.2087624166756982
2625,-0.7063358450874606,-0.40010786935399306,0.3062279602670567,-0.5049679156743138,-0.04366732480630294,0.551263206503266,0.43163857016986723,0.7001406783058483,-0.31649473836403713,0.3490945586510821,0.17869197724552677,0.2302008526573301
2626,-0.708849388160882,-0.434456062185076,0.2743933073374976,-0.4878103448647829,-0.07622036522022804,0.571652725172979,0.411589988963709,0.6859833149395151,-0.32012550969515685,0.35061368187687986,0.19817295143642377,0.24390517243239146
2627,-0.7089761632217069,-0.4003363057126619,0.30863985696027546,-0.5084610350169873,-0.041752908457335335,0.5509078856209118,0.36841237150366724,0.653330520264882,-0.34547563312348756,0.3340758189279686,0.20078213117498772,0.23920653435305916
2628,-0.7074310230555908,-0.4199275168543918,0.28750350858487583,-0.495488979814282,-0.06271819332929933,0.5621637111718316,0.34880827602818715,0.6467133266502054,-0.34813161994626357,0.35027742144579177,0.2239838077091752,0.2656162126011792
2629,-0.7086672897390451,-0.4780134816039209,0.23065383634222653,-0.46631477370750896,-0.11968999129346194,0.5926877564092616,0.3347209171499887,0.6420091862130386,-0.3445355874757591,0.36650342153730064,0.24979368484258213,0.295401197271004
2630,-0.708849388160882,-0.45732220995967676,0.25152719683951374,-0.4801883204576606,-0.09908647571821189,0.5792747868567182,0.2896373934283591,0.6021408973547021,-0.37347979237486373,0.34299165746975757,0.25152719683951374,0.2896373934283591
2631,-0.6990494957861259,-0.44642047371801835,0.2526290117234261,-0.4730411119087765,-0.09327188958332286,0.5719271906621192,0.2510340049086245,0.5681236838470076,-0.39529334092668317,0.33134419488259464,0.2590987381149333,0.2954415288276468
2632,-0.6811069051897246,-0.5119291147144961,0.16917783029838557,-0.422150311240069,-0.16717556281286214,0.5952576494669929,0.22905497189191507,0.5565160240222292,-0.3966420959115599,0.3425412403536775,0.28218046375627337,0.32262861800380926
2633,-0.6798317988038898,-0.5276850689179542,0.15214675648696946,-0.4169207064756825,-0.18464907102417843,0.5997562554347071,0.19075027200091854,0.5287844281597385,-0.4245043435603796,0.3255751836923199,0.28947190616072094,0.3249985799827302
2634,-0.6859833149395151,-0.5030543936790275,0.1829288839838707,-0.434456062185076,-0.16006275484757843,0.5945188729475798,0.15244073044045608,0.49543236927190526,-0.4649442343667991,0.2972594364737899,0.2896373934283591,0.32012550969515685
2635,-0.6738124843792597,-0.5542073027550514,0.11960519772181975,-0.396496900489893,-0.2180371088619636,0.61486461999569,0.13509124826069535,0.4830641268504874,-0.476828812120211,0.29151486305787744,0.3064952334658128,0.3373015355536261
2636,-0.6700131959160661,-0.6021838083344648,0.06782943554790516,-0.3679255417465973,-0.2650329867246802,0.63511227181026,0.11052271895673342,0.4657416988013109,-0.4957859285758634,0.2757426036614704,0.3148939575679713,0.34399363807930095
2637,-0.6822481854371037,-0.5760383536082565,0.10620986551499226,-0.3892363862929802,-0.23075663990861114,0.6298290310684691,0.07115755217565982,0.42900302540278246,-0.5404598842788837,0.23952310891707687,0.2985610692967158,0.33117332276238226
2638,-0.6936053393466374,-0.6021408973547021,0.09146444199193535,-0.38872384118910835,-0.25152719683951374,0.6478731183506697,0.05335425472224421,0.4039679645565868,-0.5640307007658567,0.2210390619344076,0.2972594364737899,0.3353695957860184
2639,-0.6959105324602671,-0.6671445174101277,0.028765963133308335,-0.3623614756367032,-0.31554701133026697,0.6781621468758647,0.046019789504751205,0.38894289014592687,-0.5707027265408495,0.2125573564845544,0.3122742375570254,0.3447148720360366
2640,-0.6831840846414967,-0.6472798743401785,0.03590424643948096,-0.3575196763264109,-0.30164301933468823,0.6624429638879266,0.014016375328196296,0.35835201510831305,-0.6048987230776567,0.18624053447944894,0.30195592274126015,0.3332592466371025
2641,-0.679432190247363,-0.6422423950153299,0.03718985165056069,-0.35467010815119626,-0.2989125490441904,0.6622912165838352,-0.013463200067662773,0.3262137409670074,-0.6408243688470743,0.1614457684063729,0.28746325516745824,0.3290423059882013
2642,-0.6936053393466374,-0.7164714125680044,-0.022866110497983844,-0.3353695957860184,-0.3658577679677414,0.708849388160882,-0.015244073277024466,0.3125034852880345,-0.6478731183506697,0.15244073044045608,0.2972594364737899,0.34299165746975757
2643,-0.6857851778039631,-0.7191077740371767,-0.03332258154349019,-0.3269602911498048,-0.37208131706385933,0.7062539280411975,-0.03357374015092075,0.28827740098297727,-0.6693230246624916,0.1282446651092379,0.29095726973819724,0.34038004559082546
2644,-0.6639435303551855,-0.6767281616743748,-0.012784593748541798,-0.32466800190338235,-0.3415852700284375,0.674258440441126,-0.06784208135338357,0.24530634669209112,-0.7188871716325305,0.08631379605892994,0.26414427819118946,0.32683113650046025
2645,-0.66606093718649,-0.7247923316568512,-0.058731381372627504,-0.30437386760224067,-0.38728953878161504,0.6991030610597105,-0.07624902035063454,0.22510561641579258,-0.7429899600520402,0.06369667409275674,0.2607494984180988,0.3298955261379171
2646,-0.678361215979159,-0.762203633563972,-0.0838423989465046,-0.2972594364737899,-0.41921201337083136,0.7240934369751267,-0.0838423989465046,0.21341701888897685,-0.762203633563972,0.04573222099596767,0.25914923988494454,0.32774757137889604
2647,-0.6823110008349488,-0.7257441127967525,-0.04343316396138403,-0.3158548669065003,-0.3846223081030987,0.7081089220286692,-0.1145241819739555,0.1778857026929159,-0.8093318696282131,0.005342264974099579,0.23424461264735924,0.308527694477931
2648,-0.6962411240468281,-0.7557226354984834,-0.05948152423719675,-0.31625191708876094,-0.4052868681798502,0.7292517630153295,-0.12319039514086376,0.15896031891571133,-0.8344413938255268,-0.0235787871965451,0.2289292160390803,0.30590529402718736
2649,-0.7121654796577486,-0.8222382665882905,-0.11007270501137142,-0.3011566020760183,-0.4629606358914757,0.7715823642040045,-0.1123486360220321,0.1577859095259858,-0.8426913033673272,-0.0353719908955096,0.23613679680992788,0.3128545270787444
2650,-0.7164714125680044,-0.8003138301528174,-0.0838423989465046,-0.3125034852880345,-0.4420781238688152,0.762203633563972,-0.12957461994247227,0.12957461994247227,-0.8765342233305082,-0.0685983268343744,0.21341701888897685,0.2972594364737899
2651,-0.721328159126972,-0.7940129463611484,-0.07268480350521456,-0.31917277411908695,-0.43064094023706656,0.7578223140234743,-0.14675059332449747,0.10125510791989768,-0.9025509153700635,-0.10692270770943421,0.1914036996354333,0.28158508539336247
2652,-0.7251182563988422,-0.8654288543745421,-0.1403105576091346,-0.2918001357330704,-0.49862107894536534,0.797209092618278,-0.13601551729754816,0.0989430149643045,-0.9138488826202769,-0.12365847218096296,0.19097707724407914,0.285279778908811
2653,-0.7225259888705743,-0.8753287255605784,-0.15280268413378834,-0.28390349669670084,-0.5101072161682698,0.8025421127846835,-0.14397929278056698,0.08237335459703886,-0.9396020710711614,-0.14791395015390646,0.1737347948052546,0.27537446928332204
2654,-0.7240934369751267,-0.8460460511487851,-0.12195258621619573,-0.2972594364737899,-0.4801883204576606,0.7850697813385727,-0.1676847978930092,0.05335425472224421,-0.9679985907692097,-0.1829288839838707,0.14481869671417955,0.25152719683951374
2655,-0.7290700080775512,-0.8937994245808016,-0.1647294094207022,-0.2811843749740871,-0.5289830495087668,0.8109455717609105,-0.15884338368755066,0.05112398813546232,-0.9748590407817764,-0.19173274759529083,0.1420227695986479,0.2486065208776017
2656,-0.7349805353543638,-0.9231704770932502,-0.1881899553910304,-0.272855965525742,-0.5537689473772502,0.8293755475358693,-0.14862827743789758,0.04891035362661416,-0.9801896637840308,-0.1944342062904787,0.14341552396554486,0.25228609444689354
2657,-0.7404395847280221,-0.8731584341748032,-0.13271886424478865,-0.29863732498145656,-0.4994552116663658,0.8070791894100272,-0.16688663153847744,0.01971893799299243,-1.0089701753951976,-0.2254430405783619,0.12091454071268615,0.23818264436482628
2658,-0.7469595847497275,-0.8765342233305082,-0.12957461994247227,-0.30488146088091217,-0.5030543936790275,0.815557878967062,-0.1676847978930092,0.007622036638512235,-1.0289749351326558,-0.24390517243239146,0.11433055248991919,0.23628312938696067
2659,-0.7528489910463569,-0.9168638476693065,-0.1640148057888319,-0.29468764063794395,-0.5381361456614974,0.8398243883253887,-0.1517952391605629,0.0167086844822965,-1.0211592301279684,-0.23536036545190198,0.12917927734089976,0.25033047253273194
2660,-0.7542162089853546,-0.8834504551598739,-0.12923418768976855,-0.3100507359423669,-0.5013266813200407,0.8196897480605383,-0.16379093979346798,0.0011913225293959055,-1.0291836919984423,-0.24928650216107479,0.11886905754328234,0.24443479689224432
2661,-0.7540156450281732,-0.8645181800549318,-0.11050248026096512,-0.31848156991256826,-0.48432602465186025,0.8099917987631395,-0.17573397469014013,-0.018923698168621876,-1.0477045004806762,-0.27134562400612827,0.1054280852680263,0.23582778916183728
2662,-0.7545816091568497,-0.9146444199193535,-0.16006275484757843,-0.2972594364737899,-0.5335425658607506,0.8384240267416627,-0.16006275484757843,-0.007622036638512231,-1.0442189839469005,-0.2667712829303753,0.12195258621619573,0.25152719683951374
2663,-0.7536424821611304,-0.9038417218633604,-0.15019920324675273,-0.3018176346632212,-0.5227055638091678,0.832583235056559,-0.15619923494910595,-0.0027289911983444616,-1.04532701949601,-0.2690627700160616,0.1266774061750011,0.25592608864827787
2664,-0.7546552644813032,-0.8538345899054102,-0.099179347280424,-0.32813567976414443,-0.473472416224674,0.8084787051229476,-0.1651197271972343,-0.01771637883832424,-1.0609691138390438,-0.28069575718095047,0.11263191164702266,0.24219349072376084
2665,-0.7529347687824482,-0.8877379590959418,-0.13480321840364745,-0.3080932445022202,-0.5067703757347702,0.8232215464950119,-0.1550332185573081,-0.009437598087051236,-1.0530469350893643,-0.2682277750450903,0.1184072515816072,0.2479759165536461
2666,-0.7545816091568497,-0.9222664443264759,-0.1676847978930092,-0.2896373934283591,-0.5411645902678729,0.8384240267416627,-0.15244073044045608,-3.652043004901952e-19,-1.0442189839469005,-0.2667712829303753,0.12195258621619573,0.25152719683951374
2667,-0.7698643089406911,-0.8882333922592325,-0.11836901952424578,-0.3247570978709016,-0.5032218272194886,0.8291959181117408,-0.17146214035195656,-0.0186846962985554,-1.061598564979664,-0.29240607185773126,0.09858166928903468,0.2274018327655017
2668,-0.7892368615064537,-0.9063355335788216,-0.11709864872650683,-0.3354501124004145,-0.509695953585294,0.8469781820269849,-0.17124006907145825,-0.018815295829513887,-1.0629971199087298,-0.29245633193159676,0.08714363096208434,0.2198343075215892
2669,-0.8048867780269338,-0.9674171523953978,-0.16253041186629463,-0.3160833362911724,-0.5614272152102923,0.8875011143103738,-0.15742144382627699,-0.005710606646266702,-1.0480186982294402,-0.28112424429437666,0.09132247995449638,0.23047613102329073
2670,-0.823179977927418,-0.952754541954965,-0.12957461994247227,-0.34299165746975757,-0.5411645902678729,0.8917782721447527,-0.17530684093843993,-0.022866110497983837,-1.067085131721501,-0.30488146088091217,0.0685983268343744,0.21341701888897685
2671,-0.8359990134201551,-0.9329660283879413,-0.09696704014323546,-0.3694508451849499,-0.5153505930756213,0.8847745759316171,-0.18907454360307574,-0.03438285400917752,-1.0850911496902031,-0.317717614372673,0.04930675580121764,0.19567766045453291
2672,-0.8383620318525709,-0.9764425267262532,-0.1380805124144002,-0.34847093512300836,-0.557174540183866,0.9094807583513644,-0.1620780709756181,-0.018745362526173266,-1.0656770011307233,-0.29783781471764315,0.06964989777505814,0.20912523520761114
2673,-0.8370850050890065,-0.9698011792199025,-0.13271616838045888,-0.3477800814861795,-0.5507615261774108,0.906692713230461,-0.15521462444467224,-0.01825454697200499,-1.0620517812814088,-0.30317716447169324,0.0718676676825923,0.21000116839117228
2674,-0.8308019277813067,-0.9222664443264759,-0.09146444199193535,-0.3658577679677414,-0.5030543936790275,0.8765342233305082,-0.1676847978930092,-0.030488146554048932,-1.0823291805357458,-0.32012550969515685,0.05335425472224421,0.19817295143642377
2675,-0.8180438940334466,-0.9452001405239031,-0.12715616287234568,-0.3443822503971158,-0.5316653530659788,0.8846121621116245,-0.14544228035041876,-0.02552506461717137,-1.0774017872285524,-0.307773997104603,0.06407904411003028,0.20928100978995917
2676,-0.8109931682949867,-0.9632654076020369,-0.15227222966712056,-0.33059701318887835,-0.5559025647195754,0.8896590226743302,-0.13405560281988824,-0.023361599657006377,-1.075496205281681,-0.3108803803209332,0.06603388252142967,0.210675731167615
2677,-0.8040735647004854,-0.9095372726757879,-0.1054637721759294,-0.3479165453349822,-0.5081528677169682,0.8566519482277548,-0.14855651526774316,-0.0335000401390154,-1.0956164028871311,-0.3339684096499653,0.04872073404175961,0.192976587516709
2678,-0.7926918057456951,-0.9070223209589974,-0.11433055248991919,-0.3353695957860184,-0.5106764180861498,0.8536680755559074,-0.1371966536687488,-0.030488146554048932,-1.0975732293499905,-0.3353695957860184,0.05335425472224421,0.19817295143642377
2679,-0.7946048086841317,-0.9557584649252517,-0.161153610860767,-0.31592487174951556,-0.5552177620093086,0.8797420181423579,-0.12089121241052353,-0.022150712166528853,-1.087476239364426,-0.3325274358913236,0.05727518380969889,0.20828589571424322
2680,-0.8101178279151002,-0.9431354060786422,-0.1330175305191422,-0.33871323597463,-0.5342339052297287,0.8796873646261683,-0.1304423505314085,-0.02988102403752218,-1.0998480268136688,-0.3430986367777642,0.04084016783123438,0.1930646639213261
2681,-0.8147920185219952,-0.935264432817823,-0.1204723754632985,-0.3474370721292644,-0.5237900672105142,0.879240785072677,-0.13645664254107515,-0.03964574676459623,-1.114311724807067,-0.3523301635867959,0.028621106331395238,0.1823525271240068
2682,-0.815557878967062,-0.9908647385438105,-0.17530684093843993,-0.32012550969515685,-0.5792747868567182,0.9070223209589974,-0.12195258621619573,-0.030488146554048932,-1.1051953283103464,-0.35061368187687986,0.03811018261011402,0.19817295143642377
2683,-0.8217974576747724,-0.9869970633762526,-0.165199676478083,-0.3247471750527326,-0.5756119755205744,0.9079048671220147,-0.1176089052332513,-0.025865819003069623,-1.0998598905282826,-0.34810244000146934,0.04299900654247835,0.20327766808229808
2684,-0.8192511402722414,-0.9350618668880168,-0.11581077813217117,-0.34980045390692494,-0.5241783361852674,0.8814807322802867,-0.13082521196488692,-0.0427156464290433,-1.1139769893345377,-0.35675419367434397,0.02515849890244702,0.18528792448123915
2685,-0.8140108039461016,-0.9611289718285474,-0.1471181245194431,-0.3331814338910427,-0.5495088465839518,0.8906230006821702,-0.12448440310618966,-0.04199872067667647,-1.1054152945181945,-0.35497029448205564,0.027321655512770097,0.1865740755866911
2686,-0.815557878967062,-0.9832427141366882,-0.1676847978930092,-0.32012550969515685,-0.571652725172979,0.899400296551875,-0.11433055248991919,-0.030488146554048932,-1.0899512049428681,-0.34299165746975757,0.03811018261011402,0.19817295143642377
2687,-0.8097251454024068,-0.9264160343932298,-0.11669089687410111,-0.34483088135166384,-0.5206202203020973,0.8675091692631305,-0.12672969460697694,-0.0422083043699466,-1.1007322241553994,-0.3469440525788673,0.019991836463232427,0.1869246262310524
2688,-0.8049338757037552,-0.9242392734180853,-0.11930542791139685,-0.34448018144987236,-0.5228452564506587,0.865408165946572,-0.12467953093168535,-0.04200955803126759,-1.1022260053111306,-0.3528443077932657,0.018892462889145912,0.18298465703176164
2689,-0.8091608689047329,-0.9695062621888483,-0.16034539730338873,-0.3229958590048718,-0.563656072755984,0.8885960807120662,-0.11246970433467746,-0.02779086715586727,-1.097728455627124,-0.3501969033956366,0.03190328109587997,0.19191199309273768
2690,-0.815557878967062,-0.9375104931407205,-0.12195258621619573,-0.34299165746975757,-0.5259205414536282,0.8765342233305082,-0.12957461994247227,-0.04573222099596767,-1.120439377124591,-0.3658577679677414,0.007622036638512233,0.17530684093843993
2691,-0.8208014232865346,-0.909790945985282,-0.08898952399308006,-0.36223485906741654,-0.49854508016752447,0.8691047733193152,-0.1412259719608013,-0.06367925011928131,-1.1305777097402387,-0.3819975239188186,-0.010967167504198648,0.1581397852940235
2692,-0.8255135229108561,-0.9567558471355633,-0.1312423296257088,-0.3428685104301644,-0.5432410698684322,0.8927498679049002,-0.12468319889325227,-0.049152901577697965,-1.1185926614194173,-0.37304443701898404,0.0028081641380806946,0.16831086653006305
2693,-0.8334388054165751,-0.956756795378706,-0.1233179750591274,-0.3520552881925127,-0.5350072320621245,0.8955574028717895,-0.12582924603752016,-0.04960127139316828,-1.1239760837384092,-0.378739609037069,-0.00815153999630343,0.16152862125177203
2694,-0.8460460511487851,-0.9146444199193535,-0.0685983268343744,-0.38872384118910835,-0.4878103448647829,0.8841562477376304,-0.1371966536687488,-0.060976293108097865,-1.1356834259388358,-0.39634590287284754,-0.030488146554048932,0.14481869671417955
2695,-0.8524625973184932,-0.9425532208355201,-0.09009055634668708,-0.3815243373437391,-0.5161243715482885,0.8989466798840022,-0.11608623494096196,-0.03927162939092632,-1.1192867497629075,-0.3803507206443062,-0.014710172473113549,0.16096482950375324
2696,-0.8528049246755434,-0.9705318838065523,-0.11772694514551202,-0.3671848272038494,-0.5436813842096528,0.9105248664981005,-0.09840070269040956,-0.025751517477482458,-1.1069023514467284,-0.37197564860794763,-0.0068700455458217775,0.16764984840327846
2697,-0.8530951003203624,-0.9279070416117673,-0.07481192972255102,-0.3893960856842107,-0.501981123045145,0.891091439622514,-0.11253462070887467,-0.04512348010642726,-1.1282872501331835,-0.39702601135376053,-0.03098755220213713,0.14466592755180518
2698,-0.8536680755559074,-0.9298884687335982,-0.07622036522022806,-0.38872384118910835,-0.5030543936790275,0.8917782721447527,-0.11433055248991919,-0.04573222099596767,-1.1356834259388358,-0.39634590287284754,-0.030488146554048932,0.14481869671417955
2699,-0.8574089705302059,-0.9792050707258686,-0.1217961427563568,-0.3651295546277534,-0.5466554175996312,0.9176919251451736,-0.10434016503192436,-0.03518945736544946,-1.119079359358472,-0.3788470360021046,-0.01900924064404519,0.15535357819275758
2700,-0.8667604210592812,-0.9613737338044149,-0.09461331424115632,-0.38099321132649044,-0.5265302764586486,0.9160730972739797,-0.11939346582891869,-0.05167390670530535,-1.1316711200080767,-0.39480228953473406,-0.038360345196033666,0.1385000806731918
2701,-0.866538246433884,-0.9360774428689049,-0.06953916034988074,-0.39607613417332016,-0.5021506496426893,0.9055769515982816,-0.1291272677166625,-0.05997459527146088,-1.1410452011748782,-0.401072604646488,-0.042308839310132844,0.1304522318960099
2702,-0.8612901745162636,-0.9756206897295658,-0.11433055248991919,-0.37347979237486373,-0.5411645902678729,0.9222664443264759,-0.11433055248991919,-0.04573222099596767,-1.120439377124591,-0.381101816781986,-0.022866110497983837,0.14481869671417955
2703,-0.8660545696545551,-0.9711296932869093,-0.10507512696422862,-0.37741992896588855,-0.5372647256382388,0.9220425746857539,-0.11634377157896858,-0.04900321670843316,-1.1212278786475356,-0.3888806140041437,-0.031769372790981784,0.1413787236411458
2704,-0.8675080335679629,-0.9159195254900312,-0.04841146768930667,-0.40667652398091125,-0.4809868491195197,0.896227003139827,-0.1286622874385662,-0.05566117870729029,-1.13176411494232,-0.4009864532330564,-0.04164279568691801,0.1346087065755117
2705,-0.8567610086296741,-0.9248616092504257,-0.06810062165761657,-0.3954015801114984,-0.4923889721442177,0.8936043460818378,-0.11456046592052183,-0.038784039640548704,-1.1099741244345,-0.37977267349520194,-0.023231019689076836,0.15167338881803566
2706,-0.8536680755559074,-0.9451325175478427,-0.09146444199193535,-0.381101816781986,-0.5182984797698891,0.899400296551875,-0.09908647571821189,-0.030488146554048932,-1.0975732293499905,-0.37347979237486373,-0.015244073277024466,0.16006275484757843
2707,-0.8545664335877329,-0.9021810842766481,-0.04761463274287324,-0.40000887132178253,-0.4761075654636264,0.8807359156522482,-0.10488749434922519,-0.03811959670724048,-1.11004797815714,-0.38830432369537915,-0.02261465275438914,0.15184950396366145
2708,-0.8475934159240159,-0.8975336075618106,-0.04994018314233044,-0.39619559685212746,-0.4709619832759782,0.8778996830746142,-0.10239671474892448,-0.0311505567255943,-1.105796527382744,-0.37769836792745987,-0.017023175743529365,0.1619056273151508
2709,-0.8464675497041438,-0.9398892033232327,-0.09342162560065431,-0.37758601576275996,-0.5132611085859815,0.8955152347856958,-0.08703938022835006,-0.021533058809058057,-1.095796166669657,-0.36440293476412966,-0.0044063561008269,0.1790478644329094
2710,-0.8536680755559074,-0.9146444199193535,-0.060976293108097865,-0.39634590287284754,-0.4878103448647829,0.8841562477376304,-0.09146444199193535,-0.030488146554048936,-1.1128173527174687,-0.381101816781986,-0.007622036638512234,0.17530684093843993
2711,-0.8532209413299354,-0.8816053791877744,-0.028384405083701873,-0.40860522473449645,-0.4560175787396667,0.8702872216659997,-0.10546905577568469,-0.03801669836377714,-1.1223074673100601,-0.3861567523831875,-0.01578657679707776,0.1722016474338921
2712,-0.8554964161917811,-0.927246881441727,-0.07175049618968929,-0.3901285381566053,-0.49668741009484646,0.8957069410889161,-0.1047797645165201,-0.038878073741336214,-1.1116012169700586,-0.3683975271381775,-0.010375139515597183,0.182269437302133
2713,-0.8616616597455594,-0.9364382060974373,-0.07477659778998869,-0.393202036885256,-0.5024868785284196,0.9027222081552793,-0.11105079192499329,-0.05147170091702677,-1.115939195963793,-0.3681759428481102,-0.008715903420758758,0.17955499170029388
2714,-0.8536680755559074,-0.8917782721447527,-0.03811018261011402,-0.4039679645565868,-0.4649442343667991,0.8765342233305082,-0.12957461994247227,-0.0685983268343744,-1.1280614015317134,-0.37347979237486373,-0.015244073277024466,0.1676847978930092
2715,-0.8438004013472122,-0.9170175998938878,-0.07321717400645693,-0.38092634528647573,-0.49279213901948504,0.8817216231401864,-0.13137008946556622,-0.07036146752045642,-1.1123133930401512,-0.35612533179729616,-0.010373520076365892,0.17209248804292482
2716,-0.8536646768544245,-0.9561146450677174,-0.10245001959994428,-0.37237263639770124,-0.5239939730278325,0.9034588530986527,-0.13141344849660633,-0.06823497009613613,-1.0961484278283589,-0.34813027058690466,-0.007216563465141267,0.17399597766700686
2717,-0.860937281622385,-0.9217527708252294,-0.06081550908783206,-0.39590942343067925,-0.4888539704000814,0.8927665420229535,-0.1527002227337902,-0.08145682866886965,-1.1108058445969262,-0.3634680443545688,-0.020082035009317323,0.15132244005193574
2718,-0.8536680755559074,-0.9222664443264759,-0.0685983268343744,-0.38872384118910835,-0.49543236927190526,0.8917782721447527,-0.16006275484757843,-0.0838423989465046,-1.1128173527174687,-0.3658577679677414,-0.022866110497983837,0.14481869671417955
2719,-0.8466181731734115,-0.9662067316775141,-0.11958858551346958,-0.36006826223422445,-0.5402820145004597,0.9073980361857072,-0.14590447989183739,-0.06479256746640323,-1.09053214721399,-0.35243492757393,-0.009939154284959702,0.1646450114260772
2720,-0.8436764604206192,-0.9431931941736827,-0.09951676522540974,-0.36757370702801945,-0.5163766604700673,0.8928191269927552,-0.15168643814043145,-0.06257335141550788,-1.099095004898088,-0.35239824969052747,-0.00982886422823609,0.1617023162684118
2721,-0.8476354519391076,-0.9248137009796014,-0.07717819964713601,-0.38238607283614545,-0.4983771035338144,0.8864419411564939,-0.1592285041698119,-0.06855047477556134,-1.1128221241659222,-0.3588973101977896,-0.015378793320946577,0.15238550360703923
2722,-0.8536680755559074,-0.9756206897295658,-0.12195258621619573,-0.3658577679677414,-0.5487866146749952,0.9146444199193535,-0.1371966536687488,-0.05335425472224421,-1.0975732293499905,-0.35061368187687986,4.726859259740711e-19,0.17530684093843993
2723,-0.8475953509896663,-0.966377716402461,-0.11878237915424779,-0.36452730251246984,-0.5401612215226135,0.9093308677321765,-0.13050783878406377,-0.04859572855334039,-1.0977960167812,-0.3465983520913258,0.010577406912893467,0.187039728135372
2724,-0.8437587545916665,-0.9078922851660243,-0.06413351362015542,-0.3898708342657075,-0.4807038127214394,0.8813631925817247,-0.15160347548695244,-0.06286366238910746,-1.1142257724048452,-0.35868278469462195,-0.0009606087547098748,0.17276800265830866
2725,-0.8464767068102177,-0.9301481727077426,-0.08367141624285904,-0.38122523606107317,-0.5045890769012221,0.8903910507225564,-0.1469746438623097,-0.0555681432591314,-1.1074901577883576,-0.35383138498042194,0.0051000772160680104,0.18119896739445462
2726,-0.8536680755559074,-0.9603766409153212,-0.10670850944448843,-0.37347979237486373,-0.5335425658607506,0.9070223209589974,-0.1371966536687488,-0.04573222099596767,-1.1051953283103464,-0.35061368187687986,0.015244073277024466,0.190550908390993
2727,-0.8611170724816051,-0.9218205667579105,-0.060703478222856516,-0.4008740316008849,-0.4882802348076829,0.8950530870242656,-0.16037629560922484,-0.06321825617157274,-1.122942098011813,-0.37472211965165975,-0.002597371848735886,0.16675235653167
2728,-0.8536664198915225,-0.9292361593783727,-0.07556979158304064,-0.38657274396265234,-0.4983047366716913,0.8932603425917347,-0.168960194777292,-0.06869385633355338,-1.1259846709857337,-0.3804148521149582,-0.0067829682089347925,0.15901599553865856
2729,-0.842105577004848,-0.9784422844081155,-0.13633673150966408,-0.34955661685765516,-0.5534730530674136,0.9106364166443199,-0.15792808555857243,-0.05950169449124516,-1.1188056307276981,-0.37333659592164636,-0.0003767253310457572,0.16908385154875608
2730,-0.8308019277813067,-0.9451325175478427,-0.11433055248991919,-0.3582357062840022,-0.5259205414536282,0.8917782721447527,-0.17530684093843993,-0.07622036522022804,-1.1356834259388358,-0.39634590287284754,-0.022866110497983837,0.15244073044045608
2731,-0.8110157227454005,-0.9051500359492259,-0.09413431472781786,-0.35864237305814417,-0.49883474947175777,0.8596265826551035,-0.18779875989985534,-0.08807723895961711,-1.146156377955428,-0.4083898187889662,-0.03490533622337615,0.14083484385648426
2732,-0.8063863670997317,-0.948205531485504,-0.14181919305233415,-0.3324976725769725,-0.545337311997137,0.8758922143011961,-0.1667464131599426,-0.07075183234483476,-1.1302787904314606,-0.39068271691174883,-0.018131026985715133,0.15639845162588417
2733,-0.804973932170177,-0.9475665118103196,-0.14259259498185856,-0.33039391905121196,-0.5451554135950673,0.8774287327540851,-0.16268881755416295,-0.0737654919832449,-1.1307677390040176,-0.39265641184703204,-0.01884927157090221,0.15674611508002895
2734,-0.7926918057456951,-0.8917782721447527,-0.09908647571821189,-0.34299165746975757,-0.49543236927190526,0.8460460511487851,-0.17530684093843993,-0.09146444199193535,-1.143305450345958,-0.4039679645565868,-0.030488146554048932,0.14481869671417955
2735,-0.7946937809097887,-0.9111185321369031,-0.11642473455297854,-0.3376651764176869,-0.510674043348268,0.8572284054838325,-0.15979705594369226,-0.07622101898515136,-1.126557753261377,-0.38254507284585026,-0.015248860459652448,0.1592872350104863
2736,-0.8109376860961416,-0.9463451658032851,-0.13540747813133264,-0.3392026739236451,-0.5379503025663809,0.8804335890695538,-0.14785291322268632,-0.06423056167890945,-1.1158037633297986,-0.3649790486982726,-0.0007700650765180126,0.1757281583456395
2737,-0.8278198314206617,-0.9166390169275962,-0.0888192038030481,-0.36818184131874687,-0.503867762901517,0.872201365683337,-0.16789502842087184,-0.0832482409514086,-1.133721378585128,-0.37915060098212505,-0.012301948343669612,0.16089213077513825
2738,-0.8384240267416627,-0.9222664443264759,-0.0838423989465046,-0.37347979237486373,-0.5030543936790275,0.8841562477376304,-0.17530684093843993,-0.0838423989465046,-1.1356834259388358,-0.381101816781986,-0.007622036638512233,0.16006275484757843
2739,-0.8417027199508547,-0.9695716140434139,-0.12786886823529198,-0.35556572896041394,-0.5451246886193925,0.910859485047582,-0.16645838058418594,-0.06805026266232839,-1.1201449741279577,-0.36629240493247367,0.01373796845021687,0.18124890066984628
2740,-0.857211952595248,-0.9620013012290075,-0.10478933602969157,-0.37769743339766343,-0.5310263759777961,0.9099852993790329,-0.17638136048374908,-0.07962558327751168,-1.1263839804536733,-0.37243828458065154,0.007819795852757348,0.17478093996207064
2741,-0.8705830350218514,-0.9448508666220843,-0.07426779418179413,-0.39664358240930864,-0.5103242209033436,0.9089452560783218,-0.18153188174580798,-0.09296612512180763,-1.1356050363971117,-0.38165731344330517,0.0006919131949702076,0.16911066233005892
2742,-0.868912124370152,-0.9832427141366882,-0.11433055248991919,-0.37347979237486373,-0.5487866146749952,0.9298884687335982,-0.1676847978930092,-0.0838423989465046,-1.1280614015317134,-0.37347979237486373,0.015244073277024466,0.1829288839838707
2743,-0.867874924959227,-0.9794584302595072,-0.11158345313818353,-0.37754587775495685,-0.5448351333179114,0.9240072533409536,-0.17029884303022208,-0.08653315190034587,-1.1301466623160108,-0.37608501534235755,0.012765472211991858,0.17321596692288568
2744,-0.8677310527323977,-0.9212227315239616,-0.053491571091790355,-0.40594374681643475,-0.4886254577339828,0.8964456221005933,-0.18067006035954358,-0.09719605145850166,-1.1402346644528818,-0.38648142637297467,0.001800946045241187,0.16529182446252638
2745,-0.8697598895233206,-0.9365462068651942,-0.06678630045308095,-0.3968700723377978,-0.5001373348347162,0.9065231396001744,-0.17032439681143352,-0.08613683568795402,-1.1295070287802882,-0.3754297787555582,0.012707111198996745,0.17999938832524193
2746,-0.8765342233305082,-0.9679985907692097,-0.09146444199193535,-0.38872384118910835,-0.5259205414536282,0.9222664443264759,-0.1676847978930092,-0.0838423989465046,-1.1280614015317134,-0.37347979237486373,0.015244073277024466,0.17530684093843993
2747,-0.8716996767657159,-0.919395712285358,-0.0476960323576614,-0.4086575366188883,-0.4832007052225412,0.8982712365665046,-0.18143551862423984,-0.10336260984703459,-1.1471168705435124,-0.39320401901440083,-0.0034153243082508822,0.15984715323295057
2748,-0.8626028920547774,-0.9149846112934747,-0.052381746976804935,-0.40058118645082863,-0.48184885261797117,0.8919605657503195,-0.17664135245533436,-0.1020030310872695,-1.144223873215143,-0.39019703040891485,-0.006923174696644526,0.1677940088428528
2749,-0.8598927148203429,-0.9636103768748845,-0.10371772933920079,-0.37517982233047087,-0.5300941547416282,0.9105931972727526,-0.16606157186654735,-0.08900254169189842,-1.1340328802854802,-0.3802381026831152,0.001663242305723515,0.17482890325159708
2750,-0.8536680755559074,-0.9298884687335982,-0.07622036522022804,-0.38872384118910835,-0.5030543936790275,0.8917782721447527,-0.17530684093843993,-0.09908647571821189,-1.150927549306314,-0.39634590287284754,-0.007622036638512233,0.16006275484757843
2751,-0.8456570101649739,-0.8898229853075921,-0.04416596300441848,-0.40113018454906546,-0.4649125752295471,0.8709280012859956,-0.17829079771146733,-0.10350336470218682,-1.1552148215002582,-0.4007585551929791,-0.01216423929620377,0.15553331335381687
2752,-0.8466009373789072,-0.9329187943411804,-0.08631788074819768,-0.37961155943715075,-0.5040745957985608,0.8941675217525846,-0.16828055869676622,-0.08757565961670713,-1.1376880882387728,-0.38479450044787533,0.004447036895940212,0.17097198383637596
2753,-0.8429292889606361,-0.9332670329676673,-0.09033774909857309,-0.37677372694464983,-0.5094682249382939,0.8910257704095095,-0.17033346753194126,-0.08638480468984529,-1.1377986961432365,-0.3828140029044719,0.003551980933971367,0.17302633435439135
2754,-0.8384240267416627,-0.8841562477376304,-0.04573222099596767,-0.39634590287284754,-0.4649442343667991,0.8612901745162636,-0.1829288839838707,-0.09908647571821189,-1.150927549306314,-0.39634590287284754,-0.015244073277024466,0.16006275484757843
2755,-0.8486622991241008,-0.9063315464747546,-0.05766920943102791,-0.3922787458612493,-0.4817688396592363,0.8796788978619148,-0.1800193638936409,-0.09050228562991636,-1.1412103581545334,-0.39393662987197386,-0.007450659051892477,0.1627674276785285
2756,-0.8563609692686386,-0.9267438186003056,-0.07038282320623578,-0.3891169973236422,-0.49917918932304844,0.8972019209709438,-0.1688629154882098,-0.07630786867346628,-1.1276503450392685,-0.38072743832926076,0.008161568171090709,0.17343571303386934
2757,-0.8502898431087775,-0.8684865708518852,-0.018196710755309507,-0.41200307342678205,-0.4424009927263912,0.8614264941864863,-0.18129666614627002,-0.09034288297969888,-1.1408193681607988,-0.39646801226402073,-0.006973549290732514,0.16199062930428493
2758,-0.8460460511487851,-0.8460460511487851,1.1954676332818314e-19,-0.41921201337083136,-0.41921201337083136,0.8460460511487851,-0.1829288839838707,-0.09146444199193535,-1.143305450345958,-0.4039679645565868,-0.007622036638512233,0.16006275484757843
2759,-0.8456553343469141,-0.8703727843025428,-0.024717504000622958,-0.40978069604462924,-0.4436531820452486,0.8617413853763853,-0.15614733910792478,-0.06474319147447663,-1.1216027493486678,-0.3772354857970963,0.019413370031922998,0.18027383747625914
2760,-0.8410040397405565,-0.8402242650154421,0.000779826644650408,-0.4210259588778539,-0.4156612537428672,0.8411617676278617,-0.1587922122259461,-0.06702099784525417,-1.1269130129113372,-0.3800095441415621,0.015921272950521582,0.17792229996245829
2761,-0.8230045958666611,-0.800531109506716,0.022473585325561814,-0.4229800507564918,-0.38597445118828955,0.8071909875522109,-0.1654168932573737,-0.07512864024700243,-1.132301016828769,-0.3850320545023889,0.0099868192326031,0.17981837480957008
2762,-0.8079359291131736,-0.823179977927418,-0.015244073277024468,-0.39634590287284754,-0.41921201337083136,0.815557878967062,-0.1371966536687488,-0.05335425472224421,-1.1051953283103464,-0.35061368187687986,0.03811018261011402,0.2057949944818545
2763,-0.8027074429060368,-0.8177864823617754,-0.015079058347672999,-0.3904207760183841,-0.4143018813673632,0.8120119368439602,-0.13089775574504176,-0.053411129718497374,-1.0981751880126243,-0.3431606331866722,0.03953025154708411,0.19932509195021927
2764,-0.7902418318037403,-0.7637866718937529,0.026455160371395278,-0.40608488902704865,-0.3629806065554389,0.7730917519277064,-0.1475871799535489,-0.07254011404495193,-1.114922660574344,-0.3621101545497297,0.014230104472638224,0.17846100909377843
2765,-0.7849107798465216,-0.7737744484841169,0.011136283119082296,-0.3981477866658807,-0.3792811296989706,0.7774309739734222,-0.1391389825774247,-0.062122764567449786,-1.1059071964966647,-0.3513881049787848,0.021301802038421847,0.1882019443681947
2766,-0.7926918057456951,-0.8003138301528174,-0.007622036638512234,-0.38872384118910835,-0.4039679645565868,0.8003138301528174,-0.12957461994247227,-0.05335425472224421,-1.0975732293499905,-0.34299165746975757,0.030488146554048932,0.190550908390993
2767,-0.7871682010810734,-0.7535765047643911,0.033591705668516963,-0.4053779944837799,-0.3564699314942968,0.7717178917590412,-0.14134333592671597,-0.0717059759922566,-1.114863142374693,-0.36097914081926663,0.0070747427641063305,0.16618103761988534
2768,-0.7843812660542037,-0.737617976068556,0.046763269585197546,-0.41460542186729676,-0.3434349207845405,0.7601043698676959,-0.14365341358123698,-0.07312115363451278,-1.1168556425563883,-0.36490408530854507,-0.0019764115508669054,0.15851036159568235
2769,-0.7961501433989777,-0.7677203341615367,0.028429784795755354,-0.4117643144985064,-0.36952280894553546,0.7822772343167705,-0.13523990139033226,-0.05696295754583017,-1.0993071539689299,-0.3563915058988542,0.01161108499735709,0.17141408264376407
2770,-0.8003138301528174,-0.7240934369751267,0.07622036522022807,-0.434456062185076,-0.32012550969515685,0.762203633563972,-0.14481869671417955,-0.0685983268343744,-1.1051953283103464,-0.3658577679677414,0.007622036638512234,0.1676847978930092
2771,-0.7979749580711565,-0.6730416562220061,0.12493326920454129,-0.4569308965754107,-0.2696329540824634,0.7356326213771356,-0.15867983477737302,-0.08525206913313219,-1.114410836559595,-0.3694825143263598,0.003395270217540079,0.1626595519652137
2772,-0.8068435761528979,-0.7059327011260391,0.1009108654640695,-0.4521398469392595,-0.2993127099481875,0.7549113171712616,-0.15864356869304946,-0.0735907236918454,-1.1014174485200128,-0.35511647768765175,0.020804326767649147,0.184297319817829
2773,-0.8172792462609412,-0.7048435585964063,0.11243570265939229,-0.4653172123619199,-0.29205996574713644,0.7564577389056028,-0.16349951578173694,-0.0714508131447997,-1.0988813753556876,-0.3512885718833305,0.031819145389712304,0.20035719334263868
2774,-0.815557878967062,-0.6554951427577921,0.16006275484757843,-0.4878103448647829,-0.24390517243239146,0.7317155359354828,-0.1829288839838707,-0.09146444199193535,-1.1128173527174687,-0.3582357062840022,0.030488146554048932,0.19817295143642377
2775,-0.8039351557486563,-0.6772973602387444,0.12663781600713608,-0.4625255015689608,-0.2717819923041662,0.7398294946677019,-0.1917157413714712,-0.09430873076670845,-1.103240065090446,-0.34872236174434734,0.04540008269698633,0.21270146965332207
2776,-0.7914190795999692,-0.6987964549022467,0.09262262733601091,-0.43710971658761094,-0.298902265486148,0.7458342008374363,-0.18891226362318633,-0.08977266495162994,-1.0913804618253957,-0.33588708277919,0.061836632916751864,0.22947367347228856
2777,-0.7810867830311321,-0.6397884284264514,0.14129831068958995,-0.45855382479589746,-0.24573732761733852,0.709577154853936,-0.20600124272847756,-0.10565660691064122,-1.1142829102507121,-0.34938474484524806,0.04530871234629015,0.21293886234312842
2778,-0.7698257325243281,-0.625006970576069,0.14481869671417955,-0.45732220995967676,-0.23628312938696067,0.6936053393466374,-0.2210390619344076,-0.11433055248991919,-1.1280614015317134,-0.3582357062840022,0.03811018261011403,0.2057949944818545
2779,-0.7567524963585248,-0.6673473414765407,0.08940512217682044,-0.42297496911289584,-0.28453756716863604,0.7076878245499597,-0.21297349119020595,-0.10638368159131567,-1.1124987815831169,-0.34409286119684385,0.058875729053304404,0.22605692893591922
2780,-0.7501275666824678,-0.6487995496106029,0.10132800956511359,-0.42627019768325536,-0.2722293445575884,0.697473289166461,-0.2256560888700878,-0.11597448659937344,-1.1243713648541342,-0.3515252243405227,0.05109175928394748,0.21948045153414314
2781,-0.7438118797156758,-0.6248621177881356,0.11894971831274684,-0.43039396015631176,-0.2527048586417181,0.685014010927872,-0.2489711676146409,-0.1335961782712536,-1.1465128063570635,-0.36874371655609817,0.03709144585752598,0.2036816474526433
2782,-0.7393375603426051,-0.678361215979159,0.060976293108097865,-0.39634590287284754,-0.30488146088091217,0.708849388160882,-0.24390517243239146,-0.12957461994247227,-1.1356834259388358,-0.3582357062840022,0.05335425472224421,0.2210390619344076
2783,-0.7395003383238776,-0.6979330859646549,0.04156725474695397,-0.3892491325865399,-0.3235027785736655,0.7154293397174576,-0.24490461904983346,-0.12626147925070585,-1.1300041255514928,-0.35372328416970755,0.05192820405335026,0.2265066016725571
2784,-0.7343944230100359,-0.6597934403876524,0.07460096997333646,-0.4055345678969113,-0.29104097718365624,0.6942805947479435,-0.2645262384181387,-0.13690991324088322,-1.1440246104153116,-0.3646634508681867,0.03810653850141127,0.21008099449815654
2785,-0.730805987947849,-0.6890903266978656,0.04171560309676339,-0.38567768927930685,-0.32403973145775244,0.7110941421955524,-0.2629325839673831,-0.1342525875695264,-1.1374034302938982,-0.3500122857565436,0.05339068954320707,0.22007101174964233
2786,-0.7317155359354828,-0.7317155359354828,1.5116626370689462e-20,-0.3658577679677414,-0.3658577679677414,0.7317155359354828,-0.25152719683951374,-0.12957461994247227,-1.1280614015317134,-0.3353695957860184,0.0685983268343744,0.23628312938696067
2787,-0.7246099083946926,-0.6954350768523891,0.02917489489759168,-0.37763857222190883,-0.3304923397204002,0.7061948294807985,-0.25718145913679374,-0.13765677900089915,-1.13495113647726,-0.34822612502405614,0.06669332695712892,0.22910215205343304
2788,-0.7275569300912549,-0.6974539515265903,0.030103007180379875,-0.3765058392200848,-0.3285306163927445,0.7107551104648007,-0.25487194275220426,-0.12490549174765539,-1.122762669451941,-0.3401875105682447,0.08158869836200724,0.23936773637876427
2789,-0.7435908682152774,-0.7542767107636572,-0.010685845696271942,-0.3625280218016096,-0.3801006747824791,0.7486911002498041,-0.23955278001942482,-0.10082967313483356,-1.0981702964182565,-0.31271518365754225,0.10451608693159459,0.26579032452094076
2790,-0.7469595847497275,-0.7393375603426051,0.007622036638512231,-0.37347979237486373,-0.3658577679677414,0.7393375603426051,-0.24390517243239146,-0.10670850944448843,-1.1051953283103464,-0.32012550969515685,0.09908647571821189,0.25914923988494454
2791,-0.7481842512785885,-0.7123917523037033,0.03579248815777869,-0.38767186387851127,-0.335317429610395,0.7281340429821337,-0.24835078436909672,-0.11206460503501198,-1.1148837702951844,-0.3314578448572334,0.09393195746235916,0.2474831911816367
2792,-0.7706826470334744,-0.7644171220523184,0.0062654874629122425,-0.3868895560858879,-0.3750212587676289,0.7712552505739485,-0.23108823145271876,-0.09080311759902858,-1.1006308822765278,-0.3143042504585324,0.11268824030608823,0.2645107139794406
2793,-0.7870653928729404,-0.7917799864991781,-0.004714586170099384,-0.3909224770714882,-0.3942667320600751,0.7920535952298526,-0.2333043753453146,-0.08664469856970519,-1.100032710025984,-0.31818740477620266,0.1075929741284576,0.2598842361239074
2794,-0.7850697813385727,-0.7698257325243281,0.015244073277024463,-0.39634590287284754,-0.37347979237486373,0.7774476823782167,-0.25152719683951374,-0.10670850944448843,-1.120439377124591,-0.34299165746975757,0.07622036522022804,0.22866110497983838
2795,-0.7887539511391296,-0.8068430339223711,-0.018089125348200178,-0.38077024460803266,-0.411946779199041,0.8006442745110485,-0.23715785170107337,-0.10444701047155439,-1.1217007829413774,-0.33869324407619333,0.0679586488313057,0.2252468199645052
2796,-0.7969012035275481,-0.8599124224060567,-0.06301127582790281,-0.36511071287827235,-0.46020749322352783,0.8327064507708573,-0.2202658274676331,-0.09443163870859543,-1.1227708937668344,-0.3403201901136691,0.061324670339929714,0.2261299696027182
2797,-0.8015194116551514,-0.8430972493212894,-0.04157782340295065,-0.3806228969225399,-0.4377945722564479,0.8260601870795867,-0.23476094686411286,-0.11629238721501374,-1.154721267053155,-0.38051539287941477,0.024120964465565282,0.19213067823445448
2798,-0.815557878967062,-0.8536680755559074,-0.03811018261011402,-0.38872384118910835,-0.4420781238688152,0.8384240267416627,-0.23628312938696067,-0.12957461994247227,-1.173793622527681,-0.4039679645565868,-6.063852762252558e-20,0.1676847978930092
2799,-0.8376890837660651,-0.9223115107884341,-0.08462244175627638,-0.3731117749315964,-0.49983612276867045,0.8810825045518845,-0.216235818404102,-0.11524672147863285,-1.1641053205706893,-0.4006836572750204,0.0017945099153779526,0.16915185025897503
2800,-0.8585921832560063,-0.938376722278142,-0.07978449245467481,-0.386927873370161,-0.5062128823801464,0.8976325499116395,-0.2162856191600549,-0.12397648781080357,-1.1792205637961992,-0.4191197687503487,-0.01144146346472506,0.15656061525804738
2801,-0.8720505260299656,-0.9336396776397783,-0.06158912181290412,-0.40601159813108306,-0.4989156305607513,0.9033274295418816,-0.21909984898046508,-0.1392619670597334,-1.1981321983505593,-0.435844177619255,-0.023830538406461394,0.14270741843484422
2802,-0.8841562477376304,-0.9908647385438105,-0.10670850944448843,-0.38872384118910835,-0.5487866146749952,0.9375104931407205,-0.19817295143642377,-0.12957461994247227,-1.1814156469348034,-0.41921201337083136,-0.007622036638512231,0.15244073044045608
2803,-0.8916790072467011,-1.0113729141133552,-0.11969385928818826,-0.38309118115853075,-0.5613874792430602,0.9508967249065272,-0.18796051530018032,-0.13202259094222948,-1.1746605532244547,-0.41361006891341817,-0.0025742217680393693,0.1506794878217415
2804,-0.8861610921883988,-0.9661815238463262,-0.0800204191350145,-0.39826198022011516,-0.5219757163803179,0.928286270820881,-0.19515331493439336,-0.14314213971902567,-1.1915803849310476,-0.42922420268396355,-0.017667822280799123,0.1344359563821538
2805,-0.8845876030617744,-0.9823784145543417,-0.09779088391105764,-0.39077828593070185,-0.5392182398565888,0.9376058912597534,-0.18473321681456817,-0.13118322392159903,-1.1807065158995413,-0.4199922202814824,-0.009571491722028896,0.14259128996731793
2806,-0.8917782721447527,-1.0213528361722997,-0.12957461994247227,-0.381101816781986,-0.571652725172979,0.9603766409153212,-0.17530684093843993,-0.12195258621619573,-1.1661715981205587,-0.4039679645565868,-2.4703961452622075e-19,0.15244073044045608
2807,-0.8867253116646835,-0.9817842769532857,-0.0950590236754016,-0.3931991086730746,-0.5377986143955203,0.9381892790149935,-0.1876217641724404,-0.13376123160573566,-1.182789880273816,-0.4147452989094064,-0.018289233155632065,0.1349197494603553
2808,-0.8783029668431861,-0.96709724358983,-0.08879429721553356,-0.38995474887684833,-0.5263984375054946,0.9251377659518977,-0.18616451034526738,-0.13471702146387754,-1.1859903504756557,-0.41682320805117656,-0.019860529692534323,0.12856153621182193
2809,-0.874547410913057,-1.0102936292051727,-0.135746177666058,-0.3665064381451477,-0.5692982715369278,0.9414543322906852,-0.17199411123340758,-0.11537282548895951,-1.1676893913814985,-0.3979483019762167,-0.0039551358483333274,0.13994189017564226
2810,-0.868912124370152,-0.9908647385438105,-0.12195258621619573,-0.37347979237486373,-0.5564086763587344,0.9298884687335982,-0.1829288839838707,-0.11433055248991919,-1.173793622527681,-0.4039679645565868,-0.01524407327702447,0.12957461994247227
2811,-0.8621225310806466,-0.9533847900320379,-0.09126225641431754,-0.3861686780073482,-0.5203176080782035,0.9113729686588505,-0.1938644499692978,-0.12892977334618272,-1.182960672995818,-0.4201312285570604,-0.030929093278342597,0.11384512107794341
2812,-0.858817104612013,-0.9919851043344742,-0.13316803161593593,-0.36044552933256824,-0.5569535420850068,0.9276210031495146,-0.17675046602865568,-0.1221832498800833,-1.1702053068746516,-0.4085230750147673,-0.024676789592746117,0.12021105561633043
2813,-0.862553379844831,-1.0094100612728638,-0.14685667552506496,-0.35432842877602516,-0.5758758272734105,0.9353821929600554,-0.16752728923424037,-0.1137039930111635,-1.1670603558680228,-0.40704856490745206,-0.02551024740066643,0.11871772774408555
2814,-0.868912124370152,-0.9756206897295658,-0.10670850944448843,-0.381101816781986,-0.5411645902678729,0.9222664443264759,-0.17530684093843993,-0.12195258621619573,-1.1814156469348034,-0.4268340377779537,-0.03811018261011402,0.10670850944448843
2815,-0.8727701011750061,-1.000836482249039,-0.12806642704583104,-0.3730808120727135,-0.5617627545682989,0.9394580637429163,-0.16580329446289283,-0.11834586782039234,-1.1776984770115004,-0.4232845552362516,-0.03456051073651125,0.11611359900521624
2816,-0.8839824794184615,-1.0413405796074484,-0.15735820388112387,-0.36231314026431105,-0.5944321154418486,0.9679264223663842,-0.15400477262014828,-0.10964504728124597,-1.16670016124792,-0.4168167905889799,-0.025931144746754817,0.12723171768316768
2817,-0.8929882286630213,-1.0024032408091434,-0.10941503942824554,-0.3926291366376077,-0.55324115199107,0.9498762463013642,-0.1647932590499189,-0.11825795247611914,-1.1788457288126035,-0.43220614845979644,-0.03452479073607872,0.11754294854721083
2818,-0.899400296551875,-0.9908647385438105,-0.09146444199193535,-0.4039679645565868,-0.5411645902678729,0.9451325175478427,-0.1676847978930092,-0.12195258621619573,-1.1890377458951595,-0.434456062185076,-0.03811018261011402,0.11433055248991919
2819,-0.9110527129926521,-1.0389276179924025,-0.12787494755688206,-0.38765921419025995,-0.5834061982057368,0.9786575290256637,-0.15388310308909897,-0.10955989868274625,-1.1759420279085033,-0.42031007504873014,-0.025619925213553378,0.12643087318088939
2820,-0.9149748373967431,-1.0212004976359506,-0.10622572486153442,-0.4029781104619265,-0.5639248945069115,0.9696381628123922,-0.15786940351904405,-0.10729520870321739,-1.1738481230394358,-0.424095706384161,-0.024122365070795786,0.12902270401208482
2821,-0.9138830946265468,-0.9868002587303051,-0.07291719807934327,-0.4198176351173852,-0.5295726948714554,0.951021942982085,-0.1695816250437125,-0.11693039842593912,-1.1817275687352775,-0.4365992983821595,-0.03200168924967058,0.11864592748122411
2822,-0.9146444199193535,-1.0289749351326558,-0.11433055248991919,-0.39634590287284754,-0.571652725172979,0.9756206897295658,-0.16006275484757843,-0.11433055248991919,-1.173793622527681,-0.4268340377779537,-0.022866110497983837,0.12195258621619573
2823,-0.9125017134388907,-1.0368133570062619,-0.12431173357514566,-0.39303177297677216,-0.5813523375799668,0.9753146819302103,-0.15558373549926252,-0.11102878490334,-1.1690632618427526,-0.41610274907616973,-0.01796112785048934,0.12624621044257578
2824,-0.9192641370427962,-0.9890844265486762,-0.06982035601205817,-0.42511641768048913,-0.5267554482698966,0.9557534734874831,-0.16923135832813246,-0.12179120405153705,-1.1806339999379927,-0.4271864142165382,-0.03552495110671769,0.10930584916614598
2825,-0.9198514693863473,-1.003839577519424,-0.083988135509079,-0.4181201106285637,-0.5408200750261298,0.9655213261007699,-0.1613764986271095,-0.11760345553732324,-1.176127492464607,-0.4206254204987949,-0.0339344187593003,0.11084520287342492
2826,-0.9146444199193535,-1.0365969595397782,-0.12195258621619573,-0.39634590287284754,-0.5792747868567182,0.9756206897295658,-0.14481869671417955,-0.10670850944448843,-1.1661715981205587,-0.4039679645565868,-0.022866110497983837,0.12195258621619573
2827,-0.9204338686124742,-0.9984545519904806,-0.07802071610336647,-0.417608423962588,-0.5354965230193408,0.9592495263911671,-0.15508418149321498,-0.1174091183664342,-1.1759673818350205,-0.4141527165825093,-0.03987783189625724,0.10402586190402381
2828,-0.9184243372992795,-0.9745759942286896,-0.056151679698374674,-0.4293907148427005,-0.512079522950063,0.9460500185041598,-0.16011794547471442,-0.1232143075368142,-1.1822034234493035,-0.42050206526374595,-0.04853860177851701,0.09975819084874092
2829,-0.9135079165924145,-0.9941601445056069,-0.08065228526395424,-0.41593849979886527,-0.5387587113692975,0.9550165098246404,-0.14923147823140087,-0.12410676931805317,-1.1821193877715883,-0.42203310492753376,-0.04805866772445376,0.10576804411494808
2830,-0.9146444199193535,-0.9375104931407205,-0.022866110497983837,-0.4420781238688152,-0.4801883204576606,0.9298884687335982,-0.16006275484757843,-0.1524407304404561,-1.2119037445632928,-0.45732220995967676,-0.07622036522022806,0.0838423989465046
2831,-0.9074884280120212,-0.839773280407782,0.06771518640618689,-0.4865653692094859,-0.3821944111429554,0.8717690709439583,-0.1794858939534557,-0.18396139849952392,-1.2534899977223912,-0.5000635444812709,-0.10390735994401248,0.07255588864512659
2832,-0.9097349172361466,-0.8062968472605526,0.1034381242964359,-0.505842790753695,-0.34945716685935124,0.8531261722984087,-0.18160966287405364,-0.19866373019089043,-1.2809244601809087,-0.52972104175765,-0.10958059962797335,0.08331330939365025
2833,-0.9144234858828502,-0.7317070761228149,0.18271639292539532,-0.5437019582132001,-0.27490663345030114,0.8194928817166302,-0.18599935692734693,-0.22541364059147384,-1.3176732180616528,-0.5737420001481007,-0.11989427575532811,0.08047814802300893
2834,-0.9146444199193535,-0.5868968112638405,0.32774757137889604,-0.6173849834455636,-0.12957461994247224,0.7469595847497275,-0.21341701888897685,-0.28201535038292835,-1.3795886542861524,-0.6326290695364251,-0.1371966536687488,0.07622036522022804
2835,-0.9264848760788463,-0.5039521739341947,0.422532703571245,-0.6737102100568353,-0.040674970655221854,0.7142555369917258,-0.24235891129680828,-0.33637126882476154,-1.4288225665679417,-0.6712433797228705,-0.13624625226954454,0.09616586398356133
2836,-0.9267132942269685,-0.4300435791750912,0.4966696903715022,-0.7126292195332418,0.033479536187444134,0.6788418037865531,-0.27006553245049364,-0.37827791420984036,-1.4607248016886962,-0.6934816516052879,-0.11745060748325682,0.12141325519464274
2837,-0.9071747351416457,-0.2812495334653197,0.6259251706459091,-0.7653517524750185,0.1717730120334574,0.5942198609243718,-0.32570985028972926,-0.4430734356651588,-1.5120805766261423,-0.7286774778161886,-0.10168159414655,0.13302938830569985
2838,-0.8917782721447527,-0.17530684093843993,0.7164714125680044,-0.8003138301528174,0.2667712829303753,0.5335425658607506,-0.38872384118910835,-0.5030543936790275,-1.5548953647564334,-0.7393375603426051,-0.060976293108097865,0.1676847978930092
2839,-0.871719512625395,-0.12878326768315784,0.7429361889025639,-0.8063079512351237,0.3024172218786908,0.497182881945722,-0.44411354094982103,-0.5333918890158516,-1.5593960793003492,-0.7011381114766309,0.021366791308356427,0.2352093258047
2840,-0.8316479949127941,-0.030162032383725244,0.801485938101274,-0.817125925655431,0.38415982742424204,0.4279314027352449,-0.5460800082018252,-0.5939835181023725,-1.5730426288245964,-0.6590248208156841,0.11559869341009242,0.30352577726742985
2841,-0.7685708818212995,0.07428184266138983,0.8428527163120427,-0.80558233666444,0.4588060551292367,0.34832051715615603,-0.6881257658712971,-0.6703602840308291,-1.5846993363120294,-0.6006001462927282,0.235653882906577,0.39295347183327384
2842,-0.6859833149395151,0.09146444199193533,0.7774476823782167,-0.7317155359354828,0.43445606218507604,0.29725943647378994,-0.8460460511487851,-0.7240934369751267,-1.5701395626771455,-0.5030543936790275,0.40396796455658684,0.5259205414536282
2843,-0.5903284723804475,0.10138430241087813,0.6917127303224719,-0.6406474755841657,0.3942091982525362,0.2408141431854543,-1.0541770355400626,-0.7992910413753829,-1.567425343864453,-0.4015939499649895,0.5807125103583274,0.654831986643142
2844,-0.4823897002478318,0.10322554734773394,0.5856152473398369,-0.5359795402072022,0.3385717372597263,0.18723997723696886,-1.2940838012277416,-0.8859722187984693,-1.5611719066272236,-0.28088961846174926,0.7665734456947936,0.773075090664588
2845,-0.363265922327288,-0.04591010353001881,0.31735576359849604,-0.3441339119508849,0.1343785768031119,0.20565171313328617,-1.5078921547529882,-0.9338367128056069,-1.5102541331305188,-0.11866704917211116,0.9928718323385242,0.9207402258479903
2846,-0.25152719683951374,-0.3353695957860184,-0.0838423989465046,-0.0838423989465046,-0.20579499448185448,0.29725943647378994,-1.7149581755189371,-0.9679985907692097,-1.4558090474638432,0.03811018261011402,1.2119037445632928,1.0594630327611452
2847,-0.16150121185518912,-0.6757282959632316,-0.5142270343480092,0.17988556255488763,-0.5944399159817277,0.4232434656446672,-1.925729879282145,-1.0058252027820278,-1.4213797714243257,0.17010849780775691,1.3806043391652074,1.1388109035512137
2848,-0.0952372740760591,-1.1463944417928014,-1.0511572688174202,0.4817094763976751,-1.0970104335441548,0.6220288051208697,-2.0916513451758414,-1.0147664989018534,-1.3776614619430392,0.3018076743468846,1.5364659234730496,1.1977800961440384
2849,-0.0605967269275955,-1.7536174457155211,-1.6930207745608263,0.8201449201420065,-1.719810317659777,0.9076713196332524,-2.2074472351485634,-1.002098886056516,-1.3385821725570577,0.41304542451372916,1.6681602788177627,1.2466007974275526
2850,-0.06097629310809785,-2.33996522064824,-2.2789888762847936,1.1128173527174687,-2.309476973913283,1.2042817947094042,-2.309476973913283,-1.006108787358055,-1.3414783831440735,0.4649442343667991,1.7302023734396492,1.2423919167450157
2851,-0.07643715629622892,-2.882599512760951,-2.8061624668275353,1.3684127320033646,-2.8419622026541824,1.4810871000112789,-2.38039344646663,-1.0057594177859799,-1.3552060989086407,0.4870240918389894,1.7581981191120801,1.2066353690939144
2852,-0.10157605233851093,-3.4426601527833256,-3.34108413709534,1.6241610105494941,-3.3871534315787177,1.7705376141625164,-2.4020003639797265,-0.9728735350695465,-1.3489320541130216,0.515089079669675,1.7841375726516275,1.1777217762970889
2853,-0.1449533613114545,-3.906726922829515,-3.7617734530453593,1.8112971930485835,-3.83069374478078,2.0272753471360425,-2.3975227384691373,-0.9318756954732889,-1.3366119990373158,0.5276432527783508,1.7754321850433352,1.1319713442914334
2854,-0.190550908390993,-4.207364331629026,-4.016813423238033,1.9131312574235197,-4.108277716123501,2.202768483107103,-2.378075491790319,-0.8917782721447527,-1.3262343343298288,0.5259205414536282,1.737824248740304,1.067085131721501
2855,-0.2198156087697261,-4.442734621637405,-4.222919065758656,2.0014309653222138,-4.3316773388628365,2.3324505654993963,-2.3297036423270927,-0.8305382948715958,-1.2942065253325394,0.5383694654231099,1.7093173428105046,1.0189898371710868
2856,-0.24405124829668848,-4.602007005141059,-4.357955894265937,2.0568621126205224,-4.480951995200254,2.421878596816075,-2.267942627816616,-0.7669427290839608,-1.2524277690401724,0.5362068992557031,1.6683210107131003,0.9742528689567286
2857,-0.26439385044829056,-4.604981694214787,-4.340587885980517,2.038324170721201,-4.47190844098372,2.435844560790692,-2.2153678152637397,-0.7285254818005993,-1.241457325214893,0.49311362256114977,1.5831752748359704,0.9039598843124025
2858,-0.28201535038292835,-4.557977752569587,-4.275962253080191,1.9969736750083331,-4.4131592888342634,2.4238074891265855,-2.149414312257247,-0.7012273637537597,-1.250013941152138,0.4268340377779537,1.4786751206852102,0.8308019277813067
2859,-0.31321142054895856,-4.523404210363684,-4.210192710454494,1.9477108123078257,-4.362118690518737,2.422130936549699,-2.0571431802564737,-0.6750770039611027,-1.2602108606968128,0.3325433980183149,1.3593801077107988,0.7644304149552461
2860,-0.3550204621389933,-4.398922947408031,-4.043902379535013,1.8471659892409464,-4.220273834655355,2.380962713881526,-1.9708863035229285,-0.6702960233516175,-1.3118669924356556,0.18874795725175142,1.1999171858092281,0.6803254939845961
2861,-0.3929474889624882,-4.217599565811495,-3.824652208574786,1.7188911795946034,-4.0205042371902895,2.3088267048878057,-1.875704406646048,-0.6798449530820554,-1.3853769240260425,0.021613006630265687,1.024315025028439,0.5870317616199021
2862,-0.434456062185076,-4.085411344689199,-3.6509556552702915,1.6082496847127572,-3.8643726368826514,2.2637449765770166,-1.7302023734396492,-0.6631171671649144,-1.4253209498353538,-0.12195258621619573,0.8612901745162636,0.5106764180861498
2863,-0.4844116447702498,-3.920665636749045,-3.4362539752722427,1.4787922405357117,-3.6769765723870256,2.2070796748068964,-1.5660004271070151,-0.6266282908652837,-1.4600376312266712,-0.25622728396867683,0.6863140925322426,0.42414958045014695
2864,-0.5393763499834313,-3.6975923061579055,-3.1582158818055484,1.3124434577332578,-3.429317948021782,2.1197143594658545,-1.416513868090936,-0.5976909599163546,-1.508995255473165,-0.397574777238858,0.5076633740367034,0.31596481269957966
2865,-0.5995519417689164,-3.5365897588824025,-2.9370378390177887,1.1676482999025806,-3.23557214699852,2.068667526457118,-1.2374573224464596,-0.5378756108064979,-1.5074445780856314,-0.48597284366842897,0.37016785329280344,0.237696939871075
2866,-0.6631171671649144,-3.4146723022236296,-2.7515549859522475,1.0442189839469005,-3.0793029300973123,2.0427056723445993,-1.0442189839469005,-0.4497001482759375,-1.4710529471716203,-0.5259205414536282,0.25914923988494454,0.1829288839838707
2867,-0.7200561318322174,-3.235480405083857,-2.5154242520531285,0.900861789830803,-2.8715706196126964,1.9791955350853572,-0.8910805742182073,-0.3887162366061434,-1.4629019193820922,-0.5781389988773842,0.13792237302400434,0.10354803722069024
2868,-0.7799409183912682,-3.0878510987636734,-2.307910068345568,0.768346161777774,-2.694004590447942,1.9327119960599413,-0.7499456976053763,-0.33771463328061835,-1.4495610115703794,-0.6128223773856835,0.030940074958899725,0.03143415503485686
2869,-0.8572699586340969,-3.0150902331143152,-2.157820088065636,0.6533183543842311,-2.5830746072759814,1.9368416866648506,-0.6116692735615568,-0.2787620781610616,-1.4132366592410472,-0.6211739115882162,-0.05028206871824342,-0.01675307559678004
2870,-0.9298884687335982,-2.896373747900507,-1.9664854282733764,0.5182984797698891,-2.4314296626401752,1.9131312574235197,-0.5182984797698891,-0.25152719683951374,-1.4100767519146418,-0.6554951427577921,-0.14481869671417957,-0.0838423989465046
2871,-0.9855215693135172,-2.744454380113904,-1.7589329457322156,0.3862285851639389,-2.2528911258167423,1.8641791694730654,-0.44066717727563437,-0.23835293749768277,-1.420211163819577,-0.6951384619719536,-0.24292873820168162,-0.1530971883610695
2872,-1.0483691996219002,-2.6683123006016443,-1.6199431357448861,0.28642171407346195,-2.1409919349655104,1.8608354652898609,-0.3489548064536854,-0.2024283719689678,-1.4002595435948577,-0.7047535789027605,-0.3030449929648723,-0.18716416964538857
2873,-1.1072512789316589,-2.580739089307604,-1.47348788123047,0.18257157361620244,-2.0243032540480135,1.847434926281478,-0.2758118428549872,-0.1783957124778894,-1.3839201382263908,-0.7139346939527781,-0.3552054648943984,-0.2189757716825647
2874,-1.1585495737134364,-2.4390516870472974,-1.2805020387806274,0.060976293108097865,-1.8597769374671964,1.79880059310375,-0.22866110497983838,-0.17530684093843993,-1.3872106786932747,-0.7317155359354828,-0.411589988963709,-0.25914923988494454
2875,-1.2124694801565357,-2.345248137698987,-1.132778603843529,-0.03641270616544998,-1.7359519934623084,1.77821787778006,-0.1678236420767531,-0.14959361882523906,-1.367551762903806,-0.7245814572624005,-0.4337386380719737,-0.26926311752835075
2876,-1.2420865332588806,-2.2555537094075016,-1.0134672170668055,-0.1118543937388765,-1.6317838896430017,1.7496521849934945,-0.10229100856532972,-0.11657635659660712,-1.3331198549092798,-0.698895385509354,-0.4369185755668687,-0.26574061662500736
2877,-1.2543419164147758,-2.086085596169522,-0.831743526563754,-0.21206674890660265,-1.4597203691695324,1.66953055037873,-0.06654125913635651,-0.10290352449047636,-1.3106288104425365,-0.6794138096676812,-0.44406977704692047,-0.2797852614800195
2878,-1.2805020387806274,-1.9512413794591317,-0.6707391915720368,-0.30488146088091217,-1.3109902855155842,1.6158718582263472,-0.03811018261011402,-0.0838423989465046,-1.2805020387806274,-0.6478731183506697,-0.434456062185076,-0.2743933073374976
2879,-1.2955458841914866,-1.8812060059009386,-0.5856602455117964,-0.3520654415632118,-1.2332539807756928,1.5919903566390514,0.004277471392486527,-0.0535756909850721,-1.2374653321184057,-0.6000469478574094,-0.4109695838736126,-0.24324927943089314
2880,-1.2898506043820253,-1.7622882833475355,-0.4724377517870113,-0.4038456513547156,-1.1163832580239441,1.5281089144578086,0.027565374007162902,-0.03585649543007212,-1.2097974565329337,-0.5663211162507107,-0.3925278650733352,-0.23187318084233463
2881,-1.2876151150386428,-1.6311435384311432,-0.34352843256673804,-0.4694796531394349,-0.982292577959656,1.4593662962657343,0.033633775447132426,-0.0266301509635917,-1.1861749982909866,-0.5370622404903357,-0.3735837175517321,-0.22275173700029685
2882,-1.2881242122942171,-1.5853836114913902,-0.2972594364737899,-0.49543236927190526,-0.9375104931407205,1.4405648495431311,0.05335425472224421,-0.007622036638512233,-1.150927549306314,-0.49543236927190526,-0.34299165746975757,-0.190550908390993
2883,-1.2812929248966045,-1.532689333818174,-0.2513963046673892,-0.5121722331326922,-0.8922293900587643,1.4119369500607397,0.06454450358579102,0.007201148241454314,-1.1284168448428225,-0.46785793873243187,-0.32131450893594904,-0.1744203657237967
2884,-1.276987055745442,-1.431492461946152,-0.1545054739045648,-0.5568182108592122,-0.7906430051146063,1.3552726637408288,0.04973641811130938,0.005230105167929115,-1.1266015577664599,-0.4599558985318255,-0.3202554931090409,-0.1764132457323822
2885,-1.2672564913744464,-1.3879357510137735,-0.12067942912980405,-0.5696820501059598,-0.750994045860308,1.3280898992560952,0.04955053613486621,0.013102017778657148,-1.1114941286796984,-0.4404345620817288,-0.3033315007646435,-0.1594144211665437
2886,-1.250013941152138,-1.3795886542861524,-0.12957461994247227,-0.5564086763587344,-0.7545816091568497,1.3186123099227065,0.0685983268343744,0.03811018261011402,-1.0823291805357458,-0.411589988963709,-0.2743933073374976,-0.1371966536687488
2887,-1.2371520235369862,-1.31143372695297,-0.07428165965365198,-0.5777098619735209,-0.6929373405360778,1.2787267914274012,0.06593019075633587,0.047180341039508966,-1.0672200759935944,-0.39785898349358906,-0.27193538870285905,-0.13576681188405545
2888,-1.22595470668527,-1.2622918643235899,-0.03633717597159585,-0.5905991181856634,-0.6497895266216269,1.2470442042817822,0.057447328602156164,0.046650020607313936,-1.061970104404172,-0.3883862366909363,-0.271706405066355,-0.13387136240385233
2889,-1.2156678099282856,-1.2769424663867504,-0.06127456874168387,-0.5741915870732882,-0.6680305644753695,1.2509009927841626,0.07678873929790396,0.07115155765689744,-1.043983678683578,-0.36476589857197544,-0.252236519166621,-0.1154419325340966
2890,-1.2119037445632928,-1.250013941152138,-0.03811018261011403,-0.5868968112638405,-0.6402510193903137,1.2347699668911272,0.0838423989465046,0.0838423989465046,-1.0365969595397782,-0.3582357062840022,-0.25152719683951374,-0.11433055248991919
2891,-1.2142223567652486,-1.2014136922139027,0.012808667545243832,-0.6137385618539395,-0.5935617042542956,1.2077458710774733,0.06826446578141568,0.0685037051867057,-1.044089015075841,-0.3723830229765015,-0.2662935800691328,-0.12936429561295146
2892,-1.2307897538147496,-1.229499487293001,0.0012903007303461645,-0.6160556941695645,-0.6129699568759268,1.2324566947633104,0.08225197364110058,0.08255043419695789,-1.0327942319266596,-0.36345762342435095,-0.25681602877294485,-0.1190278544245924
2893,-1.2434121896453503,-1.243663381082873,-0.00025122576370976914,-0.6210837664860803,-0.6174205262584166,1.2468150845695756,0.1022044724550923,0.10158934643619529,-1.0175438731510746,-0.3475804042244613,-0.24005285509612012,-0.10447085779192454
2894,-1.2423919167450157,-1.196659695749048,0.04573222099596767,-0.6402510193903137,-0.571652725172979,1.2195258435236487,0.09146444199193535,0.09146444199193535,-1.0213528361722997,-0.3582357062840022,-0.24390517243239146,-0.11433055248991919
2895,-1.2508243620698767,-1.20768004485148,0.04314442491599674,-0.6422977767443948,-0.5785663002517936,1.2294763072785553,0.09278411678730727,0.0993072505336759,-1.0119689969915127,-0.3572762619168086,-0.24120086752563813,-0.11252264272198477
2896,-1.2632511412100003,-1.2460114712564883,0.01723977991376191,-0.6388715225467239,-0.6107319694228517,1.2525263649123026,0.10889011732279213,0.11626719511849502,-0.9954880276748533,-0.33644860128262316,-0.22708086133199787,-0.09659983095709307
2897,-1.2487744166234573,-1.1925395131875824,0.05623493716880466,-0.652273429425355,-0.5639752932298225,1.2172062678459212,0.10218280186858274,0.11091954386294031,-1.0015953348495286,-0.33880805155139526,-0.23234045853179291,-0.10419994884007357
2898,-1.2271479424840048,-1.150927549306314,0.07622036522022804,-0.6478731183506697,-0.5335425658607506,1.1890377458951595,0.09908647571821189,0.10670850944448843,-1.006108787358055,-0.34299165746975757,-0.23628312938696067,-0.11433055248991919
2899,-1.2204044804749796,-1.1886225515716669,0.03178188333668493,-0.621138232114453,-0.5781337361546194,1.2022519831299823,0.12197149078623354,0.1171017432876034,-0.9878841845525528,-0.3191636939368342,-0.2177325429371729,-0.102305447557411
2900,-1.2090177452684263,-1.1777210440000119,0.031296693653177075,-0.61932010895216,-0.5714508826969423,1.188256821948412,0.13655066558948314,0.1285524281636353,-0.9790190206381976,-0.30860198117310966,-0.2137934875841762,-0.10016265425656264
2901,-1.1903984197169513,-1.1336923743421965,0.05670604993791331,-0.6227866074942421,-0.5347511597714545,1.1589531103402848,0.13833639764715774,0.12910521797656638,-0.9826681744323538,-0.3119515875302089,-0.22233710097479348,-0.10791502475206016
2902,-1.1890377458951595,-1.1661715981205587,0.022866110497983837,-0.6021408973547021,-0.571652725172979,1.173793622527681,0.15244073044045608,0.1371966536687488,-0.9679985907692097,-0.2972594364737899,-0.21341701888897685,-0.09908647571821189
2903,-1.190375202857498,-1.180446007356251,0.009929150830672235,-0.5964099382064515,-0.5860943706410033,1.1807737962116052,0.16129728783911007,0.15166608687582783,-0.9515226250785853,-0.2879642290680662,-0.20972387611272786,-0.09546445387383336
2904,-1.1815021911064356,-1.127372932278206,0.054129245742114224,-0.6133761657100075,-0.534568714570131,1.1531251666034854,0.15613205247388387,0.14892743886338455,-0.9561735679400516,-0.29265748949917836,-0.22088520237014703,-0.10679205484549142
2905,-1.1830599290526091,-1.1310829817702603,0.05197698851079757,-0.61486530948476,-0.5351364607042728,1.1567227281286467,0.16551901567146626,0.15923142498367818,-0.9446198964639146,-0.2851297581000884,-0.21724886488248046,-0.1028443628408058
2906,-1.196659695749048,-1.173793622527681,0.022866110497983837,-0.6097629217618243,-0.571652725172979,1.1814156469348034,0.1829288839838707,0.1829288839838707,-0.9222664443264759,-0.2743933073374976,-0.2057949944818545,-0.09146444199193535
2907,-1.2020187393856527,-1.148048830722111,0.05396987130037835,-0.6249000506096548,-0.5466060336972302,1.1705161783083278,0.17872609396114156,0.1785127833933671,-0.9260085749087492,-0.27906044645505634,-0.21032176942015948,-0.09650093555725306
2908,-1.2069343283539704,-1.1308929960453107,0.07604133833372832,-0.638821820261509,-0.5261814591925614,1.1660905695609773,0.17570260832813817,0.17757123266885821,-0.9263935378548964,-0.28191234348642186,-0.2134527446131983,-0.09819523964806336
2909,-1.2116680214141387,-1.1707540703284598,0.0409140592732031,-0.627030182153379,-0.5602447908820839,1.1865619956848548,0.19931960251691958,0.1956293304336152,-0.908653357569424,-0.2701849528448883,-0.20160834464925045,-0.08906970099152567
2910,-1.2119037445632928,-1.1585495737134364,0.05335425472224421,-0.6326290695364251,-0.5487866146749952,1.1814156469348034,0.2057949944818545,0.190550908390993,-0.9146444199193535,-0.2743933073374976,-0.2057949944818545,-0.09908647571821189
2911,-1.215978449264792,-1.112205576112394,0.10377289763834754,-0.6598491568504995,-0.5034805088125436,1.1642134228896874,0.19420609141537162,0.17946162265592314,-0.9252070587954662,-0.28529180568803814,-0.2208890594366656,-0.11477713744468125
2912,-1.2212647777682755,-1.1336047649606331,0.08766003616669855,-0.6531668981863878,-0.5236160761361572,1.1750320910362346,0.2181673834813418,0.19819050064678734,-0.9051412213748549,-0.2649983527278703,-0.21254281382542117,-0.10559965133322463
2913,-1.214593358185804,-1.144365446867082,0.07022794562293388,-0.6376843448827797,-0.536273245099311,1.1763211901353763,0.23804427818044005,0.21649803972289883,-0.88858023939349,-0.25033940542691935,-0.20664919753982514,-0.1000394260864742
2914,-1.196659695749048,-1.0899512049428681,0.10670850944448843,-0.6478731183506697,-0.4878103448647829,1.143305450345958,0.22866110497983838,0.21341701888897685,-0.8917782721447527,-0.25914923988494454,-0.2210390619344076,-0.11433055248991919
2915,-1.181461125737725,-1.082777740571458,0.09868337273818499,-0.6394903748718493,-0.4877229352073891,1.1294269047271426,0.24261062703333608,0.22578306062829673,-0.8765950839740089,-0.24481725117973946,-0.2182493638671798,-0.11648017775085964
2916,-1.1816022121166396,-1.1161728953028796,0.06542929568863655,-0.623768107572929,-0.5223028630731132,1.1445713697855686,0.261033691130962,0.2544550834476585,-0.8575271454519693,-0.2256177565924776,-0.20752288163579968,-0.11361850923930134
2917,-1.1772216338702517,-1.0751421632654452,0.10207945213706668,-0.6395825302710095,-0.48205877748956155,1.122306875172096,0.2572315634952032,0.2566143399282504,-0.864381548590769,-0.23173504679648047,-0.21815096415454552,-0.12705963586126645
2918,-1.1661715981205587,-1.0365969595397782,0.12957461994247227,-0.6478731183506697,-0.4497001482759375,1.0975732293499905,0.2667712829303753,0.25914923988494454,-0.8612901745162636,-0.22866110497983838,-0.2210390619344076,-0.12957461994247227
2919,-1.1689683329801646,-1.072611280525085,0.0963570469933609,-0.6326494863123684,-0.48800705772223807,1.1203257346720785,0.28582416902875285,0.2890751601560488,-0.8353867401878899,-0.20949384816800878,-0.20698587405369323,-0.11570240268524243
2920,-1.178551781844696,-1.069262390657708,0.10928939861040281,-0.6439921822452288,-0.47804157298391203,1.122369308665471,0.2922931113724925,0.30038436820114656,-0.8290003345781956,-0.20468736196814902,-0.21182588507604158,-0.12015293974306276
2921,-1.1810414189940883,-1.0256084808876937,0.15543294581295536,-0.6681454760777075,-0.43146499547445305,1.0994412556894784,0.3022889569353425,0.29892082391669483,-0.8266213177347539,-0.20325318203361767,-0.2216486911725757,-0.13067260240983783
2922,-1.1890377458951595,-1.0518410829072564,0.1371966536687488,-0.6631171671649144,-0.45732220995967676,1.120439377124591,0.32774757137889604,0.32774757137889604,-0.8003138301528174,-0.1829288839838707,-0.2057949944818545,-0.11433055248991919
2923,-1.1915896822711196,-1.066975949952479,0.1246137160600061,-0.6583306387185162,-0.47174313669642093,1.1301545531857815,0.34257226610510605,0.35023045490241056,-0.7839473544331552,-0.17237908640615904,-0.1998029080718946,-0.1027870688249635
2924,-1.1773353571543435,-1.0068690204351614,0.1704663433969914,-0.6734174926531664,-0.4176711868388785,1.0910140993381374,0.34212060865817284,0.3481812507416851,-0.7854780961098997,-0.18141267080239898,-0.2193223211647384,-0.11866790612904562
2925,-1.1748873775894837,-0.998343032476736,0.17654433046466092,-0.6762462407669965,-0.41117301266865014,1.0874516523881863,0.35825055261414745,0.3681854010034486,-0.7685305255622694,-0.16654582298530035,-0.216075664110035,-0.11813254800323986
2926,-1.1890377458951595,-1.0365969595397782,0.15244073044045608,-0.6707391915720368,-0.4420781238688152,1.1128173527174687,0.381101816781986,0.39634590287284754,-0.7469595847497275,-0.14481869671417955,-0.2057949944818545,-0.10670850944448843
2927,-1.1895354468347548,-1.0009778445472908,0.18855756012232616,-0.6854393140873818,-0.4060530714107915,1.0914837868706337,0.3861773952768585,0.3961076950914727,-0.7458736951098695,-0.15570236178804212,-0.2233882644884609,-0.12267136749186601
2928,-1.1867969295802079,-0.9690434092094979,0.21775347707656023,-0.7003248288587685,-0.3758245502148252,1.0761493579285017,0.4003409912142393,0.40604614808051775,-0.739760953130818,-0.15576760785857705,-0.22805882518463275,-0.13426365975050353
2929,-1.1883743890720808,-1.0015087949174721,0.18686553760667993,-0.6874977279291183,-0.40721645345519997,1.094705527979105,0.42663946134881275,0.4359123247658328,-0.7147226806147458,-0.1278943893463625,-0.2195580255674903,-0.12771268105740213
2930,-1.1890377458951595,-0.9832427141366882,0.2057949944818545,-0.6936053393466374,-0.38872384118910835,1.0823291805357458,0.434456062185076,0.4497001482759375,-0.7012273637537597,-0.12195258621619573,-0.22866110497983838,-0.1371966536687488
2931,-1.1890189266474838,-0.9256199734795452,0.26339892815157645,-0.7216120921901805,-0.3313434969223997,1.0529880551390347,0.4412711096734822,0.462912885620117,-0.6972450222101878,-0.1263748335236684,-0.2310406082194713,-0.1468532673870324
2932,-1.183626265945671,-0.9394354411495529,0.2441908367461207,-0.7120852977518881,-0.346197134097557,1.0582078862755209,0.47049507703997906,0.4935709497327143,-0.6785461548448263,-0.1052629527517586,-0.22320760909442308,-0.13545630478257337
2933,-1.1802829418957836,-0.958098384843007,0.22218462841850828,-0.7018968006581571,-0.36316883573829484,1.0651464208985923,0.49153436061701095,0.5152277791338404,-0.6566188074487085,-0.08904324665644986,-0.22060819857274705,-0.12992302200850198
2934,-1.1814156469348034,-0.9146444199193535,0.2667712829303753,-0.7240934369751267,-0.32012550969515685,1.0442189839469005,0.49543236927190526,0.5259205414536282,-0.6478731183506697,-0.09146444199193535,-0.2210390619344076,-0.1371966536687488
2935,-1.1741912313813807,-0.9079251590313387,0.2662660895359303,-0.7167546265081957,-0.32075591642018114,1.0373412939062492,0.5152345854238489,0.5519028425601505,-0.627758149405143,-0.0722339951823375,-0.21679133727778932,-0.1281484567114308
2936,-1.1747736212612063,-0.9434997824861896,0.23127386911269585,-0.7006764063592852,-0.3542652030918171,1.0552771915859351,0.5403043847391263,0.5815324259817143,-0.5981379870551526,-0.04456289995282353,-0.20624618935481032,-0.11471889328534844
2937,-1.1822539233852651,-0.9096181432380656,0.27263578094657936,-0.728052924598416,-0.3143851914493291,1.0421074233815188,0.537636105961382,0.5857848640223327,-0.5964686781993634,-0.05066150147690662,-0.20812534505682023,-0.128760347683669
2938,-1.1814156469348034,-0.868912124370152,0.3125034852880345,-0.7469595847497275,-0.2743933073374976,1.0213528361722997,0.5411645902678729,0.5945188729475798,-0.5945188729475798,-0.05335425472224421,-0.21341701888897685,-0.1371966536687488
2939,-1.1792880630278277,-0.8936534179191786,0.2856346399436006,-0.732425795832752,-0.29972226858680295,1.0328135856597784,0.5710121025373205,0.6246555727001157,-0.5632674252578533,-0.028370215045199595,-0.20602450659463722,-0.12292067270767423
2940,-1.1839485304460826,-0.8813887261076585,0.302559786983925,-0.7420666955574029,-0.2878703296622702,1.02843751727293,0.5826465429681247,0.6356392325905247,-0.5555481872308999,-0.02392066651874295,-0.21239874479837423,-0.1312836776411747
2941,-1.190015730610918,-0.8336116660618049,0.3564040332601562,-0.7683224223864933,-0.23822447710483052,1.0087605498058707,0.5796345518815864,0.6331262691515953,-0.5636825902273264,-0.029788430325669468,-0.22128118048417533,-0.14731079311030826
2942,-1.196659695749048,-0.8460460511487851,0.35061368187687986,-0.7698257325243281,-0.24390517243239146,1.0213528361722997,0.6021408973547021,0.6554951427577921,-0.5411645902678729,-0.007622036638512234,-0.2057949944818545,-0.1371966536687488
2943,-1.2017336624374362,-0.8420303822847794,0.35970330849743004,-0.7806763333042931,-0.23942768928407648,1.0224531068744802,0.6189494132911806,0.6718496166531062,-0.5239084808546156,0.0036003729432103316,-0.20078072004802563,-0.1384775926294686
2944,-1.2047664507543467,-0.7755417286244022,0.42922467605101244,-0.8150627260081642,-0.17500234991570415,0.9883523913641584,0.6084999724586415,0.6643412290023516,-0.5306978985367857,-0.007464608960641914,-0.2157113802281797,-0.15527191639564003
2945,-1.201532032905742,-0.7572626199438192,0.44426939540310134,-0.819180249740578,-0.15483870151145718,0.9748660756277596,0.6155767035119287,0.6793323500448812,-0.517200337095449,0.010549213696551287,-0.20627911037873956,-0.14601914717995643
2946,-1.196659695749048,-0.7774476823782167,0.41921201337083136,-0.8079359291131736,-0.17530684093843993,0.9832427141366882,0.6402510193903137,0.708849388160882,-0.4878103448647829,0.04573222099596767,-0.1829288839838707,-0.12957461994247227
2947,-1.190896871329007,-0.7355914880162817,0.4553053164198248,-0.8241147363971508,-0.13937847808315768,0.9628526553870008,0.6417387700180104,0.7097168315095574,-0.4794115994493834,0.053362515996042796,-0.18184025219199712,-0.1352302797037921
2948,-1.1805469208024155,-0.6965118997524393,0.4840349751668458,-0.8297929189788975,-0.10649614247986142,0.9372538921540254,0.642686082275688,0.7144510748670453,-0.4742546543478483,0.06184865041883762,-0.1763938620145396,-0.13110603653252648
2949,-1.1692225944204693,-0.7157620382134734,0.4534605673447551,-0.8074437355528308,-0.13125055549961928,0.937822219615093,0.6606483619017527,0.7386889341365728,-0.446729871079986,0.09536935708784729,-0.15238222368675072,-0.10651601215497078
2950,-1.1585495737134364,-0.6936053393466374,0.4649442343667991,-0.8079359291131736,-0.11433055248991919,0.9222664443264759,0.6554951427577921,0.7393375603426051,-0.434456062185076,0.10670850944448843,-0.15244073044045608,-0.10670850944448843
2951,-1.149635718208065,-0.6364357884548412,0.5131999302829825,-0.8272703948796949,-0.05854925159370853,0.8923385691479848,0.6337202581240327,0.7240403327315771,-0.44302576046959197,0.09665082972095701,-0.16800383153224918,-0.12259282250100603
2952,-1.1546144311922413,-0.6495472800057871,0.5050671340709243,-0.8277409724332979,-0.06923055871129019,0.9025646712957041,0.6393169318856873,0.7303311437390193,-0.4279443122296216,0.11429920278078953,-0.1568597481986756,-0.11059119355903564
2953,-1.1560054546689345,-0.6688448212300393,0.4871605958789027,-0.822246415722184,-0.0920831324936771,0.9121216371341306,0.6472637708978234,0.7406143368064686,-0.40680061337953455,0.1323118787440843,-0.14215302179310188,-0.09705612575986892
2954,-1.143305450345958,-0.625006970576069,0.5182984797698891,-0.8308019277813067,-0.05335425472224421,0.8841562477376304,0.6326290695364251,0.7393375603426051,-0.411589988963709,0.12957461994247227,-0.14481869671417955,-0.09908647571821189
2955,-1.1352224987219668,-0.6179446915576434,0.5172778384373391,-0.8233171179922728,-0.04649714706232838,0.8771692651316918,0.6247982290859853,0.7440583342190367,-0.4086226306611852,0.1443351398989574,-0.13531361419808233,-0.08817694600161864
2956,-1.1328651609832183,-0.6566729731080032,0.47619223378643716,-0.7998735797381424,-0.08843531116967056,0.892633219377844,0.6189304454453909,0.744367116018837,-0.39697092433522485,0.16193317166956134,-0.12365437021724784,-0.08284000921264603
2957,-1.1224805956868416,-0.6303321009942221,0.49214851695748435,-0.8044735411093323,-0.06897612498922424,0.8723579834193419,0.5910126490401052,0.723277965403802,-0.41023396489609276,0.1573766201408608,-0.13384833844167043,-0.09553292816462189
2958,-1.1051953283103464,-0.5945188729475798,0.5106764180861498,-0.8079359291131736,-0.03811018261011402,0.8460460511487851,0.571652725172979,0.7164714125680044,-0.41921201337083136,0.16006275484757843,-0.12957461994247227,-0.09146444199193535
2959,-1.0908227859846233,-0.6283301402465746,0.46249259952774424,-0.7768710111404964,-0.07809294606161163,0.8554169372574483,0.5730912653238343,0.7304755384260244,-0.40036440587408295,0.17801842569315618,-0.1035840474473862,-0.07221346933696582
2960,-1.0869186306399559,-0.6362933616145163,0.4506252533939606,-0.7686249153491088,-0.09154013826228415,0.8596531113705659,0.5568219766064391,0.7197605693994917,-0.39888909303059966,0.18580695118419605,-0.10106083427157901,-0.06955829304140673
2961,-1.0767354854671605,-0.5996842260588684,0.4770512609479255,-0.7769327323692834,-0.06138710658426828,0.8386377388291433,0.522709826266252,0.6944535230706954,-0.41497403587547393,0.18240310414606836,-0.10547417776449394,-0.0775228107310949
2962,-1.067085131721501,-0.625006970576069,0.4420781238688152,-0.7545816091568497,-0.09146444199193535,0.8460460511487851,0.5106764180861498,0.7012273637537597,-0.4039679645565868,0.19817295143642377,-0.0838423989465046,-0.060976293108097865
2963,-1.0677166818809334,-0.651342350579879,0.4163742478090871,-0.7421136894901169,-0.11785595739365445,0.8596439956249801,0.4988352377422561,0.707294308568368,-0.3920311716253188,0.21975736797536766,-0.06879635789389428,-0.03866486004035911
2964,-1.0562948912265644,-0.5989684957916583,0.4573263770476402,-0.7566201461593803,-0.06903046489762604,0.8262065450755618,0.45973136970551215,0.6811244846504547,-0.4083429059431707,0.21736372826919004,-0.0666799090056678,-0.04283524387603331
2965,-1.0382372505887432,-0.585013351765042,0.4532239446775311,-0.7459897753414841,-0.06153534754126477,0.8069558574749491,0.4391568869758339,0.6711369538342689,-0.4068750122066813,0.22824652546924884,-0.04264020573875645,-0.029149172490749872
2966,-1.0289749351326558,-0.625006970576069,0.4039679645565868,-0.7164714125680044,-0.10670850944448843,0.823179977927418,0.434456062185076,0.678361215979159,-0.39634590287284754,0.25152719683951374,-0.015244073277024466,-1.0014353572728427e-18
2967,-1.0161104643515284,-0.6007946387545609,0.4153157875553489,-0.7127667178208941,-0.08927112153236819,0.8078531216629923,0.3963420396211035,0.6523721940622756,-0.41807675923618753,0.24187543120754124,-0.009623731141696186,7.336202533287818e-05
2968,-1.0108419261301202,-0.5821765799932174,0.42866532347284053,-0.7153896478690623,-0.07243805734632118,0.7967668873237056,0.3595250320426173,0.6224610870363949,-0.4315029888765033,0.23444293216961662,0.004215063687616809,0.011196471966523482
2969,-1.0134993571995619,-0.6371064013249326,0.37639296501716607,-0.6913981814900219,-0.1269724161761102,0.825233123300143,0.34546056468530406,0.6142900238481489,-0.42590336528143435,0.24741437137744277,0.030853386423500932,0.037307767197287026
2970,-1.0137308863184111,-0.6478731183506697,0.3658577679677414,-0.6859833149395151,-0.1371966536687488,0.8308019277813067,0.3125034852880345,0.5868968112638405,-0.4497001482759375,0.23628312938696067,0.03811018261011402,0.03811018261011402
2971,-1.0134340461503015,-0.6140094203523786,0.3994246110752574,-0.7022917568352909,-0.10262767336324295,0.8136735549951074,0.26905845278722973,0.5432206578232877,-0.4821827205094966,0.21516552016128265,0.04028243898524562,0.04034525198664747
2972,-1.0093109967676326,-0.6490764826049902,0.36023455517638725,-0.6825323505776609,-0.14337059913847444,0.8294350509342169,0.24478101149597986,0.521477157972182,-0.49019525170757716,0.2154386962481834,0.06218739085361177,0.058891794552317606
2973,-1.003708800847474,-0.6922142349363024,0.31149457529841496,-0.6584642844107615,-0.1896195887164902,0.8473699873483004,0.21618213685209262,0.500590896093576,-0.5013313529083429,0.20777613680150422,0.07930192706522578,0.07074290556984683
2974,-0.9984868375041666,-0.6707391915720368,0.32774757137889604,-0.6631171671649144,-0.1676847978930092,0.8308019277813067,0.1676847978930092,0.45732220995967676,-0.5335425658607506,0.1829288839838707,0.07622036522022804,0.0685983268343744
2975,-0.9813745591007371,-0.6769586770678946,0.30441586117938507,-0.6393147795980637,-0.18507958203102326,0.8244980420617511,0.1339362946882634,0.42852844323235073,-0.5541991593808455,0.17914974865537778,0.08398148181915548,0.07573928417211476
2976,-0.964230027996905,-0.7199007058992588,0.2443293144182036,-0.6021169764212833,-0.2385291166723101,0.840711173679139,0.12257414037491593,0.4245175519167838,-0.5584243888136798,0.18632589299459396,0.10515368753563431,0.10131002789242088
2977,-0.9588089141508285,-0.7042656090946459,0.2545432357598951,-0.6068294281447715,-0.22462362419114146,0.8312617176731776,0.09375069897106082,0.3987870477636959,-0.5820758502585898,0.16563087469765053,0.10266932000553454,0.10327448974863002
2978,-0.9603766409153212,-0.6936053393466374,0.2667712829303753,-0.6097629217618243,-0.21341701888897685,0.823179977927418,0.05335425472224421,0.3582357062840022,-0.6173849834455636,0.14481869671417955,0.09146444199193535,0.09146444199193535
2979,-0.9601455520486714,-0.7518279215075058,0.2083176480998922,-0.5789858229781664,-0.27158475403525784,0.8511747065499248,0.03442749987118279,0.33939239589878456,-0.6346441158382565,0.14644041242769015,0.10248949756591964,0.10334907368760132
2980,-0.958250255698626,-0.7765363316317997,0.18171387616966816,-0.5695802879107069,-0.2980520313074138,0.8661725682110701,0.016219533263637863,0.32019438238473036,-0.6552675321177646,0.13026561150099658,0.10696930301692663,0.10268734381797068
2981,-0.9612913557760006,-0.7586854490356565,0.20260586940907466,-0.5807796249227607,-0.27694136149431153,0.8599366165415105,-0.019895514397144064,0.28562402588213043,-0.6885450967588982,0.09654606491527627,0.09638971727400447,0.08860785290175155
2982,-0.9679985907692097,-0.8003138301528174,0.1676847978930092,-0.5640307007658567,-0.3125034852880345,0.8841562477376304,-0.03811018261011403,0.2667712829303753,-0.708849388160882,0.0838423989465046,0.10670850944448843,0.09908647571821189
2983,-0.9721446002400125,-0.8414929993300789,0.13065161490837285,-0.5508795492864583,-0.35439447828550796,0.9075320156745286,-0.04954497410154899,0.24862431348852015,-0.7271794733554693,0.06695377653672623,0.11804400203372714,0.10388805655549799
2984,-0.9823973583599545,-0.8168192680522355,0.16557805345761678,-0.5724109018185604,-0.3261336294677561,0.8970128997793623,-0.09175848026979064,0.2056197772599586,-0.7668336147222198,0.019995683004195103,0.0999431306237767,0.08707312564525742
2985,-0.9921157427851445,-0.8279977105457195,0.16411803217871948,-0.574309769101881,-0.33191487519839535,0.9068818495151341,-0.11845904751555603,0.17705679997494755,-0.801065595082794,-0.016562576949757817,0.09237965518767334,0.08685360129989327
2986,-0.9908647385438105,-0.8841562477376304,0.10670850944448843,-0.5487866146749952,-0.38872384118910835,0.9375104931407205,-0.12195258621619573,0.1676847978930092,-0.823179977927418,-0.03811018261011403,0.09908647571821189,0.09908647571821189
2987,-0.9839381559639477,-0.8784631540194401,0.10547497408405729,-0.5453816324816712,-0.38363007029439766,0.9287101351421436,-0.15022226402860178,0.1350535200119096,-0.8607125571246567,-0.07730906867938853,0.08281249558269729,0.08973876495111732
2988,-0.9810180294738341,-0.8661739878365969,0.11484400765247663,-0.5472412662328967,-0.37130336572770956,0.9188195949945639,-0.16655159467404115,0.10411808916426694,-0.9000358640452143,-0.11142174312550257,0.07174403468678206,0.07807985046304716
2989,-0.9834154799390094,-0.9185100428454258,0.06490542511507938,-0.524586331350664,-0.42313576887837906,0.9475996707916855,-0.15818183256870283,0.09644815408019246,-0.9198551240817234,-0.1274575358018377,0.07712596827417115,0.08791688570625249
2990,-0.9832427141366882,-0.9298884687335982,0.05335425472224421,-0.5182984797698891,-0.434456062185076,0.952754541954965,-0.17530684093843993,0.0685983268343744,-0.952754541954965,-0.16006275484757843,0.060976293108097865,0.0838423989465046
2991,-0.9761017215336829,-0.8906561560866938,0.08544556719000583,-0.5279997630927392,-0.40133430751385646,0.9293268319424576,-0.19728045726440513,0.028877517271294326,-0.9964659184859375,-0.1986176950073532,0.03955163041382658,0.06290425508841757
2992,-0.9745642906039044,-0.919613137273786,0.054951095947513184,-0.5097941990473351,-0.43365455638262657,0.9435581720338581,-0.1928598757716225,0.022382147393628288,-1.0110386682571086,-0.21041023429846445,0.042444206177840366,0.06778381152259208
2993,-0.9737064849315265,-0.9562289263811039,0.01747755524061606,-0.4930795467281171,-0.46809152713497865,0.9609500603464052,-0.1934840573011495,0.0176900908005121,-1.0173619329669312,-0.21800264883539383,0.04348390497159316,0.07543388899515703
2994,-0.9679985907692097,-0.9298884687335982,0.03811018261011402,-0.5030543936790275,-0.4420781238688152,0.9451325175478427,-0.21341701888897685,-0.015244073277024466,-1.0442189839469005,-0.24390517243239146,0.022866110497983837,0.05335425472224421
2995,-0.9663355705086385,-0.9462151936271769,0.02012037705606575,-0.4904306246742499,-0.45942964698741395,0.955089381352146,-0.22199438733223123,-0.03206424018977808,-1.0583430204596098,-0.2588550623214618,0.008150257109395487,0.042533213333478384
2996,-0.9678346341631241,-1.0010232220365518,-0.033188531426057086,-0.46292021084265844,-0.5126260003054649,0.9857909362103939,-0.2204114868961407,-0.028047639936589343,-1.0610818795104324,-0.26047727703935275,0.0072887252013907715,0.05179229195578131
2997,-0.9671993473035932,-0.9848041392619309,-0.017604708415029813,-0.47115159300987164,-0.4984959201038862,0.974509983865972,-0.23481210394652893,-0.04762851810419493,-1.0832336769987219,-0.28606366450017884,-0.006542391290987686,0.03829369031263917
2998,-0.9756206897295658,-0.9679985907692097,0.007622036638512235,-0.4878103448647829,-0.4801883204576606,0.9679985907692097,-0.24390517243239146,-0.0685983268343744,-1.1051953283103464,-0.32012550969515685,-0.022866110497983837,0.022866110497983837
2999,-0.9922067801224401,-1.0200587030350086,-0.027852003965995825,-0.48087084371733063,-0.5212358648692068,1.0078185267750286,-0.23148642507726258,-0.062414896615789806,-1.1090458901772564,-0.32734712828438295,-0.022503138370033936,0.030106400934406707
3000,-1.0059549164825325,-1.0400333614191664,-0.03407849490288241,-0.4873386794712936,-0.5325881428263106,1.0285791490044456,-0.23023822143343128,-0.06838029477571209,-1.1250348303581137,-0.3344085737919439,-0.030983212145504917,0.021114636214696933
3001,-1.0165578623547158,-1.0144017079392245,0.0021560554601581508,-0.5079630102213251,-0.5025289809533163,1.0178396597938075,-0.23637105441143516,-0.08925078718847992,-1.1485944969508401,-0.3582156899031077,-0.051756790427827715,0.004663507622945173
3002,-1.0289749351326558,-1.0442189839469005,-0.015244073277024468,-0.5030543936790275,-0.5259205414536282,1.0365969595397782,-0.2210390619344076,-0.0838423989465046,-1.150927549306314,-0.3658577679677414,-0.05335425472224421,0.015244073277024466
3003,-1.030804732917706,-1.0740558793630464,-0.04325110565355497,-0.4927399058637569,-0.5549763064577093,1.0549660479725356,-0.2148363502971097,-0.08256494907549694,-1.1565359590951776,-0.3716120946020769,-0.054212333324460765,0.015144741106851864
3004,-1.0199090610189936,-1.0351954156018262,-0.015286424545790506,-0.5030301661792234,-0.520905010446068,1.032756151214387,-0.23735182152318693,-0.11570283046540866,-1.1856433233256667,-0.405005067854187,-0.07974059151068232,-0.009414900625492
3005,-1.0105694509000147,-1.0270547816846076,-0.016485385149457642,-0.49669278458761906,-0.5189359301739118,1.0211838349680173,-0.2401927602451034,-0.1286894592364304,-1.194202978234949,-0.41807966085618425,-0.09162161092963099,-0.012585751459973147
3006,-1.006108787358055,-1.067085131721501,-0.060976293108097865,-0.47256625877392133,-0.5640307007658567,1.0365969595397782,-0.2210390619344076,-0.11433055248991919,-1.1814156469348034,-0.4039679645565868,-0.0838423989465046,7.481054419300406e-20
3007,-0.9987021589795758,-1.0499557539278008,-0.0512536253320062,-0.4740066551676759,-0.5481080733280115,1.0272712889989708,-0.22879608471762952,-0.12349515796889761,-1.1894751672684671,-0.41780368509256716,-0.09405945697635923,-0.0048799497558826435
3008,-1.0012061859249275,-1.0253869365835475,-0.02418080279971204,-0.48807464903344844,-0.5198047255205454,1.0175402740573407,-0.24377464543006394,-0.1324962269726001,-1.2014478668016058,-0.4345224543699606,-0.10076753634430641,-0.007051288748512536
3009,-1.019961349964192,-1.0690003894671123,-0.04903900349063743,-0.48587045731740003,-0.5562574352872419,1.047937936693329,-0.22975058495762268,-0.11616608906542632,-1.1916763157350858,-0.42110238708756637,-0.08667679830618027,0.0023402979680399918
3010,-1.0365969595397782,-1.0823291805357458,-0.04573222099596767,-0.49543236927190526,-0.5640307007658567,1.0594630327611452,-0.22866110497983838,-0.12195258621619573,-1.196659695749048,-0.4268340377779537,-0.09146444199193535,-0.007622036638512235
3011,-1.0459956939583124,-1.044655191922668,0.001340444152985223,-0.5204451730601101,-0.5221958141669493,1.04098875769136,-0.24960147590638695,-0.1441587525879905,-1.216346577830447,-0.45354022225129587,-0.11191968415574753,-0.023274714039843672
3012,-1.0634952221116603,-1.0672261028724408,-0.003730938101593416,-0.5270324127083282,-0.5335552887773294,1.0657587858974507,-0.24182609436753447,-0.1337264865417871,-1.2123346258241507,-0.451291647100849,-0.10884431296113606,-0.014508549856249572
3013,-1.0761198514057666,-1.100285759885717,-0.02416593038881559,-0.5271333412466959,-0.5579398446687849,1.0915986420060126,-0.2261297221778747,-0.12117902488537001,-1.2026201975910191,-0.4410476106908143,-0.09691026335925952,-0.008428658417510523
3014,-1.0747071561286234,-1.067085131721501,0.007622036638512234,-0.5411645902678729,-0.5259205414536282,1.067085131721501,-0.23628312938696067,-0.1371966536687488,-1.2195258435236487,-0.45732220995967676,-0.10670850944448843,-0.022866110497983837
3015,-1.0736249374006526,-1.061123890446018,0.012501047308392715,-0.5392598867040224,-0.5207955569627353,1.0644282727278889,-0.23420555259631998,-0.14099044147094095,-1.2240883417250257,-0.461924164224218,-0.11101941736564463,-0.021393842922718023
3016,-1.069910199093283,-1.0943363994227717,-0.02442618250136616,-0.5209107913555562,-0.5550459904208984,1.0869693273184664,-0.21910545412965207,-0.13135225829422154,-1.2069717951289898,-0.44692743514066297,-0.09692137669473627,-0.004716542544023226
3017,-1.0513601515458484,-1.0637220235113802,-0.012361834399546395,-0.5193839538512632,-0.5350157449387398,1.0589020767604898,-0.22533885462183972,-0.14369612553075903,-1.2192975962591397,-0.4554948377709475,-0.10533716664086744,-0.014039334961146966
3018,-1.0365969595397782,-1.0289749351326558,0.007622036638512233,-0.5182984797698891,-0.5106764180861498,1.0289749351326558,-0.23628312938696067,-0.16006275484757843,-1.2423919167450157,-0.47256625877392133,-0.12195258621619573,-0.030488146554048932
3019,-1.0354530609579693,-1.0631960512194532,-0.02774297900313466,-0.4990629100694851,-0.5460898743340475,1.0509906911798153,-0.22615499545249135,-0.1552043759394908,-1.2305492277983436,-0.4666190109049318,-0.11056588061914592,-0.02002677976646352
3020,-1.0331156294133632,-1.0676252061242437,-0.034509569096679966,-0.4979384065654451,-0.5491305544957196,1.0556295089545686,-0.2158158383742317,-0.1522332984772044,-1.2282948080741838,-0.46844260613167654,-0.1092476412941161,-0.013918163178032787
3021,-1.026274017762458,-1.0229329836063143,0.003341013675967151,-0.5149465426184777,-0.5054137343394669,1.0277788722584513,-0.22441009570621412,-0.16369534809721692,-1.2463178459733952,-0.48393374838644365,-0.1266565174322776,-0.02702101302650287
3022,-1.0289749351326558,-1.0365969595397782,-0.007622036638512235,-0.5106764180861498,-0.5182984797698891,1.0365969595397782,-0.2210390619344076,-0.16006275484757843,-1.2423919167450157,-0.4801883204576606,-0.12195258621619573,-0.022866110497983837
3023,-1.034866167822214,-1.0599562738829833,-0.025090071257073625,-0.5051383153021449,-0.5416615548609772,1.0493211114879908,-0.20999342588072784,-0.14970659448136203,-1.2365639044592494,-0.479879216387856,-0.11678056446865903,-0.017340405531431177
3024,-1.0354214399332136,-1.016616151849241,0.018805355786589935,-0.5255658634605781,-0.49966036540366143,1.0225556300447722,-0.22798888521022995,-0.16545825351341653,-1.2557172385261701,-0.5072704582131092,-0.1368878653760314,-0.03934489072289529
3025,-1.0368937477195181,-1.0025023918168858,0.034391404281886154,-0.5310125375383732,-0.48322439721849786,1.0169215550401092,-0.23304156524035693,-0.1745610001710679,-1.2632286914354522,-0.5165272934073322,-0.143017906605144,-0.04165501154183869
3026,-1.0442189839469005,-1.0442189839469005,9.5982512915777e-20,-0.5182984797698891,-0.5182984797698891,1.0442189839469005,-0.21341701888897685,-0.16006275484757843,-1.250013941152138,-0.5030543936790275,-0.12957461994247227,-0.022866110497983837
3027,-1.0446358564902372,-1.033563307594803,0.011072517742370417,-0.5273047597022206,-0.5067484830598559,1.0363018103125654,-0.22197002273445227,-0.16258846443676508,-1.2511412341379113,-0.5112784488723942,-0.13760778687492853,-0.037067008505547186
3028,-1.043000411022757,-1.010279208362077,0.03272115533782795,-0.537975834758111,-0.4871002532655233,1.0232900594872318,-0.23181059400578263,-0.1728656582735723,-1.2652182741478681,-0.5259373567361335,-0.1542697731894484,-0.0532980541997258
3029,-1.0569469995650913,-1.0540312484556775,0.0029157064367025688,-0.5300559095998588,-0.5258794101096322,1.0570006699035663,-0.21510012874698312,-0.16359390425761938,-1.261339643149899,-0.5252736309368025,-0.1492383755483737,-0.04078554200330036
3030,-1.067085131721501,-1.067085131721501,-3.653329494944357e-19,-0.5335425658607506,-0.5335425658607506,1.067085131721501,-0.2210390619344076,-0.1676847978930092,-1.2652581390728501,-0.5411645902678729,-0.15244073044045608,-0.04573222099596767
3031,-1.0545741668087791,-1.0190316308473266,0.0355425432836122,-0.5422448313544816,-0.4917140574606984,1.0323608031546925,-0.23805770068226384,-0.18820633600002853,-1.2844886694850708,-0.562865021752418,-0.1720601007985233,-0.06652495628440895
3032,-1.049424819430534,-1.029654277558018,0.01977047297529353,-0.5300016402147959,-0.5048941606481179,1.0400042491216135,-0.22248108243709014,-0.18430450267527793,-1.2831102171710946,-0.555526486606805,-0.17255773984446973,-0.06441887851500275
3033,-1.0495867687838318,-1.063342417006328,-0.01375571974493807,-0.5145791081757396,-0.5386464818647424,1.0599268744005985,-0.2146070746966514,-0.17394370766032893,-1.2816120471665091,-0.5493022000193772,-0.16826463252971116,-0.06290682083747534
3034,-1.0365969595397782,-1.0289749351326558,0.007622036638512233,-0.5182984797698891,-0.5106764180861498,1.0289749351326558,-0.22866110497983838,-0.1829288839838707,-1.2957462367013395,-0.5640307007658567,-0.1829288839838707,-0.07622036522022804
3035,-1.032091609306833,-1.0153322206669961,0.016759412023325204,-0.5199143055581162,-0.4990077536069221,1.0180791936787477,-0.21943398776012948,-0.18037203265584947,-1.285856043516084,-0.5612746033274079,-0.18632590072115648,-0.0728511382703302
3036,-1.0449744651945143,-1.0548372009453653,-0.0098627390382841,-0.5160322944894282,-0.5330257768384663,1.0498258841552404,-0.207666519795197,-0.166456284741317,-1.2730840436692061,-0.5493712095340877,-0.1773671790218351,-0.06390867496119373
3037,-1.0522803887371814,-1.0364463500028618,0.01583404309716865,-0.5341829178756273,-0.5092580685039987,1.043058809371132,-0.2172162240789607,-0.17146506856771332,-1.2848558408798791,-0.563033905149068,-0.18924007996576303,-0.07306708320421396
3038,-1.0594630327611452,-1.006108787358055,0.05335425472224421,-0.5564086763587344,-0.47256625877392133,1.0289749351326558,-0.2210390619344076,-0.1829288839838707,-1.2957462367013395,-0.5792747868567182,-0.2057949944818545,-0.0838423989465046
3039,-1.0757336604141696,-1.0504002715047254,0.0253334080251009,-0.5510639590568491,-0.5112646750174059,1.0625322839502251,-0.21921372019764976,-0.1827346340846123,-1.294226503729157,-0.5733859509108543,-0.20544085390565528,-0.08430371328530561
3040,-1.0899733799862883,-1.069439377244065,0.020534028064140557,-0.5529842756154271,-0.525499202838318,1.0782543259548363,-0.22787052237103989,-0.18779754309641186,-1.3000290902285692,-0.5744604409083347,-0.21175762502862058,-0.0854647797917369
3041,-1.1003636150872866,-1.0325153069339423,0.06784831052434033,-0.58059877435479,-0.4817196242743126,1.0624454927670075,-0.23875287051172797,-0.2027560173448541,-1.3138925961033865,-0.5917122815758263,-0.22304530290572114,-0.09432093858151455
3042,-1.1128173527174687,-1.0518410829072564,0.060976293108097865,-0.5868968112638405,-0.49543236927190526,1.0823291805357458,-0.23628312938696067,-0.2057949944818545,-1.3109902855155842,-0.5868968112638405,-0.21341701888897685,-0.09146444199193535
3043,-1.1141227963835816,-1.0768917464467314,0.03723107687011007,-0.5762102945913244,-0.5206960884539118,1.0967855648813383,-0.22839023305303768,-0.19862801433318433,-1.2955272380460525,-0.565663872249806,-0.20378219607596007,-0.08204977771451744
3044,-1.1068033527118177,-1.026986821083965,0.0798164671540952,-0.5927734318927095,-0.47092045194731397,1.0639007339655602,-0.23259739218192088,-0.2011430437684701,-1.299422429299154,-0.5678174423739295,-0.2124754429205326,-0.09356132377920927
3045,-1.1035775555951606,-1.0102079830171014,0.093369541702591,-0.5987851487743742,-0.45516705452715556,1.0537586642593297,-0.23564920872637785,-0.2061710894905357,-1.2993064610519547,-0.5683877731164906,-0.20987645737002253,-0.09690099737457397
3046,-1.0975732293499905,-1.0518410829072564,0.04573222099596767,-0.571652725172979,-0.5030543936790275,1.0747071561286234,-0.22866110497983838,-0.19817295143642377,-1.2805020387806274,-0.5487866146749952,-0.19817295143642377,-0.0838423989465046
3047,-1.0841602341889574,-1.0351292147719033,0.049031007927108704,-0.5663193495147191,-0.4932813802083863,1.0599705854649013,-0.2274734020030186,-0.19044719011982286,-1.2764933419061208,-0.5451843509905254,-0.2033952416011622,-0.08881914082418013
3048,-1.080031166896864,-1.0098197368114097,0.07021136430104458,-0.5755650295831619,-0.46978851207488703,1.0446171707128373,-0.22740068695468657,-0.1896556567364689,-1.280905497867428,-0.550163301714341,-0.20233629582777152,-0.08820086209848171
3049,-1.08179601906314,-1.0537751958175428,0.028020856741790473,-0.5545252422776974,-0.5127037278282898,1.067966573459205,-0.21747559525479393,-0.17788005471563606,-1.2656895959699042,-0.5343567447423012,-0.1852758859446982,-0.0712941353531899
3050,-1.0823291805357458,-1.067085131721501,0.015244073277024466,-0.5487866146749952,-0.5259205414536282,1.0747071561286234,-0.2210390619344076,-0.17530684093843993,-1.2652581390728501,-0.5335425658607506,-0.190550908390993,-0.07622036522022804
3051,-1.0822239067958344,-1.0254381397345722,0.05678571840419657,-0.5703275758018629,-0.4850781359144476,1.053665953727808,-0.23584857469748408,-0.19008825895563758,-1.2848892196361055,-0.5539793687104013,-0.21126238288303414,-0.09132036931947322
3052,-1.0776855049584964,-1.03527885267466,0.04240661398873742,-0.5573283205778261,-0.4937541783346899,1.0567502284843335,-0.22619412694533064,-0.17780069834651427,-1.2782916845191066,-0.5468831122208638,-0.20540062939106385,-0.0821742184565269
3053,-1.072306637270007,-1.060771276941159,0.011535291835516822,-0.5388229192596099,-0.521545303507564,1.0663058157485852,-0.21051943989439126,-0.15554572747238005,-1.2609893508438215,-0.5302459321158809,-0.1852795778534253,-0.06416118658611578
3054,-1.067085131721501,-1.0213528361722997,0.04573222099596767,-0.5564086763587344,-0.4878103448647829,1.0442189839469005,-0.2210390619344076,-0.1676847978930092,-1.2728801634799725,-0.5411645902678729,-0.190550908390993,-0.0685983268343744
3055,-1.0588082797005718,-1.0019972920643954,0.05681103494081677,-0.5552454477033245,-0.46976938159471704,1.030937905913328,-0.2251580763314951,-0.17341745480059545,-1.2720409400804569,-0.5400750786072401,-0.19566224480845593,-0.07304817726717232
3056,-1.0621962415445578,-1.0363811372610046,0.025815163583005153,-0.5393493917664713,-0.5021779526865399,1.0472332580387262,-0.21154202966136854,-0.15358050655591376,-1.2483314543170068,-0.5191554728132459,-0.17670864538090736,-0.05617962475695167
3057,-1.0664689933712719,-1.0101646076012767,0.056304339692557284,-0.5579182397370741,-0.4780621897711856,1.0341954588613989,-0.2189236550710399,-0.15768155875169024,-1.2557880973586955,-0.5221286941663905,-0.1803410089194342,-0.05720939839313676
3058,-1.067085131721501,-0.9679985907692097,0.09908647571821189,-0.5792747868567182,-0.434456062185076,1.0137308863184111,-0.23628312938696067,-0.17530684093843993,-1.2728801634799725,-0.5335425658607506,-0.190550908390993,-0.0685983268343744
3059,-1.0774323323736303,-1.0103051126565126,0.06712720654178526,-0.568430223052608,-0.47070244054273547,1.0399606316678018,-0.2310448497659066,-0.16934818382916028,-1.2543512519305677,-0.5216745442837335,-0.16627970198083825,-0.05184877490942963
3060,-1.084412597766424,-1.036194502134558,0.048218139669279236,-0.5622934019103896,-0.49548231778607865,1.0568644443826363,-0.23133668512018687,-0.17414306604190702,-1.2528571017860064,-0.5199359910619687,-0.16229461027442071,-0.04400973203761055
3061,-1.07915266464948,-1.0022441892650518,0.07690848170595085,-0.5748699449995788,-0.4610004675098133,1.0363986813556105,-0.24953054332220362,-0.19709092107959084,-1.2800706038132472,-0.5394002769780668,-0.17845504974348195,-0.057174102876739144
3062,-1.0747071561286234,-1.0213528361722997,0.05335425472224421,-0.5640307007658567,-0.4801883204576606,1.0442189839469005,-0.25152719683951374,-0.19817295143642377,-1.2805020387806274,-0.5411645902678729,-0.1676847978930092,-0.05335425472224421
3063,-1.0685158402737502,-1.0558568969275135,0.012658939296582506,-0.5410769670077946,-0.5213982338427001,1.0620041712124515,-0.24754633195598733,-0.19408193305814558,-1.2690920947786286,-0.5318249945964494,-0.16306213231259417,-0.049480562592102977
3064,-1.0618048671062394,-1.0226013205449505,0.03920358784898471,-0.5499107343748921,-0.48961717343654054,1.0402733427841984,-0.26454382703392687,-0.211132218322142,-1.2844285834199722,-0.5414843044679963,-0.17821489517140537,-0.0638767929320316
3065,-1.0569479281022782,-1.009897772452994,0.04705014828285461,-0.5524663503928967,-0.4780889898651023,1.0298347926099003,-0.2745882848446691,-0.22163509583733756,-1.2954097533653606,-0.5483400788285893,-0.18190432005905424,-0.06717790525593736
3066,-1.0518410829072564,-1.0518410829072564,-1.5169263985617691e-19,-0.5259205414536282,-0.5259205414536282,1.0518410829072564,-0.2667712829303753,-0.21341701888897685,-1.2881242122942171,-0.5411645902678729,-0.17530684093843993,-0.060976293108097865
3067,-1.0451737653245006,-1.0427787184379071,0.00239507810338061,-0.5205673197208737,-0.5174986181277001,1.0444006947703521,-0.27531045698274664,-0.2161915555757256,-1.2909294357063241,-0.5448912554944948,-0.17896954641868834,-0.07150361314483751
3068,-1.0394100430471984,-1.0090901048931633,0.030319924461261374,-0.5319612702659862,-0.48615081540837024,1.0240004930893944,-0.2890029288306713,-0.2268645206397527,-1.2964827530968255,-0.5497247109500932,-0.1875072244692504,-0.07801386142534356
3069,-1.0343541044981774,-1.0322300171412648,0.002124033508819685,-0.5194704234681548,-0.5162770431567406,1.033277053166495,-0.27498920072578814,-0.21462116238403886,-1.2808408945160978,-0.5349339324738369,-0.17811993166384057,-0.06280278615009303
3070,-1.0365969595397782,-1.0365969595397782,4.754811094360683e-20,-0.5182984797698891,-0.5182984797698891,1.0365969595397782,-0.2667712829303753,-0.2057949944818545,-1.2805020387806274,-0.5335425658607506,-0.17530684093843993,-0.060976293108097865
3071,-1.0423921001142356,-0.9898089311647938,0.052583205306745,-0.5435183269747215,-0.46528984976667476,1.016655665628137,-0.2804430685633559,-0.21910031336784835,-1.2957260560640442,-0.5482084942912983,-0.1898377197970681,-0.07541020151548294
3072,-1.043112498043979,-0.9942218902819138,0.04889058678311908,-0.5445082791019353,-0.46863021238538505,1.0163523546387863,-0.2730512006670245,-0.2127548224231841,-1.2797099546823045,-0.5377148069508666,-0.18020401171443567,-0.06715887141869842
3073,-1.0439271805127919,-1.0262729064725782,0.017654251826425195,-0.5303408379070135,-0.5006311467198187,1.03164699760439,-0.25554376049904265,-0.19401831381158027,-1.2625020889891512,-0.5242683316206148,-0.16616577196292964,-0.04976081554568479
3074,-1.0442189839469005,-0.9984868375041666,0.04573222099596767,-0.5411645902678729,-0.47256625877392133,1.0213528361722997,-0.2667712829303753,-0.2057949944818545,-1.2805020387806274,-0.5411645902678729,-0.1829288839838707,-0.060976293108097865
3075,-1.0413692937617773,-0.984915473515779,0.056453914195982224,-0.5449135483488255,-0.4601843155806228,1.0135405969186486,-0.27168562572276744,-0.2165588298866883,-1.2841206547101587,-0.5459173936018877,-0.1878977515564081,-0.07167726759075822
3076,-1.051378715068788,-1.0273926710923904,0.023986083891319912,-0.5336389292953198,-0.4983683019774633,1.039203956208057,-0.25580899703316407,-0.20388099906479049,-1.2723970261583208,-0.5303764600704088,-0.17289562183086166,-0.05936167610485324
3077,-1.0596494497479745,-1.0142215484158592,0.04542796575014257,-0.5495510270187292,-0.4800804456178519,1.0365682958810054,-0.2661009514378505,-0.2119180647979283,-1.2870770859954033,-0.53956405116464,-0.18060450560895625,-0.06726423478408579
3078,-1.0594630327611452,-0.9756206897295658,0.0838423989465046,-0.571652725172979,-0.4420781238688152,1.0137308863184111,-0.28201535038292835,-0.22866110497983838,-1.3033682611084618,-0.5564086763587344,-0.190550908390993,-0.0838423989465046
3079,-1.0647260601138762,-1.011776913597907,0.05294912962509692,-0.5564255602547449,-0.47912447331602276,1.0333927386547073,-0.264376036406111,-0.2169671520447217,-1.291165982571075,-0.5453028971512186,-0.1731145951038884,-0.06771153341437643
3080,-1.064157699871415,-1.0356251080317993,0.028532629752191396,-0.54136054820127,-0.5018861269520385,1.0488410379434996,-0.26093676534408083,-0.21656728835220074,-1.2868756429013952,-0.5400190970388152,-0.1665592045350978,-0.05668590059220328
3081,-1.0562099632983377,-1.001752603631337,0.05445742418710702,-0.5522062119670892,-0.46976041513547184,1.0284307558723709,-0.2784471231847099,-0.23194430342907696,-1.2971375957301448,-0.5512000177944529,-0.17806719570741686,-0.06129652147246986
3082,-1.0518410829072564,-1.0137308863184111,0.03811018261011403,-0.5411645902678729,-0.4878103448647829,1.0289749351326558,-0.2667712829303753,-0.2210390619344076,-1.2881242122942171,-0.5411645902678729,-0.1676847978930092,-0.04573222099596767
3083,-1.040127327133116,-1.0365545758793,0.003572750647513814,-0.5171646194121962,-0.5176920889351846,1.034155482697411,-0.254194425586746,-0.20989723026787221,-1.2763165261806888,-0.5292813687453354,-0.1562697920164482,-0.03491439138703848
3084,-1.0294805127221736,-0.9944243849384429,0.03505614344375475,-0.5311057936891769,-0.4767953782179973,1.0084956270691041,-0.27680236260127583,-0.22632697682916014,-1.2926998906307532,-0.5478290971506425,-0.1741404096339058,-0.04872710598330589
3085,-1.028796729164909,-0.9798117731983202,0.048984969330713855,-0.5383395927163265,-0.46220098153766603,1.0002742382044314,-0.2893679108978697,-0.23670293226120098,-1.3016682969543492,-0.5533651542617588,-0.18145342687803523,-0.051050941716176884
3086,-1.0365969595397782,-1.0289749351326558,0.007622036638512231,-0.5182984797698891,-0.5106764180861498,1.0289749351326558,-0.2743933073374976,-0.22866110497983838,-1.2881242122942171,-0.5335425658607506,-0.1676847978930092,-0.03811018261011402
3087,-1.0476367712140087,-1.0313910973615705,0.016245595004665162,-0.5302417461085768,-0.507998532769498,1.0382841737010016,-0.2804113714661224,-0.23625185297959528,-1.2939758293582446,-0.5397923172569034,-0.1757477285482042,-0.046057296717613175
3088,-1.0572146193791494,-1.0108632633882202,0.04635127018591197,-0.5536634101060378,-0.48177992798279967,1.0355134041896215,-0.3046784136560601,-0.25501395733326643,-1.314461897926954,-0.5602050436596799,-0.19031354736527148,-0.06369746524701231
3089,-1.0715679516998602,-1.0551365779655295,0.01643137287888808,-0.5422464852059302,-0.5196836308649985,1.061770483503282,-0.30008117875928336,-0.24498467661812354,-1.3028123306379946,-0.5501606819716696,-0.17644631512201286,-0.05624669256552063
3090,-1.0823291805357458,-1.0747071561286234,0.0076220366385122305,-0.5411645902678729,-0.5335425658607506,1.0747071561286234,-0.2972594364737899,-0.23628312938696067,-1.2957462367013395,-0.5487866146749952,-0.17530684093843993,-0.05335425472224421
3091,-1.0807125323642321,-1.027952026388081,0.05276047518077382,-0.5663798130105404,-0.48715026565680336,1.0539812610046675,-0.3175655466319319,-0.2553815499795232,-1.3200395573666999,-0.574235049133677,-0.19645091421030975,-0.07272608307087057
3092,-1.0843674684608053,-1.0341084639193079,0.05025892895085797,-0.5657300424438026,-0.49282798628255875,1.0574322938298821,-0.31097573604394835,-0.25203475307897166,-1.3190754407659848,-0.574313694935481,-0.18803240467328425,-0.07165722451920584
3093,-1.0761731606682772,-1.0605331840774186,0.01563998007272121,-0.5416607063638629,-0.5212282158955649,1.0647487237348343,-0.29440387440767246,-0.23155788221689028,-1.2973088444002714,-0.5621924875595218,-0.17400057764727056,-0.05847562735961458
3094,-1.0594630327611452,-1.0137308863184111,0.04573222099596767,-0.5487866146749952,-0.4801883204576606,1.0365969595397782,-0.30488146088091217,-0.24390517243239146,-1.3109902855155842,-0.5792747868567182,-0.190550908390993,-0.0685983268343744
3095,-1.0541043376966988,-0.9789990528792419,0.07510526567215906,-0.5604234015181027,-0.45105342511586705,1.014552879647154,-0.3029603891102968,-0.2553296437443766,-1.3221269409078418,-0.5847162297616925,-0.19034491445702195,-0.07277708059220184
3096,-1.0389050707990375,-0.9911781728931722,0.04772686878213924,-0.5416201129569621,-0.4710502794578072,1.0093071120981996,-0.2876428397819406,-0.23909588223058606,-1.3040810956641955,-0.5654012802302578,-0.1684832185117471,-0.05970945031925499
3097,-1.0263284307256717,-0.9559391878670178,0.07038925473126958,-0.5481387220134486,-0.43766518620754064,0.9890358884517302,-0.29324285679047446,-0.23984809092150738,-1.307709208345769,-0.5678166530413493,-0.17203285500509705,-0.06564076098681845
3098,-1.0289749351326558,-0.9070223209589974,0.12195258621619573,-0.571652725172979,-0.38872384118910835,0.9679985907692097,-0.2972594364737899,-0.25152719683951374,-1.3262343343298288,-0.5792747868567182,-0.1829288839838707,-0.07622036522022804
3099,-1.0219080169351293,-0.9253648602881939,0.09654318156017774,-0.5547222517425558,-0.4144664372464092,0.9705329608842697,-0.2844003898719927,-0.24008222067965254,-1.3148312238808626,-0.5629326760126917,-0.17152652135058133,-0.06472080434026858
3100,-1.0235473607436871,-0.9397593267141902,0.08378811316414479,-0.5516807229511066,-0.42603937980140627,0.9776957943424753,-0.2836495266944385,-0.23657027444355963,-1.3092832510641605,-0.5505029791291384,-0.16754892623451675,-0.061427695334763076
3101,-1.0271681325711721,-0.8993376578797687,0.12783048170782835,-0.5783171577821915,-0.3816664865027885,0.9592485916627482,-0.2904238417076881,-0.24550942600905118,-1.31954980076112,-0.558558711180012,-0.17775583766435937,-0.07056286837727867
3102,-1.0137308863184111,-0.899400296551875,0.11433055248991919,-0.5640307007658567,-0.38872384118910835,0.952754541954965,-0.28201535038292835,-0.23628312938696067,-1.3033682611084618,-0.5487866146749952,-0.1676847978930092,-0.060976293108097865
3103,-1.010330813596298,-0.9270698257857597,0.08326097780431004,-0.5430234460860597,-0.41769955825727284,0.9679912665688634,-0.273842021333773,-0.22751133068652438,-1.2801701580768199,-0.531966558476017,-0.1520075352960076,-0.05139203883258113
3104,-1.0142414597649858,-0.8861059394887773,0.12813553294479468,-0.5695072635458677,-0.377232966622043,0.9503268891701242,-0.27610483806669983,-0.23145476377004467,-1.2850406113324906,-0.5429808221719474,-0.1584997119997694,-0.06041278023491277
3105,-0.9979909206612456,-0.8490781386848811,0.14891280245062932,-0.5730483559392646,-0.3499724484076725,0.9237723862695977,-0.2703435119635047,-0.22373966289480196,-1.2827886404835471,-0.5453498970951648,-0.15603727141940307,-0.056742769376090414
3106,-0.9832427141366882,-0.8765342233305082,0.10670850944448843,-0.5411645902678729,-0.381101816781986,0.9298884687335982,-0.25152719683951374,-0.2057949944818545,-1.2576359655592604,-0.5259205414536282,-0.1371966536687488,-0.03811018261011402
3107,-0.9827731494486763,-0.8586395029014058,0.12413365546681514,-0.5519033559052907,-0.36244948696894486,0.9172994496830933,-0.23746641459295198,-0.1981713311146911,-1.2468581592188086,-0.5234192023641311,-0.1350076855540901,-0.035973366788147006
3108,-0.9784125141658777,-0.804044953234584,0.17436758175141664,-0.5777577372007283,-0.31348107465530595,0.888912287296758,-0.234211966506296,-0.1963804059315507,-1.2508681775297683,-0.52318648947192,-0.13707897832829355,-0.03834654022815761
3109,-0.9743764243332604,-0.8186343294376999,0.15574213563091813,-0.5642436930528907,-0.33159554992682827,0.897006171099362,-0.22364334720909018,-0.18599976059046197,-1.233089649369934,-0.5027759923405319,-0.1249605489788238,-0.025629140050194295
3110,-0.9756206897295658,-0.823179977927418,0.1524407304404561,-0.5640307007658567,-0.3353695957860184,0.899400296551875,-0.21341701888897685,-0.17530684093843993,-1.2195258435236487,-0.49543236927190526,-0.12195258621619573,-0.022866110497983837
3111,-0.973299283387357,-0.7594353742699669,0.21386390492277657,-0.594662407003559,-0.27286327031889956,0.8666814906105881,-0.2185429710120248,-0.17423073056057026,-1.2309057485190897,-0.5028793815275063,-0.1291277971853536,-0.031441709205534026
3112,-0.9824002658288999,-0.7542237929275096,0.2281764942466753,-0.6022518782768259,-0.26282979860570443,0.866307210402772,-0.22135139788209027,-0.17562233573683886,-1.2289867873550149,-0.49525651712653246,-0.12571619015339297,-0.020071724252975005
3113,-0.9913954446221945,-0.7919493430730553,0.19944613775744569,-0.5925549351726203,-0.2964948498845524,0.8879826493718291,-0.22294583211271593,-0.17604327420187224,-1.2163668088347175,-0.4869855313824644,-0.12203327618975364,-0.0050027425748453746
3114,-0.9908647385438105,-0.762203633563972,0.22866110497983838,-0.6097629217618243,-0.2667712829303753,0.8765342233305082,-0.24390517243239146,-0.190550908390993,-1.2347699668911272,-0.5030543936790275,-0.12957461994247227,-0.015244073277024466
3115,-0.9957727166496924,-0.743041109540038,0.2527315630920527,-0.6212379887038826,-0.24226792687392015,0.87031215271324,-0.26384348341493236,-0.20559941636408074,-1.2510180928446266,-0.5129620354809178,-0.12683245931735193,-0.019979058687105304
3116,-0.9982948147062559,-0.7796096265199939,0.21868511085739475,-0.605685696936191,-0.2759743086433564,0.8867138738238812,-0.2704127490878253,-0.20156805934447497,-1.2399643138241074,-0.5020215795838827,-0.11111346487881786,-0.003138504681516349
3117,-0.998040825506652,-0.7614593752434002,0.23658135418687418,-0.6182173793172492,-0.25901435189635663,0.8755406167828651,-0.291262257696039,-0.21343660049449237,-1.2481921622003873,-0.5077970004754825,-0.10759981689906456,-0.003345579019898139
3118,-0.9984868375041666,-0.7164714125680044,0.28201535038292835,-0.6402510193903137,-0.21341701888897685,0.8536680755559074,-0.32012550969515685,-0.24390517243239146,-1.2728801634799725,-0.5259205414536282,-0.11433055248991919,-0.015244073277024466
3119,-0.9868255627895007,-0.741108750231897,0.24571679406456579,-0.6134186374140401,-0.2434569598972416,0.8629521608272882,-0.3224895302346358,-0.24676633844329968,-1.263210445343297,-0.5166978522567879,-0.1051038696224807,-0.00029475030673557816
3120,-0.9749375400288518,-0.7547702492459198,0.2201673130595817,-0.5925436599438348,-0.2642567608730474,0.8658532086713954,-0.3210346287430505,-0.24484633650330265,-1.2526678082827063,-0.5039775393152391,-0.0921200728475416,0.014960368182053117
3121,-0.9625455934598598,-0.7075642947247746,0.2549813095828184,-0.6063973888506479,-0.22173532657695508,0.834005969464727,-0.3436416929240816,-0.26662271545426613,-1.2705140717059877,-0.5146004733813967,-0.10511453536921231,0.0024952144981321956
3122,-0.952754541954965,-0.7164714125680044,0.23628312938696067,-0.5945188729475798,-0.23628312938696067,0.8308019277813067,-0.35061368187687986,-0.2667712829303753,-1.2652581390728501,-0.5106764180861498,-0.10670850944448843,0.007622036638512235
3123,-0.9482881177035075,-0.7574408246141509,0.19084729863077643,-0.5661703762816326,-0.2834211110313719,0.8488985823842297,-0.3399377479358894,-0.2496049378172653,-1.2454565501852597,-0.49357548881897684,-0.08952931710412998,0.030128158404999352
3124,-0.9313295454400854,-0.7221708554896956,0.20915867187624368,-0.5681886726314975,-0.2540287992573415,0.8230026233049572,-0.3592032867444351,-0.26712039890186445,-1.2697126497492088,-0.5099561959051508,-0.10834163599733371,0.018775719966126682
3125,-0.9208107510934228,-0.7067488624057282,0.2140618808042735,-0.567251754362448,-0.24330272207523235,0.810004498638524,-0.37369374432493374,-0.2827771966076216,-1.2877428985925685,-0.527824093055923,-0.1204899339661998,0.007922541750210971
3126,-0.9298884687335982,-0.7698257325243281,0.16006275484757843,-0.5411645902678729,-0.30488146088091217,0.8460460511487851,-0.3582357062840022,-0.2667712829303753,-1.2728801634799725,-0.5182984797698891,-0.09908647571821189,0.022866110497983837
3127,-0.9255776088779348,-0.7761529733762398,0.14942460105592079,-0.5357096736592546,-0.31021842160088686,0.8467267373875852,-0.36057932868054454,-0.2637122763356785,-1.2801526060225847,-0.5207474727200964,-0.10234481040869985,0.01947458119510804
3128,-0.9149613675408413,-0.7417354932610926,0.1732258024238542,-0.5459685645685123,-0.2819563206016288,0.826235925502211,-0.3705864053287986,-0.26760642760121595,-1.2933012312837158,-0.5305897249467408,-0.10522025248172642,0.013673041772739746
3129,-0.9146071026733,-0.7818170082645027,0.13279004692738353,-0.5220501299370246,-0.3244737420597158,0.8488842040853022,-0.36232971834315447,-0.25373334819952564,-1.2824739160148728,-0.5211491981454751,-0.08477356256078963,0.028135994720188087
3130,-0.9222664443264759,-0.815557878967062,0.10670850944448843,-0.5106764180861498,-0.35061368187687986,0.868912124370152,-0.3658577679677414,-0.25152719683951374,-1.2805020387806274,-0.5182984797698891,-0.0838423989465046,0.030488146554048932
3131,-0.9337514544900595,-0.7819351838346398,0.15181620486560019,-0.5419520351539429,-0.3108429666970589,0.8548908233701147,-0.3797863729540127,-0.25981058038182636,-1.2869065991055664,-0.5260581498183984,-0.09226746276830963,0.022563652166228042
3132,-0.9383621991905626,-0.7964970135091942,0.14186516405683205,-0.5405383238471658,-0.32351641039005474,0.8628141131512588,-0.37505710039894014,-0.250955031406949,-1.2812936715709065,-0.515845937577569,-0.08392490938078576,0.029630392417937537
3133,-0.935214212537421,-0.8516627905459485,0.0835514380401499,-0.5092624593852911,-0.3809000119839864,0.8905441813211633,-0.3627375814292977,-0.24324853800865795,-1.2682158358808615,-0.4985237884054471,-0.07471687798009069,0.03993593597050662
3134,-0.9298884687335982,-0.8384240267416627,0.09146444199193535,-0.5106764180861498,-0.37347979237486373,0.8841562477376304,-0.3658577679677414,-0.25152719683951374,-1.2728801634799725,-0.5030543936790275,-0.0838423989465046,0.030488146554048932
3135,-0.9267016713167496,-0.8245222102144127,0.10217945231561942,-0.5143591415393081,-0.3613294154591835,0.8759499249620534,-0.3634743226893743,-0.25270889837038213,-1.2812194416939195,-0.5062522121165771,-0.09254776881542583,0.0212568660965763
3136,-0.9372553529317638,-0.8728830948351711,0.06437227905043763,-0.5011631364008202,-0.4045206461828848,0.904665602543058,-0.34585978541035506,-0.25153925975226094,-1.2714354967003658,-0.4937163323354118,-0.08716795112434653,0.02781049307446546
3137,-0.9459034353017013,-0.8744164133331062,0.0714870395695749,-0.5079667608874411,-0.40066352661156157,0.910457800416616,-0.34527217716495245,-0.26411964096702095,-1.27785802146692,-0.5011568518202807,-0.09817025120579811,0.015280902153535496
3138,-0.952754541954965,-0.8460460511487851,0.10670850944448843,-0.5259205414536282,-0.3658577679677414,0.899400296551875,-0.35061368187687986,-0.2743933073374976,-1.3033682611084618,-0.5259205414536282,-0.12195258621619573,-0.007622036638512233
3139,-0.9743771665050494,-0.8970935294228242,0.07728367274646798,-0.5216141135599948,-0.40604244652191035,0.9352808292894688,-0.32847777758481045,-0.26909235052060776,-1.2993514177675825,-0.5276408686460501,-0.12341411458694453,-0.0029229795840201175
3140,-0.9927320087411811,-0.9462313378905005,0.04650064644935396,-0.5162478881308286,-0.4456549256745019,0.9704223717067364,-0.3127378308031669,-0.2662697367261788,-1.2942001004779513,-0.5293003185647156,-0.12673034981649445,-0.004477285346126628
3141,-1.0007687634611482,-0.9309534614622922,0.06981525828068244,-0.5311983196574667,-0.4277011445546766,0.9645916853422776,-0.32432746328599316,-0.27904638212207794,-1.3191858134018617,-0.5594385014766772,-0.15478848342390464,-0.03277618119139809
3142,-1.0213528361722997,-0.9679985907692097,0.05335425472224421,-0.5335425658607506,-0.45732220995967676,0.9908647385438105,-0.32012550969515685,-0.28201535038292835,-1.3262343343298288,-0.571652725172979,-0.1676847978930092,-0.04573222099596767
3143,-1.040982092813709,-1.0375320423804348,0.003450053456523353,-0.5187622569922644,-0.5144869975008829,1.038380169622327,-0.3037500177639454,-0.27284585600267414,-1.3140228460790524,-0.5652869194320949,-0.1684904810562281,-0.04785980193211143
3144,-1.0429148116723748,-1.027201448610369,0.015713381719096215,-0.5247707490406046,-0.5010019080176309,1.0352346671242076,-0.31634860128506925,-0.2855727868107578,-1.3370714795764664,-0.5958343511430898,-0.19713683644300847,-0.07046907147438781
3145,-1.045934756696032,-1.0199097346004211,0.02602507700123272,-0.5332347230968779,-0.49359577855799114,1.0335380724380563,-0.3277836953512433,-0.29785104600604234,-1.3576685491396068,-0.6190044294681564,-0.21396929087862618,-0.08536521204919467
3146,-1.0594630327611452,-1.0823291805357458,-0.022866110497983837,-0.5182984797698891,-0.5487866146749952,1.0747071561286234,-0.3125034852880345,-0.28201535038292835,-1.3414783831440735,-0.6021408973547021,-0.19817295143642377,-0.07622036522022804
3147,-1.0609411961498094,-1.0898496492988707,-0.028908408487925932,-0.5135171523281179,-0.5552275969326773,1.0770476212041804,-0.30876564444260707,-0.2770978069928629,-1.3409798799404185,-0.6034120256521949,-0.2004461036439437,-0.07906939947179178
3148,-1.0550896906182299,-1.047489845867129,0.007599884253215425,-0.526316134733523,-0.5166425187238013,1.04956359205546,-0.3168547060781053,-0.2910326055793994,-1.358959122063825,-0.6155518167437861,-0.21113312163073983,-0.08953035387592116
3149,-1.0628165231882094,-1.075315017579135,-0.0124985146437477,-0.5224651680202405,-0.5396396437317437,1.0706390481623587,-0.3078376010868201,-0.2844962302276674,-1.349757912181879,-0.6043539505263363,-0.20125155033427145,-0.07804139576102218
3150,-1.0747071561286234,-1.0975732293499905,-0.022866110497983837,-0.5259205414536282,-0.5564086763587344,1.0899512049428681,-0.30488146088091217,-0.2743933073374976,-1.3414783831440735,-0.6021408973547021,-0.19817295143642377,-0.0685983268343744
3151,-1.0695508250073154,-1.0460081815322366,0.023542620939886155,-0.5467929314533939,-0.5107148343195577,1.0585437018273993,-0.318002608073888,-0.28613329767471163,-1.3536581086307062,-0.610453276799254,-0.21034038779106407,-0.08026875915457785
3152,-1.0645851631020085,-1.0520133705484844,0.01257175425167948,-0.5382534862923356,-0.5186427175443777,1.059052417241172,-0.31455925068489166,-0.28611292119250875,-1.3480214502370171,-0.598691710167175,-0.21245786569682676,-0.08330803168367767
3153,-1.080516231884571,-1.112849956143893,-0.03233375372748585,-0.5243675923069805,-0.5677479047046282,1.1018033860751788,-0.30227489084363507,-0.2695964929428789,-1.3274919828936294,-0.5838588654473642,-0.20336805629739346,-0.07396547115732298
3154,-1.0899512049428681,-1.0975732293499905,-0.007622036638512233,-0.5411645902678729,-0.5487866146749952,1.0975732293499905,-0.3125034852880345,-0.2743933073374976,-1.3338563587369512,-0.5945188729475798,-0.21341701888897685,-0.0838423989465046
3155,-1.0814706388826396,-1.0719698856021096,0.009500742450694575,-0.5449896906165266,-0.5309663295241828,1.0764925031635144,-0.3172517696625879,-0.2791011803881056,-1.3381299156983402,-0.5988511104974918,-0.22462308791400915,-0.09420274839094302
3156,-1.08667953212682,-1.1101253729835108,-0.023445809037002992,-0.5326856791066515,-0.565426624830425,1.1008302376746326,-0.2993724419010458,-0.26082167060117595,-1.318718570340394,-0.5833970040193035,-0.20763752309723094,-0.0822721829115939
3157,-1.0862636222237703,-1.0968338365011523,-0.010570191608483829,-0.5364289101232586,-0.5490312710374932,1.0948016630609598,-0.30173947918036853,-0.26486318546727344,-1.3239654629776343,-0.594214277311678,-0.21224864496885282,-0.09085833487403384
3158,-1.0747071561286234,-1.0442189839469005,0.030488146554048932,-0.5487866146749952,-0.5030543936790275,1.0594630327611452,-0.32012550969515685,-0.2896373934283591,-1.3491005566576633,-0.6173849834455636,-0.23628312938696067,-0.11433055248991919
3159,-1.0794510769850343,-1.066918140374747,0.012532934033108784,-0.5455744521809683,-0.5266310104447717,1.0733286337751031,-0.31068047371395396,-0.28626053487872233,-1.3394521506806276,-0.6069886192558493,-0.22129866464665604,-0.1048773863041653
3160,-1.0770635949132594,-1.0866452025611582,-0.009581636237534856,-0.5320018325852838,-0.5482845526525615,1.0799601627517346,-0.3012062750540739,-0.27988128171082877,-1.3285604523652337,-0.6000303096258586,-0.2092149081603616,-0.0967207432577123
3161,-1.0624305791965536,-1.0439297452840264,0.018500774624576683,-0.536800380350575,-0.5127414890438889,1.0494655601264353,-0.31902282283865885,-0.2948289054273578,-1.347420900897084,-0.6132872583787738,-0.22658073126444683,-0.11140085813319672
3162,-1.067085131721501,-1.0518410829072564,0.015244073277024466,-0.5411645902678729,-0.5182984797698891,1.0594630327611452,-0.32012550969515685,-0.2972594364737899,-1.3491005566576633,-0.6097629217618243,-0.2210390619344076,-0.10670850944448843
3163,-1.0696644936034925,-1.0866139569175401,-0.01694944655937825,-0.5267866065962454,-0.5515574392813828,1.0788536485425593,-0.30405427224647,-0.2886453097826521,-1.3321142777613755,-0.6001252231435795,-0.20445446602257114,-0.09151239018274067
3164,-1.0562208819080858,-1.0479283856926789,0.008292392956857027,-0.5320620272065526,-0.5203983927725294,1.0511692954436882,-0.31619043319487794,-0.29669733942969145,-1.343994284692034,-0.609648049984233,-0.21715372454076343,-0.09873378252064047
3165,-1.0514608544097805,-1.0217063060374911,0.029754485378823445,-0.5405018031901092,-0.49501429519633267,1.037573267296533,-0.32769517903436746,-0.30560390593368514,-1.3559402325401444,-0.6173195195048968,-0.22988737102258464,-0.10747473170538124
3166,-1.0594630327611452,-1.067085131721501,-0.007622036638512234,-0.5259205414536282,-0.5335425658607506,1.067085131721501,-0.3125034852880345,-0.2972594364737899,-1.3414783831440735,-0.6097629217618243,-0.2210390619344076,-0.09908647571821189
3167,-1.055028041755918,-1.0667745209976736,-0.011746446683960285,-0.5224342417655304,-0.5378088679184064,1.0628668114543673,-0.31380562267487583,-0.29403601066321533,-1.3416760914419432,-0.6117673872874311,-0.22346446855385121,-0.10156218901411185
3168,-1.045607673905167,-1.0288829638735715,0.016724659718504273,-0.5283306758634714,-0.5075639399666164,1.0334864699744444,-0.327284211353878,-0.30144230626556173,-1.3556030721975045,-0.6235784472255145,-0.23502680969560846,-0.11368154301225505
3169,-1.0571768749961474,-1.0611447423406255,-0.003967924166824715,-0.5237159076038612,-0.5311844506961916,1.057073537037316,-0.3117828438259187,-0.2913777820454511,-1.3400122786466973,-0.6094610788749988,-0.22183994014302127,-0.09941135620276498
3170,-1.0747071561286234,-1.0823291805357458,-0.007622036638512231,-0.5335425658607506,-0.5411645902678729,1.0823291805357458,-0.2972594364737899,-0.28201535038292835,-1.3338563587369512,-0.6021408973547021,-0.21341701888897685,-0.09146444199193535
3171,-1.0743876600113298,-1.0182594821327524,0.056128219201359776,-0.561998361915461,-0.47751721583934226,1.0480423731758501,-0.30837824929905894,-0.29796540944824634,-1.3621993498072897,-0.6309592717447516,-0.23647850083689084,-0.11642676078479924
3172,-1.0784465030570332,-0.9850433040407829,0.09340323035936487,-0.5837878046116185,-0.4412278470895942,1.0291615450800202,-0.31078829008582465,-0.31045210554994407,-1.376432520222418,-0.6459042175304041,-0.2488047346527145,-0.11930975784784846
3173,-1.0941841702320931,-0.9840535103915724,0.11013066789159986,-0.6019982104692769,-0.4343517365354233,1.03492890184403,-0.30276377126984655,-0.31502076806738477,-1.383768656754849,-0.6527209991316386,-0.24304876169056136,-0.10364598245014608
3174,-1.0975732293499905,-0.8917782721447527,0.20579499448185457,-0.6478731183506697,-0.34299165746975757,0.9908647385438105,-0.3125034852880345,-0.34299165746975757,-1.4253209498353538,-0.6936053393466374,-0.25914923988494454,-0.11433055248991919
3175,-1.08984115410125,-0.7755216573328704,0.3143195164568582,-0.6980167199906715,-0.22758953896152095,0.93211538272315,-0.3194506612875326,-0.37370972083292253,-1.4624869154501285,-0.7315136610649876,-0.2763348199064881,-0.11538074190889537
3176,-1.0926985564509022,-0.7217352745818777,0.37096325743196756,-0.7277396649899961,-0.17241988088356186,0.90613006995649,-0.3223327611757868,-0.3955776550399438,-1.4854686434632578,-0.7556799602546418,-0.26724008445212133,-0.0872379130244061
3177,-1.0972827428131997,-0.6143403057397541,0.4829424633909538,-0.7872679960921172,-0.06708705153116522,0.8510245077488144,-0.3578475197413449,-0.44785869977983783,-1.535760608835769,-0.8030376629217851,-0.271916262478181,-0.0757128754924069
3178,-1.0899512049428681,-0.45732220995967676,0.6326290695364251,-0.8612901745162636,0.0838423989465046,0.7698257325243281,-0.4039679645565868,-0.5106764180861498,-1.5930056358985125,-0.8460460511487851,-0.28201535038292835,-0.0685983268343744
3179,-1.07783666697472,-0.3842059517162939,0.6936307348280017,-0.8827804553454848,0.15030967997941025,0.7304284023316132,-0.42450747967926106,-0.5391978079291202,-1.6163927994516427,-0.848269392447839,-0.2479471835391473,-0.02642793515933279
3180,-1.0657711082571584,-0.32559781079802586,0.7401732899317031,-0.9001048498558255,0.20566385472784038,0.6959821746876739,-0.4654399272499468,-0.5784321857496731,-1.6407641734444236,-0.8471682028801606,-0.19410605053618812,0.024523026075868114
3181,-1.0402697754885017,-0.19641490236522965,0.8438549036396146,-0.9429678651632888,0.3238510794892344,0.6181968972822067,-0.5457220747291818,-0.6477625822637652,-1.680462774343992,-0.8533373517014071,-0.13934158078323555,0.0698124518404469
3182,-0.9908647385438105,-0.10670850944448845,0.8841562477376304,-0.9375104931407205,0.38872384118910835,0.5487866146749952,-0.625006970576069,-0.7012273637537597,-1.6997141267046925,-0.823179977927418,-0.03811018261011403,0.14481869671417957
3183,-0.9229041411754153,-0.06498538185056188,0.8579187522341398,-0.8899486231675788,0.39714222576208186,0.4942344082637945,-0.7261667736890212,-0.760787454615236,-1.711153209371734,-0.7696022828670677,0.09423776176861073,0.24187039015457792
3184,-0.8508625171984985,0.016522649873818424,0.8673851976786767,-0.8597768095426908,0.4393101072216298,0.4156206568895535,-0.8972185303842567,-0.8664197324983892,-1.7475122141523083,-0.7261867633637255,0.22191876149199585,0.3401794881872581
3185,-0.7712579304872403,0.06718753722534122,0.8384455175266841,-0.8040507051743068,0.4497466032770755,0.3473651080170717,-1.0914514214995732,-0.9656946503288105,-1.7700665455202167,-0.6565642586056224,0.39170182970081535,0.4652886817998736
3186,-0.6707391915720368,-0.007622036638512231,0.6631171671649144,-0.6631171671649144,0.32774757137889604,0.3353695957860184,-1.2805020387806274,-1.0365969595397782,-1.7606904710681386,-0.5411645902678729,0.6097629217618243,0.6173849834455636
3187,-0.559613809663538,-0.1364885911191263,0.42312519023723216,-0.48679594388102754,0.14039730475746712,0.3476456816445009,-1.4985399438950384,-1.120531029827199,-1.7573293448527454,-0.4241699204865147,0.8123900706675855,0.7483835592824666
3188,-0.46473698017795856,-0.33242463352801377,0.13231230671104977,-0.29709909262206763,-0.10294345795536233,0.3983150735033911,-1.726255465109985,-1.2007351250393077,-1.758263413688057,-0.31575761370880573,1.0054389910209762,0.8538940269598254
3189,-0.38464549078974297,-0.7067864148266527,-0.3221409316240682,-0.030988887487553917,-0.5135647906591012,0.5465210965323529,-1.9193813308622967,-1.2466446057109761,-1.7339946458373088,-0.19442489046545622,1.1961812423059208,0.9536579514329503
3190,-0.30488146088091217,-1.1814156469348036,-0.8765342233305082,0.28963739342835915,-1.0289749351326558,0.7469595847497275,-2.088437967893801,-1.2805020387806274,-1.7149581755189371,-0.0838423989465046,1.3414783831440735,1.0137308863184111
3191,-0.23227297161168767,-1.6491945844128053,-1.4169216854923696,0.5970835036348667,-1.5335858395303268,0.944677003642274,-2.237033053583164,-1.3112300069772942,-1.719596940465381,-0.00599491735080501,1.4373363518582127,1.0169931199729962
3192,-0.1821838755976597,-2.2002375946018695,-2.018053621330002,0.9192134283910425,-2.107465914379546,1.1952408035311075,-2.3402636348075125,-1.3213461914384692,-1.7166051075316542,0.059091515733663176,1.509779217798709,1.0099334672613471
3193,-0.14879532169885415,-2.7955647815482783,-2.6467692480792393,1.2492903317232764,-2.716458131786485,1.4752451280917132,-2.3894607309098896,-1.301541594409451,-1.7016408711998423,0.11641277981978379,1.5605563705948577,0.9996736362352411
3194,-0.11433055248991919,-3.254609789674061,-3.140279125354291,1.5167852427208217,-3.1936332962041476,1.6844700778904478,-2.4161856138259306,-1.2728801634799725,-1.6997141267046925,0.14481869671417955,1.5701395626771455,0.952754541954965
3195,-0.08184501400144865,-3.6180869545538767,-3.5362418057029594,1.7320259903398252,-3.5772086019615306,1.8521121832945155,-2.4182961100529625,-1.2280551943908558,-1.6821638224727753,0.16996015554633126,1.557087085257901,0.8970120983391481
3196,-0.06988197027035387,-3.9699860838363277,-3.90010387949358,1.9162754443749255,-3.9327822404825348,2.025587365900465,-2.3721192415182584,-1.144841197404611,-1.6316013363093285,0.21311076626076725,1.5507963737428108,0.8621333650751779
3197,-0.06625467998750509,-4.175852519716391,-4.109597708670825,2.0217987189738307,-4.139441455603105,2.1231322798581145,-2.3140739900192084,-1.0675943002590476,-1.5869386564517476,0.22941300797011208,1.5144262843421272,0.809115071410267
3198,-0.06097629310809787,-4.237852131044581,-4.176875935787602,2.0579498702653116,-4.207364331629026,2.149414312257247,-2.2637449765770166,-1.0137308863184111,-1.5548953647564334,0.21341701888897685,1.4481868739502535,0.7393375603426051
3199,-0.06405424057361576,-4.30810569988466,-4.244051614200871,2.0891000303189005,-4.273609136691517,2.189528074511919,-2.185723972896672,-0.9397013057950323,-1.506525899415712,0.2009839839147554,1.3894105862622752,0.6928417658421125
3200,-0.07946062085241652,-4.324680396973717,-4.2452197385831205,2.0858542377874323,-4.280188480802587,2.204216258066815,-2.1065424604106813,-0.8782520128514553,-1.4822639519916379,0.14725632487093288,1.2909835146391726,0.6372995424749344
3201,-0.1114118342094886,-4.217114924127858,-4.105702941072349,1.9999290950815964,-4.157974395268134,2.1642358265498283,-2.056265816071375,-0.8685937102723812,-1.5151661387543434,0.022798765616839942,1.1332696876690145,0.5480976437675646
3202,-0.16006275484757843,-4.115899740530623,-3.9558369297681195,1.8978870595028077,-4.032057472052278,2.1417922878501248,-1.981729477087621,-0.8612901745162636,-1.5548953647564334,-0.1143305524899192,0.9756206897295658,0.47256625877392133
3203,-0.21020696404885392,-4.021253294817999,-3.8110463745359224,1.8038252930850731,-3.914641931183862,2.120564849405289,-1.8706686343953318,-0.8403064691858808,-1.5834034623215412,-0.25157134988088753,0.8153534481079571,0.40397701292520416
3204,-0.2693084043524847,-3.836442248368095,-3.5671339927478343,1.6507600021570201,-3.7035096600369837,2.0542463860536024,-1.7724426749593984,-0.8387080063036524,-1.6402155231216065,-0.4166188544780242,0.6254427704279824,0.3023733394436988
3205,-0.3462782749895571,-3.6490002290535815,-3.3027221063368604,1.4787109998468915,-3.4741883798998114,1.997436924744781,-1.6513106744723707,-0.8164061065517094,-1.6841015080149855,-0.5581374403978273,0.44771573603084713,0.20927697536750975
3206,-0.41921201337083136,-3.5290029665433993,-3.109790729512867,1.3491005566576633,-3.3155859849310394,1.9741074526804985,-1.4786751206852102,-0.7469595847497275,-1.6768480534833254,-0.6402510193903137,0.30488146088091217,0.14481869671417955
3207,-0.4802249775143624,-3.361526706119493,-2.881301242969484,1.2014216224008656,-3.1209838432663255,1.9209559656090491,-1.308877685504283,-0.6812320623635844,-1.6579912132237686,-0.7087060261254158,0.1619064718115858,0.061453671094654036
3208,-0.5515942840767306,-3.159355376922033,-2.6077610196936107,1.029182109098091,-2.882092950939486,1.8553245515932992,-1.1499415239626396,-0.6177077414881282,-1.6355886207413703,-0.7654018521237522,0.02843054477112852,-0.023522144626197262
3209,-0.6241075024440994,-3.036327064244605,-2.412219837766523,0.8985024436678722,-2.7199284828690455,1.8303582487211847,-0.977415149441624,-0.5216488134242161,-1.5906486427194593,-0.7774768220548899,-0.06788158462824556,-0.0773732169656256
3210,-0.678361215979159,-2.9192398211218737,-2.240878754249182,0.7850697813385727,-2.5762484245884343,1.79880059310375,-0.823179977927418,-0.4420781238688152,-1.5548953647564334,-0.7850697813385727,-0.16006275484757843,-0.1371966536687488
3211,-0.732436568885009,-2.739759133475764,-2.0073225924754063,0.6416482067140867,-2.369522084451503,1.7358214469328417,-0.7005361028665885,-0.4069645763194314,-1.5420079240920241,-0.8196144312592414,-0.2660705278784899,-0.2143872159019371
3212,-0.7982103495053121,-2.623241942914162,-1.8250315471991685,0.5149173866891734,-2.2221282323813383,1.7112754678856865,-0.5849087180715571,-0.3645251873475134,-1.5257920191569896,-0.8426202185328501,-0.3483516541428424,-0.2683788694752357
3213,-0.8555338013574896,-2.5669085361045187,-1.7113748051872688,0.4284367739931452,-2.139222856973168,1.7106407774063999,-0.4754129962647481,-0.3117887894219983,-1.5001657733082778,-0.8485546549591285,-0.410247148211351,-0.30079331279718885
3214,-0.9070223209589974,-2.4466735623479523,-1.5396514650486561,0.32012550969515685,-1.9893515014947432,1.6768480534833254,-0.39634590287284754,-0.2896373934283591,-1.493919169499455,-0.868912124370152,-0.4801883204576606,-0.34299165746975757
3215,-0.9638937764343246,-2.321904113443339,-1.3580103369901197,0.19836788086176427,-1.834861466320735,1.6465580174941399,-0.333769364468808,-0.2754263127704575,-1.4961930942702615,-0.8847565848649624,-0.5373995378000963,-0.3816057552991333
3216,-1.017401041564064,-2.2674116446171344,-1.2500105151219083,0.11544172948870823,-1.757993656069909,1.644289898756898,-0.26669611479201594,-0.24518204654913123,-1.4782421015077907,-0.875913203495199,-0.5647743243722392,-0.3966421632079563
3217,-1.0689872586507236,-2.1600252603532906,-1.0910380210044854,0.011293880431177503,-1.6246900822846577,1.6146894422609228,-0.2127901187042819,-0.22311415780916527,-1.4567505677856825,-0.8670348232710118,-0.588230874831288,-0.4097122161166975
3218,-1.120439377124591,-1.9969736750083331,-0.8765342233305082,-0.1219525862161957,-1.4329428251360088,1.5625175382700232,-0.1829288839838707,-0.21341701888897685,-1.4481868739502535,-0.8612901745162636,-0.6097629217618243,-0.4268340377779537
3219,-1.1520769607580952,-1.9024134766210445,-0.750336463352113,-0.1983397142361609,-1.3250165760147206,1.5316005234693766,-0.14526846617996209,-0.18762100001357246,-1.4178249318762188,-0.8258473608598809,-0.6026667702150013,-0.4197648344392663
3220,-1.1659231522870541,-1.816068576724263,-0.6501454980807636,-0.2528288229225287,-1.2343770910502336,1.4943164595750864,-0.09958098357055188,-0.15173626580097954,-1.3687875446389675,-0.7716973600883974,-0.5789913690157217,-0.39569790988035825
3221,-1.1763653796158893,-1.6568331604683284,-0.48046776980634365,-0.3453110413282756,-1.0675061352457544,1.4206332256981071,-0.07910411769426343,-0.13147180667732908,-1.341003953379232,-0.7370116153145712,-0.5696207033770093,-0.3875960143038374
3222,-1.1814156469348034,-1.5396514650486561,-0.3582357062840022,-0.411589988963709,-0.9451325175478427,1.3643444563654403,-0.060976293108097865,-0.10670850944448843,-1.3109902855155842,-0.7012273637537597,-0.5487866146749952,-0.37347979237486373
3223,-1.1805823306693484,-1.4772588027946636,-0.2966764695044782,-0.4420743040787376,-0.8828042630689187,1.3328155296237476,-0.023853003038048687,-0.06910520423263693,-1.2558398632509162,-0.6468998730135966,-0.5014703607709043,-0.33733592520611394
3224,-1.1791985364248416,-1.3619462468704322,-0.18274783708936793,-0.4981579109107649,-0.7700945009808292,1.273076835672151,-0.008612859420963369,-0.05492997063430386,-1.2258601317837943,-0.6138729899873786,-0.46946385189809525,-0.31778010986755395
3225,-1.1684045894198944,-1.251856283278442,-0.08345174383243893,-0.5424868397861636,-0.6685331639540153,1.2091122793623577,-0.0031740739491207043,-0.04910492168881385,-1.2113995609566661,-0.592359070970296,-0.44928877021434865,-0.30653977393180754
3226,-1.1585495737134364,-1.2347699668911272,-0.07622036522022804,-0.5411645902678729,-0.6554951427577921,1.196659695749048,0.022866110497983837,-0.022866110497983837,-1.173793622527681,-0.5487866146749952,-0.41921201337083136,-0.2743933073374976
3227,-1.1539684293152173,-1.2002543360142004,-0.046285935432606284,-0.5540286431347364,-0.6196992775575615,1.180947996885102,0.028803275187727788,-0.007300127143292553,-1.149679507765127,-0.5192629218777846,-0.399617461569447,-0.25267602317378685
3228,-1.137594665190174,-1.1189967316206806,0.01859792554977299,-0.5766943189508454,-0.547925893353183,1.1290844994386116,0.012315629516383602,-0.008031409692809383,-1.1514925688709141,-0.5162972783268679,-0.38702802850162343,-0.24838515285476115
3229,-1.1252689774972864,-1.1106368680824417,0.014632154524453857,-0.5651738646208244,-0.5486008544134197,1.1126213342931233,0.021424717166671964,0.007149796646058181,-1.1331527000931187,-0.49060668855542366,-0.3655525047074751,-0.22719813662832122
3230,-1.1280614015317134,-1.120439377124591,0.007622036638512231,-0.5640307007658567,-0.5564086763587344,1.120439377124591,0.030488146554048932,0.022866110497983837,-1.1128173527174687,-0.4649442343667991,-0.35061368187687986,-0.21341701888897685
3231,-1.126487261278772,-1.0544227529915036,0.07206450707605633,-0.599129111882458,-0.490954551302272,1.090524418306697,0.01637092606626133,0.021743955974326865,-1.113491849690703,-0.47155833039980655,-0.34514846758516016,-0.2216671308429295
3232,-1.1334019259140957,-1.0318244232648675,0.1015774947916752,-0.6158066809895303,-0.4653460767292466,1.080691490198147,0.02687034343423787,0.034609421795342946,-1.0963561031551565,-0.4581667636449804,-0.3331114871947448,-0.2072067000730194
3233,-1.1448732145068672,-1.0663647340484836,0.07850846583221241,-0.6074155865654796,-0.4938214692083819,1.1014811349036562,0.05151311575152941,0.060690599669729714,-1.0654952743450317,-0.42504325510632607,-0.3134366887280098,-0.18662762626566812
3234,-1.143305450345958,-1.0289749351326558,0.11433055248991919,-0.625006970576069,-0.45732220995967676,1.0823291805357458,0.04573222099596767,0.060976293108097865,-1.067085131721501,-0.4268340377779537,-0.30488146088091217,-0.19817295143642377
3235,-1.1416054666504847,-0.9796112413761128,0.16199426513748824,-0.6478761375043502,-0.408846786454123,1.0565414954827168,0.045978941750804685,0.06074299279366889,-1.066545480216856,-0.42718940766111846,-0.30082036362742703,-0.19803503336890455
3236,-1.139457434591879,-1.0032734357027608,0.13618397419680953,-0.6354696112982938,-0.4335289774705165,1.069243278242913,0.07031412123710819,0.08970582479657664,-1.037564304761569,-0.39723216988406174,-0.2867098135874426,-0.17308673414142936
3237,-1.1183650226866142,-0.9908272187978912,0.12753779186350256,-0.6237389804065978,-0.4316361090633676,1.0551800986382183,0.07352965734770517,0.09583761081188039,-1.0300730330498589,-0.39145034725486744,-0.28257298936548003,-0.17013454048019708
3238,-1.0975732293499905,-0.9298884687335982,0.1676847978930092,-0.6326290695364251,-0.381101816781986,1.0137308863184111,0.060976293108097865,0.07622036522022804,-1.0442189839469005,-0.411589988963709,-0.2896373934283591,-0.1829288839838707
3239,-1.0860564012339884,-0.9333243946989254,0.15273201276732673,-0.6187220492435094,-0.39036707419470157,1.0093619595692764,0.0660569810965564,0.08512705048930506,-1.0331897034112152,-0.4076386343715032,-0.283677077048537,-0.17790020180196525
3240,-1.070564937858264,-0.9475551653421034,0.12300975863322436,-0.5979894038598059,-0.4121100427085389,1.0095984541516947,0.0659042517299907,0.09484370397155259,-1.0280328098315792,-0.4038102739098689,-0.2866060343104402,-0.17683932916051415
3241,-1.0681323667377598,-0.8913621235911205,0.17677028136966877,-0.6209991524103985,-0.35750648264834567,0.978985812630918,0.046566596676820525,0.07681455985532902,-1.052471499239999,-0.42872851061503126,-0.3151322028768049,-0.19859018624864944
3242,-1.0823291805357458,-0.8612901745162636,0.2210390619344076,-0.6478731183506697,-0.32012550969515685,0.9679985907692097,0.03811018261011402,0.0685983268343744,-1.067085131721501,-0.4497001482759375,-0.3353695957860184,-0.21341701888897685
3243,-1.087372016070947,-0.8657292144042352,0.22164281531910096,-0.6540010419981613,-0.3192414603272106,0.9720220071037238,0.03536127153002937,0.06636648448852107,-1.0692072849255674,-0.4590806164903678,-0.34384666547066534,-0.2213346470014203
3244,-1.095753022562246,-0.7982826630894463,0.2974703488105648,-0.6951102273320617,-0.24565954701683682,0.9453819015017805,0.014737164846466594,0.04423859684906138,-1.0892466494221833,-0.4801698081947561,-0.3696886546330673,-0.2487426174175453
3245,-1.1071325335855853,-0.7218934038433845,0.3852391365606802,-0.7422490852647157,-0.1654838345324799,0.9147978507615648,-0.003801950928229331,0.027621593488517164,-1.1080814849021645,-0.4990892170083311,-0.39390366401208377,-0.2712476114735979
3246,-1.1128173527174687,-0.7317155359354828,0.381101816781986,-0.7469595847497275,-0.17530684093843993,0.9222664443264759,3.8342289493323637e-19,0.030488146554048932,-1.1051953283103464,-0.49543236927190526,-0.39634590287284754,-0.2743933073374976
3247,-1.123362401197952,-0.7217924442621739,0.4015699457738193,-0.7635975077937847,-0.1604654836784417,0.9227334079075726,0.002165026534688615,0.026065724930070828,-1.10247141641217,-0.48781755840738356,-0.40063481904873216,-0.28464447623004147
3248,-1.1297665789265448,-0.6567726714483173,0.4729939401606237,-0.7987565952956867,-0.09140241369448016,0.8918438489485512,-0.0019553872266021297,0.02106858435075787,-1.1055142292233315,-0.48459253084856463,-0.4049491873548863,-0.2938491300728806
3249,-1.1257393460505705,-0.6568144815023956,0.4689248859261983,-0.7935092400730035,-0.09437549971208001,0.8865636829840234,0.015668773412400614,0.03761178576586883,-1.0886893526458388,-0.46292449160387106,-0.38965687401895716,-0.28582892277240746
3250,-1.1280614015317134,-0.678361215979159,0.4497001482759375,-0.7850697813385727,-0.11433055248991919,0.899400296551875,0.030488146554048932,0.05335425472224421,-1.067085131721501,-0.4420781238688152,-0.381101816781986,-0.28201535038292835
3251,-1.124339915717861,-0.6212877467174953,0.5030521560313785,-0.8094809113023481,-0.05599103499172257,0.8725045467403482,0.02242471287039133,0.05729555845137092,-1.060746431866504,-0.4426740535378647,-0.3886356952947823,-0.28836118598853877
3252,-1.1085530281220883,-0.5946803505925445,0.5138726746313885,-0.8092276260465567,-0.03634352482593818,0.8502579607938555,0.03528161833562289,0.07474919142294781,-1.046746808930143,-0.42990144574612893,-0.3788787953655945,-0.287004962006474
3253,-1.1051204812383766,-0.6372845684726751,0.46783586083434003,-0.7870395967878862,-0.08085665365683337,0.8666036494426664,0.058329813681758345,0.09697448129291947,-1.0206141120007914,-0.4049047075491625,-0.3623331849037765,-0.28068571368600576
3254,-1.1051953283103464,-0.6097629217618243,0.49543236927190526,-0.8003138301528174,-0.05335425472224421,0.8536680755559074,0.05335425472224421,0.09908647571821189,-1.0213528361722997,-0.411589988963709,-0.37347979237486373,-0.2896373934283591
3255,-1.086602678956522,-0.5533016762689648,0.5333010262003847,-0.8072042859346193,-0.008978215455697939,0.8167995285070477,0.05916376889324096,0.10619550285924934,-1.0264026060805207,-0.42249466593573154,-0.3834627152718594,-0.2986880225367694
3256,-1.0783807603476996,-0.5859786914836083,0.49240211571522696,-0.7803484883575719,-0.04757416804752133,0.827192720460893,0.08712579980284124,0.13110749658113963,-1.003027419864811,-0.40646052728565246,-0.37253819334520183,-0.2902095446771003
3257,-1.0823896823320365,-0.5915622858234691,0.4908274250354983,-0.7841969989364407,-0.04992428815705122,0.8345996085037013,0.08722149047623012,0.13479130760914676,-1.002770844210417,-0.4085993842578035,-0.3784823233651047,-0.29310908599811325
3258,-1.0823291805357458,-0.5335425658607506,0.5487866146749952,-0.815557878967062,0.007622036638512234,0.8079359291131736,0.07622036522022804,0.12957461994247227,-1.0213528361722997,-0.4268340377779537,-0.39634590287284754,-0.30488146088091217
3259,-1.0819931907891442,-0.551907827239747,0.5300853340898305,-0.8028631484677556,-0.01140376035016307,0.8136978260388734,0.10200293826684004,0.1562408457252004,-0.9947503194688381,-0.40698486494428615,-0.3866840393964699,-0.28946935312544514
3260,-1.0793351231151938,-0.5886673097682491,0.4906677783780611,-0.7823745013064444,-0.04804964958796437,0.8315881964878375,0.127513384560948,0.17939120169389725,-0.9721548105769604,-0.3856548395055873,-0.37752242760065896,-0.27493178581110905
3261,-1.0844097057469821,-0.5447207367230844,0.5396889916538427,-0.8128498378018632,-0.0037673962072201058,0.8148071617133941,0.11649338129666609,0.171186111825022,-0.9886834077539184,-0.40381661920493833,-0.395025424402513,-0.286298310849929
3262,-1.0899512049428681,-0.5335425658607506,0.5564086763587344,-0.823179977927418,0.007622036638512231,0.8079359291131736,0.12195258621619573,0.17530684093843993,-0.9832427141366882,-0.4039679645565868,-0.39634590287284754,-0.28201535038292835
3263,-1.0815626421903972,-0.5717941778897178,0.5097684356721839,-0.7929066595748784,-0.03185322991740637,0.8214734917982102,0.14960926468105717,0.19534366159982663,-0.9602119590887419,-0.38100037471362896,-0.38495159867745354,-0.2651249947777748
3264,-1.0865391953264494,-0.5382046982926513,0.548334486589976,-0.8122946018941536,0.0042879636044936015,0.8118025758369513,0.144576120161639,0.194636784080378,-0.9684866837124242,-0.39346698586266465,-0.4055362374556105,-0.28128679124515715
3265,-1.0861288109223652,-0.48535395270701576,0.6007749060592851,-0.8411990256882615,0.05270289120028148,0.7848195889201994,0.13972169219390987,0.19210640168860332,-0.9717849163835669,-0.4011409115785556,-0.41886473789584094,-0.2995943632427519
3266,-1.0747071561286234,-0.5182984797698891,0.5564086763587344,-0.815557878967062,0.015244073277024468,0.7926918057456951,0.1676847978930092,0.21341701888897685,-0.9451325175478427,-0.37347979237486373,-0.4039679645565868,-0.2896373934283591
3267,-1.0796687890758974,-0.5289180127980115,0.5507507310171422,-0.8116307563383757,0.010764876319959756,0.8006776036922959,0.18181285324148155,0.23223462187605337,-0.9298310177620838,-0.3643074132408344,-0.40723542299432913,-0.29161645280908766
3268,-1.0781532251897887,-0.46628662172692803,0.6118666047202985,-0.8433028311560335,0.07125327192014136,0.76760009516198,0.19078835867960012,0.24656407806824304,-0.9237522927649793,-0.36111901750947556,-0.41065680860343245,-0.30366139965039934
3269,-1.0749766173752915,-0.46853808472002095,0.6064385788335378,-0.840180763045248,0.06445049462187767,0.7692595548406056,0.2274003834358504,0.27868611303581436,-0.8945435890806728,-0.33155519196758826,-0.38749145808790847,-0.2903621558969727
3270,-1.0899512049428681,-0.49543236927190526,0.5945188729475798,-0.8384240267416627,0.04573222099596769,0.7926918057456951,0.25914923988494454,0.30488146088091217,-0.868912124370152,-0.3125034852880345,-0.381101816781986,-0.28201535038292835
3271,-1.0914258844689253,-0.43279964236204976,0.6586262499370209,-0.8740494557844427,0.10968654938552548,0.7587364263301744,0.26506062437795164,0.30920498832319776,-0.8633772220079421,-0.3135903941573317,-0.3950395045011374,-0.29996149477711376
3272,-1.08636712185687,-0.4040749393679269,0.6822921757337637,-0.8834837196538008,0.13421456908375518,0.743210136884521,0.2768942988033224,0.32763886099088735,-0.8458269983814525,-0.300923631499341,-0.3874308731545557,-0.30234091791650675
3273,-1.0911631339080303,-0.44617884168548005,0.6449842978826003,-0.8633365822321479,0.09694947145927472,0.7683976773533405,0.307313689807153,0.35958029109607026,-0.8117678019499974,-0.2731692888131322,-0.3685044863394392,-0.28403621418520975
3274,-1.0975732293499905,-0.41921201337083136,0.678361215979159,-0.8841562477376304,0.12957461994247227,0.7545816091568497,0.32012550969515685,0.3658577679677414,-0.8003138301528174,-0.2667712829303753,-0.37347979237486373,-0.2896373934283591
3275,-1.1029005416860445,-0.3801368846764831,0.7227636005722439,-0.9093992011323773,0.16831767482295648,0.7400066779761003,0.31670177316690395,0.36648468662292044,-0.7980858214775952,-0.27054906956613745,-0.382241028380087,-0.30492258593897165
3276,-1.1049286030119845,-0.42277406806865897,0.6821544456165531,-0.8893930582017985,0.12570078037304303,0.7650424930014716,0.3327856537271185,0.39183027793946884,-0.7739483438605467,-0.2524637257425291,-0.37444866754821443,-0.2982291778454451
3277,-1.1040431890410334,-0.421209055186571,0.682834071707915,-0.8897271315434481,0.1267436002687648,0.7620336987004782,0.34355579248059537,0.4044239150613621,-0.7602820745697447,-0.24436096580607786,-0.3760791524571776,-0.30125095298332766
3278,-1.1051953283103464,-0.3582357062840022,0.7469595847497275,-0.9222664443264759,0.190550908390993,0.7317155359354828,0.34299165746975757,0.4039679645565868,-0.762203633563972,-0.25152719683951374,-0.38872384118910835,-0.32012550969515685
3279,-1.1089351848470903,-0.3764487589001677,0.732486387798561,-0.9193960272154285,0.17773200068935946,0.7432525202081163,0.36910650166734205,0.43037633608287207,-0.7402759357030055,-0.2309867850522862,-0.3843442417327898,-0.31650773337290583
3280,-1.1178798357838633,-0.412708728346487,0.7051710832609177,-0.9129816399477879,0.1444031051580456,0.7634159973154004,0.395391949893539,0.45563557779707214,-0.7213398509271529,-0.20954078866758954,-0.37930407440547054,-0.3102728977575847
3281,-1.1180060055446934,-0.3561698847942296,0.7618361305108905,-0.9384494012210127,0.19920026810960914,0.732651177096231,0.39541733999992523,0.4569348398726955,-0.7244706922603962,-0.21635405664857998,-0.39412117706526084,-0.3257565137110074
3282,-1.1128173527174687,-0.32774757137889604,0.7850697813385727,-0.9451325175478427,0.22866110497983838,0.7164714125680044,0.411589988963709,0.47256625877392133,-0.708849388160882,-0.2057949944818545,-0.39634590287284754,-0.32774757137889604
3283,-1.1126606025505612,-0.3557766405625926,0.7568839251405329,-0.9340691777199512,0.20096825213152952,0.7336239327858716,0.4389421419891248,0.49849682634175196,-0.6812424665819481,-0.17822152090743726,-0.3815455511547078,-0.3132290498425177
3284,-1.1058793132518474,-0.30473534336621333,0.801143956876731,-0.9525547279911971,0.24802183604480263,0.7044429525839604,0.4375344343425335,0.5031157591877388,-0.6787368503797233,-0.17956532454145632,-0.3881503650953511,-0.3189776174783667
3285,-1.0923287510672854,-0.23910517696137878,0.8532235975179604,-0.9679052792109549,0.30695659189541524,0.6606256315006935,0.43721845248402647,0.5056483126329784,-0.6726871836132036,-0.1788247835522061,-0.39573450974319835,-0.32800569427055204
3286,-1.0823291805357458,-0.2667712829303753,0.815557878967062,-0.9451325175478427,0.2743933073374976,0.6707391915720368,0.45732220995967676,0.5259205414536282,-0.6478731183506697,-0.15244073044045608,-0.381101816781986,-0.3125034852880345
3287,-1.0698349398562264,-0.26492281748777013,0.8049121084180532,-0.9369124187668053,0.2707672692771573,0.6676726851642254,0.45518216741665674,0.5349695594367914,-0.6388548066216994,-0.1433043504380662,-0.37767197389024654,-0.3025713979191553
3288,-1.061264076477745,-0.20133854222812334,0.8599256218204476,-0.9606554668872613,0.32650814450114685,0.6286927799616293,0.44263045228387865,0.5291767214187361,-0.6372011135767692,-0.14293333365697156,-0.38501632630364996,-0.3092466203512126
3289,-1.056934433592696,-0.2117953396835397,0.8451391629655722,-0.9511285414267043,0.3137356082776319,0.6313591164158658,0.45526490845306306,0.5380984572747015,-0.6161047550984686,-0.1206938238629234,-0.3768641739678642,-0.29898584213686785
3290,-1.0518410829072564,-0.24390517243239146,0.8079359291131736,-0.9298884687335982,0.28201535038292835,0.6478731183506697,0.45732220995967676,0.5487866146749952,-0.6021408973547021,-0.10670850944448843,-0.37347979237486373,-0.2896373934283591
3291,-1.0548184207343527,-0.1979480522786264,0.8568704431905754,-0.9555571175459181,0.32632544375716444,0.6233069883092553,0.4366100437995873,0.5417874812640282,-0.6035469879953766,-0.10895771821370401,-0.3813391693958801,-0.3024635530783406
3292,-1.0651785587527236,-0.18296618892502503,0.8822123884011744,-0.974368349067717,0.3471645149993493,0.6215884980589773,0.4423747261085139,0.5479841060448,-0.588915990400373,-0.09325746837356408,-0.37126525301264024,-0.2973210331856644
3293,-1.064909652784472,-0.2251381884300012,0.8397714282445846,-0.9513428373076369,0.30779596360205325,0.6451979592686441,0.46069980093979224,0.5702625056183603,-0.5644909559611787,-0.07033264200476964,-0.35403978102933137,-0.2765359108702901
3294,-1.067085131721501,-0.2057949944818545,0.8612901745162636,-0.9603766409153212,0.32774757137889604,0.6326290695364251,0.4497001482759375,0.571652725172979,-0.5640307007658567,-0.0685983268343744,-0.3582357062840022,-0.28201535038292835
3295,-1.079695824407648,-0.17122747812989295,0.9084683534782403,-0.9903141566444841,0.3691843471483239,0.6206225886011069,0.4393568134101198,0.562383420251059,-0.5674977032742275,-0.0614825200808761,-0.3570356014828296,-0.2868555832217853
3296,-1.0747685368165791,-0.19380752251091757,0.8809609795326966,-0.9735492564762865,0.3409927133471808,0.6328429450252636,0.44938978017777753,0.5721071643316851,-0.5500379777148844,-0.03424188860736734,-0.3324871470082891,-0.2670497010938954
3297,-1.0502688637979503,-0.17334229582010563,0.8769265870266897,-0.9608003974852962,0.34875350826508894,0.6121194005797613,0.44492714007632095,0.5782661309146923,-0.5402649578923004,-0.02166921615894979,-0.31790951492918557,-0.25962623864279327
3298,-1.0365969595397782,-0.10670850944448843,0.9298884687335982,-0.9832427141366882,0.411589988963709,0.571652725172979,0.4268340377779537,0.5640307007658567,-0.5487866146749952,-0.022866110497983837,-0.32012550969515685,-0.2667712829303753
3299,-1.031059361967571,-0.11478248937719313,0.9162768556516867,-0.9708892979632412,0.39763321996918516,0.5725511424255537,0.42515753865652217,0.5603269275486188,-0.5400055049529555,-0.002291010692298987,-0.3054605168474251,-0.25157713973347007
3300,-1.018441346069274,-0.13907382126877174,0.8793675200481289,-0.9456016909569511,0.36778085032243957,0.5795828680493185,0.4221067018553784,0.5668604408441692,-0.5228745236350827,0.019633737792606635,-0.28596989751206,-0.23619509805656191
3301,-0.9982897398092077,-0.08320823870413142,0.9150815290372185,-0.9581015857549342,0.4159656033828513,0.5395613616818746,0.39225397019462155,0.5468667171233261,-0.5297310967980765,0.01044383897575496,-0.2938551636908775,-0.24915853829563825
3302,-0.9832427141366882,-0.06097629310809787,0.9222664443264759,-0.952754541954965,0.4268340377779537,0.5182984797698891,0.37347979237486373,0.5335425658607506,-0.5335425658607506,0.015244073277024468,-0.2896373934283591,-0.24390517243239146
3303,-0.9809406043120722,-0.10834563895255506,0.8725949396772459,-0.92272198266228,0.37774960895621984,0.5437513976940482,0.3720048253437772,0.5434839490717496,-0.5187845862680467,0.04331656814267322,-0.26193966139226554,-0.2157073698020716
3304,-0.9843669092013286,-0.09372824137381233,0.8906386408225666,-0.9360809428464891,0.39497943205029895,0.5383532217190002,0.34033344057709275,0.519939796023337,-0.5268038172604677,0.03545542670082828,-0.2666492295483948,-0.22343034124352495
3305,-0.9801017604426477,-0.05564045124641202,0.9244613549554608,-0.951759234943437,0.4309148620865171,0.5127862484129122,0.3034262508659642,0.488845996659997,-0.5436567849410839,0.023120011709046227,-0.2705840232119957,-0.2356228613357569
3306,-0.9756206897295658,-0.09908647571821189,0.8765342233305082,-0.9222664443264759,0.38872384118910835,0.5335425658607506,0.2972594364737899,0.49543236927190526,-0.5335425658607506,0.04573222099596767,-0.23628312938696067,-0.2057949944818545
3307,-0.9754464149854631,-0.12000648445143994,0.8554398587763189,-0.9138990714429183,0.368734371510565,0.5477502039794371,0.27881100418458044,0.48883286617526167,-0.5329689868866193,0.05064189231961347,-0.21977942487042235,-0.18766564639090713
3308,-0.9711599834125523,-0.07491162782149934,0.8962483768481623,-0.9352105610899752,0.4080294001540504,0.5211396925233188,0.24464881221559404,0.46312291814990736,-0.5576810439029938,0.039244447672395974,-0.21970223053315782,-0.19704436073995424
3309,-0.965649064280637,-0.091240044647113,0.8744090361898826,-0.9187155870347765,0.38817110908064556,0.5243208264831265,0.23611933774563754,0.4569838863529934,-0.5610269787484953,0.0522564961213807,-0.19548384250351628,-0.18168561392457694
3310,-0.9603766409153212,-0.12957461994247227,0.8308019277813067,-0.8917782721447527,0.35061368187687986,0.5411645902678729,0.22866110497983838,0.4497001482759375,-0.5564086763587344,0.060976293108097865,-0.17530684093843993,-0.16006275484757843
3311,-0.9478741611949557,-0.09400102875377706,0.8538731442858843,-0.8971069544016276,0.3808183686331589,0.516805837063541,0.189734831030926,0.41650497373599515,-0.5826930018490887,0.04369564473957306,-0.17612637238171835,-0.1658108925187815
3312,-0.9398117626739576,-0.09708482018501985,0.8427270127954728,-0.8871653502663828,0.37036578780674134,0.5164740118691958,0.15491809827650085,0.38410872367620497,-0.6072983422886551,0.03665311889914898,-0.16407400678681766,-0.16073752507699046
3313,-0.9346474914353586,-0.16548813320738354,0.7691593392743818,-0.8487460447447949,0.2982924144297984,0.5504964267886413,0.13884607277370342,0.3679225289404966,-0.6101287307613892,0.050331288210425366,-0.13597985793407807,-0.13807963492864547
3314,-0.9298884687335982,-0.1676847978930092,0.762203633563972,-0.8460460511487851,0.2972594364737899,0.5487866146749952,0.09908647571821189,0.3353695957860184,-0.6326290695364251,0.04573222099596767,-0.12957461994247227,-0.1371966536687488
3315,-0.9295182603182621,-0.1535310418251653,0.7759871802362401,-0.8535229313271898,0.31229461705509437,0.5415455457563148,0.04376726623103149,0.28644140690496567,-0.6645825829483605,0.025944818818799953,-0.13317626338735766,-0.140883531007636
3316,-0.925699829431879,-0.21199163171572766,0.7137081776029819,-0.8174227573684936,0.24803900395827588,0.5685859507611193,0.011981164739351177,0.25825042151976724,-0.6751102244834355,0.023551310498377952,-0.11601530892916445,-0.12445070912355968
3317,-0.9199225038798806,-0.23051679714018794,0.6894057095232513,-0.8009605811492791,0.22629983484229202,0.575628063818154,-0.020916007228985473,0.23346452284052466,-0.6948517614730738,0.019097111675004105,-0.10585368701611977,-0.11177586416407184
3318,-0.9146444199193535,-0.1829288839838707,0.7317155359354828,-0.823179977927418,0.2743933073374976,0.5487866146749952,-0.06097629310809787,0.19817295143642377,-0.7240934369751267,-8.146130436701954e-21,-0.10670850944448843,-0.10670850944448843
3319,-0.8975515231237496,-0.20524052487411137,0.6923110071171028,-0.7963058472538795,0.24129595679061389,0.5479049979620829,-0.07421295895888426,0.1835982816874086,-0.7243749515608355,-0.0021277586192115336,-0.0848124246972731,-0.08506322567323088
3320,-0.8807934475216521,-0.26039977107432727,0.6203936387928344,-0.7471650864667335,0.17452872905547062,0.5683706608559126,-0.0886571824089919,0.17704827766254314,-0.7335672158476332,-0.002648032178780419,-0.06849837412322506,-0.0654582728306142
3321,-0.8741207403898027,-0.23850309063527322,0.6356176054736387,-0.7523289097591662,0.19629813124537115,0.5567643148591142,-0.1282112634280778,0.1485791178706244,-0.7773423164519956,-0.03693879740392479,-0.08163427367336683,-0.0721775961774342
3322,-0.868912124370152,-0.24390517243239146,0.625006970576069,-0.7469595847497275,0.190550908390993,0.5564086763587344,-0.15244073044045608,0.12195258621619573,-0.8079359291131736,-0.0685983268343744,-0.0838423989465046,-0.0685983268343744
3323,-0.8618546783526251,-0.31560226106816086,0.5462524036055852,-0.7004532285065359,0.11235761511578166,0.5890647221987778,-0.16046456650154553,0.11150166449020102,-0.8209305544742312,-0.07709809238244114,-0.0694123302710622,-0.04724851760885992
3324,-0.8595258633282932,-0.315418334860412,0.5441074654174611,-0.70026063243643,0.11016594087496068,0.5854410410712547,-0.19215863720495038,0.08823343434645922,-0.8584636943638551,-0.11009669818788967,-0.07685976693284276,-0.05519102139956918
3325,-0.8611012119342545,-0.2883528053101671,0.5727483578915288,-0.7162040522946382,0.13838207047225004,0.5710573153988681,-0.2320309734735436,0.047468134270084526,-0.9037907908736792,-0.15854755917909852,-0.09604275720309129,-0.0701995609416896
3326,-0.8612901745162636,-0.34299165746975757,0.5182984797698891,-0.6859833149395151,0.0838423989465046,0.6021408973547021,-0.24390517243239146,0.022866110497983837,-0.9222664443264759,-0.17530684093843993,-0.09146444199193535,-0.05335425472224421
3327,-0.8551564509340528,-0.36453154329946275,0.4906248941253332,-0.6723911532076376,0.06197735391063896,0.6107071172003588,-0.2560669025036582,0.0038069338122539097,-0.9448303312002883,-0.1924701245399553,-0.08675774774935113,-0.04740449108236672
3328,-0.8504167783968813,-0.32014497578390694,0.5302718287275431,-0.6884136437900199,0.1060124320270229,0.5831348685447921,-0.29080222858611987,-0.03441395262471731,-0.9897571937498905,-0.23428513100085763,-0.10342222634772127,-0.06656049624622015
3329,-0.8554158167179187,-0.346766715415264,0.5086491330572465,-0.6787648404948685,0.08001290647788567,0.596781074886384,-0.3058342434835322,-0.05769582711778292,-1.0063333509781542,-0.25419240439832913,-0.10343857484851895,-0.06423948260777555
3330,-0.8612901745162636,-0.39634590287284754,0.4649442343667991,-0.6631171671649144,0.030488146554048936,0.625006970576069,-0.30488146088091217,-0.0685983268343744,-1.0137308863184111,-0.2667712829303753,-0.09908647571821189,-0.05335425472224421
3331,-0.8600442990417645,-0.3671529032389643,0.4928913070293068,-0.6732973576328848,0.05840710863811749,0.6127990945172959,-0.3267246483382825,-0.10750085636398912,-1.06278860642092,-0.3165793965854122,-0.1317046586906074,-0.07386164890780247
3332,-0.863759023290035,-0.3736920826131319,0.4900669295364255,-0.6748336416001022,0.05650619440575133,0.6192834972231792,-0.3418179484840106,-0.13810895837959172,-1.1031557919670854,-0.3589347691249408,-0.1575283541714265,-0.09484465101938991
3333,-0.8704675932726427,-0.4514309966499297,0.41903663596574797,-0.6443712306178989,-0.015942442429518137,0.6603472399553321,-0.33126630263711443,-0.135689163813002,-1.1037494122996336,-0.3681826420921924,-0.14856370761155482,-0.0877307540021138
3334,-0.8841562477376304,-0.4649442343667991,0.41921201337083136,-0.6478731183506697,-0.022866110497983844,0.6707391915720368,-0.3353695957860184,-0.15244073044045608,-1.1280614015317134,-0.39634590287284754,-0.16006275484757843,-0.09146444199193535
3335,-0.9029529151347693,-0.44730249505780756,0.45565044192402704,-0.6783663649853975,0.0066972110117598915,0.6701360450868311,-0.3449513458801873,-0.18063674339271713,-1.167309658890353,-0.43058435520309624,-0.1830213333916954,-0.1066790771429963
3336,-0.9066604227085642,-0.49237843765528594,0.4142820253744336,-0.6594288954518561,-0.03386298506286094,0.6989213485455845,-0.33437941099063684,-0.1790773835757321,-1.1738866519159292,-0.4337459309682781,-0.17418793404223326,-0.0998997296653179
3337,-0.9079403624954124,-0.5028447748996775,0.4050955639307657,-0.6520371823656447,-0.04644444304448603,0.704272145525862,-0.3415899130377942,-0.19198984114696482,-1.1903489279774466,-0.45246720278694985,-0.18341144127394235,-0.10449981145569373
3338,-0.9146444199193535,-0.4497001482759375,0.4649442343667991,-0.6859833149395151,0.007622036638512234,0.678361215979159,-0.3658577679677414,-0.22866110497983838,-1.2271479424840048,-0.4878103448647829,-0.21341701888897685,-0.12957461994247227
3339,-0.9083935357919781,-0.46096980339017457,0.4474237543973979,-0.673751249718535,-0.0039953750068472925,0.6842690311854381,-0.36193246270302115,-0.23227351848750838,-1.229181042679273,-0.48908039148726273,-0.20427976252834687,-0.1270808214205612
3340,-0.9056804513879333,-0.5036020534130724,0.4020784451709291,-0.652292327466592,-0.04623997127201643,0.7027750501659773,-0.35894728798933917,-0.22884227175273464,-1.2296885547159713,-0.4955265788677886,-0.19758917420263186,-0.11856666612686022
3341,-0.9045328418301921,-0.47116615784668353,0.43336671304676055,-0.6685106644687746,-0.015445283121543689,0.6843974073844588,-0.38121292927709394,-0.25308973919728966,-1.2603895616377945,-0.5295659867994008,-0.22164376514475348,-0.13695595545134986
3342,-0.8917782721447527,-0.4649442343667991,0.4268340377779537,-0.6554951427577921,-0.015244073277024468,0.678361215979159,-0.38872384118910835,-0.2667712829303753,-1.2805020387806274,-0.5487866146749952,-0.22866110497983838,-0.14481869671417955
3343,-0.8790080178220796,-0.524570938764156,0.35443706980532674,-0.6152756760269811,-0.08081241146581455,0.6991979212316547,-0.380397540416153,-0.2646080956301319,-1.283590612630061,-0.5578222792713088,-0.2254604237964949,-0.13619470858360616
3344,-0.8698498184576515,-0.5159739799050066,0.35387586692518536,-0.6129935426347153,-0.07900978298893406,0.6895160159665753,-0.38820772706736884,-0.27707515908046143,-1.3004397666490053,-0.5789753342592385,-0.240047412032375,-0.14755026241927643
3345,-0.8701132631990222,-0.486518394771724,0.38359489414965636,-0.6262879780475094,-0.05213712631934196,0.679687253406122,-0.3963861222838016,-0.2930655805972291,-1.3240706621877254,-0.599298777978579,-0.25428611580617205,-0.16250894409812477
3346,-0.8841562477376304,-0.5487866146749952,0.3353695957860184,-0.6097629217618243,-0.10670850944448843,0.7164714125680044,-0.381101816781986,-0.2896373934283591,-1.3262343343298288,-0.6021408973547021,-0.25152719683951374,-0.15244073044045608
3347,-0.8908897837247396,-0.5783572349585302,0.31253252503227574,-0.602258739641237,-0.1296834671949562,0.7310177569746207,-0.37061375623171744,-0.28646689781292417,-1.3213581807869508,-0.6042127461097084,-0.24907558590394438,-0.14349798134188813
3348,-0.8922093826008688,-0.5268413664302238,0.36536805568574715,-0.6269144854750154,-0.07780197823601198,0.7060629419747557,-0.38093479501327665,-0.2965808308672889,-1.336472602974749,-0.6211211061515602,-0.2570672909690181,-0.14780962671137382
3349,-0.9031916292469024,-0.5416885845696336,0.36150306496324164,-0.6279505227992542,-0.09137162628973283,0.7181621486293261,-0.3765435675921527,-0.29423964743050834,-1.33779831895241,-0.6219634735788111,-0.25809777508342363,-0.14097430416924564
3350,-0.9146444199193535,-0.5868968112638405,0.32774757137889604,-0.6173849834455636,-0.12957461994247227,0.7469595847497275,-0.3658577679677414,-0.2896373934283591,-1.3338563587369512,-0.6173849834455636,-0.25914923988494454,-0.1371966536687488
3351,-0.9190346348924537,-0.5435147079362741,0.3755199077685883,-0.6440701465849175,-0.07990438209555256,0.7309302426271292,-0.38167344927049174,-0.3065108498405019,-1.356276067257427,-0.6394642813383944,-0.275926962858221,-0.15463046230083324
3352,-0.9271151932648375,-0.5212587481788327,0.4058564675191883,-0.6615098661065087,-0.056484418647859795,0.7227129384746099,-0.3916720091345632,-0.31408116815754566,-1.3643484041594722,-0.6525126096111278,-0.28626902871584253,-0.16111437424023567
3353,-0.9276381897780648,-0.5731468120641933,0.35449135640858104,-0.638723477080694,-0.1085474461299352,0.7460004088866233,-0.37447326965617783,-0.30011286870748877,-1.353776257473649,-0.6462242812896126,-0.2796980025402711,-0.14826707288884933
3354,-0.9222664443264759,-0.5640307007658567,0.3582357062840022,-0.6402510193903137,-0.09908647571821189,0.7393375603426051,-0.37347979237486373,-0.30488146088091217,-1.3719666298790303,-0.6631171671649144,-0.2896373934283591,-0.15244073044045608
3355,-0.9265494019208367,-0.5217659796040173,0.40478345019309336,-0.6622808413758047,-0.05770374396054126,0.7204402163334191,-0.3788128865465313,-0.315526497963034,-1.3835459718709995,-0.67528720860624,-0.3012042306887577,-0.16212310928715026
3356,-0.932783284943664,-0.5565540785688629,0.376229227867036,-0.6523896552915982,-0.08895681023791645,0.7409535725526516,-0.3538848256841888,-0.29792952640376347,-1.3619013060285607,-0.653283045005803,-0.28089465067759994,-0.14969812824090117
3357,-0.939326431908682,-0.5745078606103973,0.3648185735856073,-0.651967641856346,-0.10074447552993962,0.7528432651548633,-0.34479719794530517,-0.29164469799499143,-1.359925962853954,-0.6523718654283045,-0.2788324660666224,-0.14753595545748796
3358,-0.9451325175478427,-0.5259205414536282,0.41921201337083136,-0.678361215979159,-0.05335425472224421,0.7317155359354828,-0.3658577679677414,-0.3125034852880345,-1.3872106786932747,-0.678361215979159,-0.30488146088091217,-0.1676847978930092
3359,-0.9433393325449198,-0.5409567787175563,0.4023825676436703,-0.6708941558293875,-0.07056435623361162,0.741589671951024,-0.36278989945915896,-0.3105841309130604,-1.385663160649242,-0.6705187527130573,-0.3018012968212049,-0.17057313153646197
3360,-0.9492852666958623,-0.5954006680749895,0.35388459855414717,-0.6537929761133865,-0.11783837116136926,0.7712384798229431,-0.3556672243500393,-0.29773873443539056,-1.3673018719324976,-0.65441852673997,-0.29528543693914183,-0.16589066792631063
3361,-0.9505719564740677,-0.5572641338255359,0.39330787792710664,-0.6699609394472495,-0.07872542560448481,0.7491506119565414,-0.3706823454898269,-0.31045070166012423,-1.3759698870012582,-0.6688004085214498,-0.3090198183374037,-0.18120675461857955
3362,-0.9451325175478427,-0.5259205414536282,0.41921201337083136,-0.678361215979159,-0.05335425472224421,0.7317155359354828,-0.3658577679677414,-0.3125034852880345,-1.3795886542861524,-0.6707391915720368,-0.30488146088091217,-0.1829288839838707
3363,-0.9551668756048748,-0.5721527774857579,0.3830140664731297,-0.669026609382898,-0.09531421912152599,0.7630379753639565,-0.3491274859915726,-0.29674221656906113,-1.3629834392017575,-0.6590757114791055,-0.294696454362833,-0.1674180819960738
3364,-0.9610011084507213,-0.5544894958192937,0.4065115916094358,-0.6815539187711792,-0.07182381252168701,0.7581870507261315,-0.3626634721622773,-0.30840646234127583,-1.3765852219920776,-0.6816541254969942,-0.30890569138069557,-0.17863840544827647
3365,-0.9460864504944819,-0.4990703567193464,0.4470161001863587,-0.6932630661963881,-0.0218650330155316,0.7219807844399515,-0.3723469036295638,-0.32014504297500956,-1.3970829711397066,-0.7039137912234278,-0.3213719374987037,-0.19101965628564516
3366,-0.9375104931407205,-0.5335425658607506,0.4039679645565868,-0.6707391915720368,-0.060976293108097865,0.7317155359354828,-0.35061368187687986,-0.30488146088091217,-1.3872106786932747,-0.6936053393466374,-0.3125034852880345,-0.17530684093843993
3367,-0.9416333734057367,-0.5539119888799845,0.3877214409717288,-0.662020752708459,-0.08181923356111137,0.7429249553418614,-0.34479064465548726,-0.3062637342331142,-1.3870440430630637,-0.6993414724738855,-0.31378954583598434,-0.1761109445623616
3368,-0.9509175157845984,-0.5112130361366323,0.43970445800787306,-0.6919516290394716,-0.037326551334187094,0.730120577652949,-0.36080020528273116,-0.32143633643021635,-1.406382024695246,-0.7234467480206707,-0.33233447137137684,-0.19354956770476467
3369,-0.9636636565042654,-0.5364098242630665,0.427253815143961,-0.6968410999654289,-0.052901869240253335,0.7493284269180666,-0.35133001470598,-0.31628708958984425,-1.4063282687427705,-0.7184012029467497,-0.33241196561692543,-0.18457062639336994
3370,-0.9679985907692097,-0.5792747868567182,0.38872384118910835,-0.678361215979159,-0.09146444199193535,0.7698257325243281,-0.3353695957860184,-0.3125034852880345,-1.4024547275075194,-0.708849388160882,-0.32774757137889604,-0.17530684093843993
3371,-0.9603331889516777,-0.5286025443773654,0.4317305914806049,-0.6922166835328756,-0.04825830566063098,0.7406873062521556,-0.3461768501922491,-0.3246563047134681,-1.4135727734360792,-0.7256383989339168,-0.34510143737345683,-0.19295036870142668
3372,-0.9628781029257594,-0.5091291405108651,0.4537489189655561,-0.7062824334752325,-0.025544867398178375,0.731614130704885,-0.34825569016137287,-0.3243766016606186,-1.4131056756097946,-0.7300309109892993,-0.34902014960246186,-0.19626513275548518
3373,-0.966024480629854,-0.5660306291062903,0.3999939110653319,-0.6834896013623448,-0.07975332235099733,0.7633476772754121,-0.32934274493662885,-0.3063610715812632,-1.3964272727023153,-0.7094776209376816,-0.3288837882352619,-0.1770895603064525
3374,-0.9451325175478427,-0.5487866146749952,0.39634590287284754,-0.6707391915720368,-0.07622036522022804,0.7469595847497275,-0.3353695957860184,-0.30488146088091217,-1.4024547275075194,-0.7164714125680044,-0.3353695957860184,-0.1829288839838707
3375,-0.9226661591022964,-0.4981491316344386,0.4245169764934375,-0.6733745490938545,-0.03398592943083243,0.7073153160894085,-0.35160954719342663,-0.3135951011888981,-1.4123921748520636,-0.7338769498578785,-0.3526360744722004,-0.19446895172813428
3376,-0.9253306653982205,-0.5382729749935962,0.38705768934294804,-0.656551410278699,-0.07265039056030861,0.7292400259347133,-0.33966926066269065,-0.3030380651112829,-1.394015153289602,-0.715490884873021,-0.33572327056514795,-0.17453649460801637
3377,-0.9289464060710474,-0.5591037495159279,0.36984264321524196,-0.6487933178722269,-0.09555149979572922,0.7443303223650694,-0.33949513328617836,-0.2990443449653351,-1.3892751528983593,-0.7134980614727147,-0.33108421328638166,-0.17187170884792813
3378,-0.9298884687335982,-0.5106764180861498,0.41921201337083136,-0.6707391915720368,-0.04573222099596767,0.7164714125680044,-0.3658577679677414,-0.32012550969515685,-1.417698776321764,-0.7469595847497275,-0.3582357062840022,-0.19817295143642377
3379,-0.9405006363267936,-0.5319892560266755,0.40851137616810446,-0.6696732650075397,-0.06138063829873157,0.7310539182760809,-0.36001350710243857,-0.32448309143769366,-1.4219482881466203,-0.7463317722126721,-0.3570780605244682,-0.19156968675934807
3380,-0.9502191118033082,-0.5891633706468551,0.36105572493158816,-0.6546862594077023,-0.11437018575729445,0.7690564786440295,-0.3363029450652243,-0.3127471192616816,-1.4087917375944692,-0.7297754131913449,-0.3424195709386688,-0.17270061903252087
3381,-0.9668162309344691,-0.5637825251559944,0.4030336686690422,-0.6841755310573838,-0.080263434671813,0.7644304339064036,-0.35144914487197687,-0.3279098733232573,-1.4240394991125307,-0.7466373698030332,-0.35739662649028003,-0.1922618878622286
3382,-0.9908647385438105,-0.5564086763587344,0.434456062185076,-0.708849388160882,-0.06097629310809787,0.7698257325243281,-0.3658577679677414,-0.34299165746975757,-1.4329428251360088,-0.7545816091568497,-0.3658577679677414,-0.2057949944818545
3383,-1.0014318258565005,-0.614787303739903,0.38664452771078633,-0.6927390208781763,-0.11396839154591884,0.8067397602199813,-0.35140614780787094,-0.32977765102225765,-1.4164748789483692,-0.7391136277961868,-0.35669407998279,-0.19155218162497575
3384,-1.018356771234114,-0.6098251279360788,0.4085316490413379,-0.7144397124582258,-0.1010492910003086,0.8154144246717943,-0.36035153776578166,-0.33515391873717004,-1.430158977752714,-0.7491422841754027,-0.3694511206160811,-0.19976712168644623
3385,-1.0433923599422985,-0.5741562393746816,0.469236169650794,-0.7558024004606835,-0.05167713489646577,0.8075603709903884,-0.37426248354423464,-0.3544550057442628,-1.4493604283431707,-0.7627347087308399,-0.3813668495799163,-0.2158330848201914
3386,-1.0594630327611452,-0.625006970576069,0.434456062185076,-0.7469595847497275,-0.09146444199193535,0.8384240267416627,-0.3582357062840022,-0.34299165746975757,-1.4329428251360088,-0.7469595847497275,-0.3658577679677414,-0.2057949944818545
3387,-1.0710085963846485,-0.6543316311589921,0.41667688396274805,-0.7442814721980804,-0.11470550286397865,0.8588032230345788,-0.35850836141421194,-0.33178117612146096,-1.4266585307905844,-0.7417334971592986,-0.3659849403497023,-0.20684280079238573
3388,-1.075482164102875,-0.6001038480954612,0.4753783012973877,-0.7747410320239623,-0.058839211269765504,0.8339379890507727,-0.37865834351123623,-0.34614098552160033,-1.4411796568914037,-0.7552416040598521,-0.38715390201920247,-0.22581975857624026
3389,-1.073302991546627,-0.6090228463310001,0.4642801858597987,-0.7694187737553166,-0.06838623280242027,0.8374513503051839,-0.378104347182039,-0.3477105874596521,-1.4344770152689352,-0.7494705703680282,-0.38404968897477154,-0.22613487536846766
3390,-1.0747071561286234,-0.6554951427577921,0.41921201337083136,-0.7469595847497275,-0.11433055248991919,0.8612901745162636,-0.37347979237486373,-0.3353695957860184,-1.4253209498353538,-0.7393375603426051,-0.37347979237486373,-0.2210390619344076
3391,-1.069823565454962,-0.6078149476161436,0.46200861714848157,-0.7622879829560001,-0.07163066767191495,0.8346423786493915,-0.38935229117654074,-0.34431819129828645,-1.4358979584053988,-0.7495328525515753,-0.38914623602893544,-0.2323086346766683
3392,-1.0578742654921016,-0.5762497149216801,0.4816245316959155,-0.7677711374778735,-0.04884420535884323,0.814994727907046,-0.4020785474292341,-0.3545477082892975,-1.4367218011543026,-0.7551295013407091,-0.40166693854721247,-0.2364767121470583
3393,-1.048521528273036,-0.6268301710572523,0.421691326510493,-0.7350460873617282,-0.10093968557213313,0.8383228941297655,-0.3911068428029816,-0.333592719349696,-1.4185750742546932,-0.7417933405054851,-0.3925418685236046,-0.22480686010672724
3394,-1.0442189839469005,-0.6173849834455636,0.4268340377779537,-0.7317155359354828,-0.09146444199193535,0.8308019277813067,-0.38872384118910835,-0.32012550969515685,-1.4253209498353538,-0.7469595847497275,-0.39634590287284754,-0.22866110497983838
3395,-1.0381183038429547,-0.5690390876374318,0.46907924235531134,-0.7488432443660507,-0.04971318219043176,0.8006656819925964,-0.3978336653908568,-0.32794806525457953,-1.4412445558626912,-0.762413126461811,-0.40607757061856087,-0.23368742253293345
3396,-1.0311761009570521,-0.6014168460690746,0.42975922215066437,-0.7289631770824416,-0.0838560870843044,0.8116006853079877,-0.38368108934499845,-0.31872887590348814,-1.425588457772705,-0.7515630000358419,-0.39107422754162025,-0.21238352457975898
3397,-1.0267996439147216,-0.6198599501374327,0.40693972667671563,-0.7172141774094964,-0.10302137389036573,0.820525973759285,-0.3732311410703093,-0.31440101921136687,-1.4186536909495917,-0.7497280771422582,-0.3802391880211927,-0.20935375832712633
3398,-1.0213528361722997,-0.5640307007658567,0.45732220995967676,-0.7393375603426051,-0.05335425472224421,0.7926918057456951,-0.38872384118910835,-0.3353695957860184,-1.4405648495431311,-0.7698257325243281,-0.38872384118910835,-0.22866110497983838
3399,-1.0137746848884817,-0.5668674087351191,0.4469072611812295,-0.7276387567280912,-0.05761329286027944,0.7904487335741597,-0.386607820435615,-0.3339869080214109,-1.4334083645900486,-0.7570222970667367,-0.37534084373189863,-0.21506668888343378
3400,-1.012845656534855,-0.6155072278197675,0.3973383948548286,-0.700116434133579,-0.10418790591469179,0.8142905551133801,-0.37335498319401056,-0.3191728148849724,-1.4089720000154324,-0.7304976891239655,-0.3503503906001254,-0.19428032322884237
3401,-1.0122223463992843,-0.5830706862042759,0.42915166733832766,-0.7180827737985208,-0.0736646592042403,0.7971056803104639,-0.38853964113825684,-0.3359386323314377,-1.4127562138044016,-0.7352544462913407,-0.3543601138584476,-0.20247127638786724
3402,-1.0137308863184111,-0.5640307007658567,0.4497001482759375,-0.7317155359354828,-0.053354254722244226,0.7850697813385727,-0.4039679645565868,-0.35061368187687986,-1.417698776321764,-0.7393375603426051,-0.3582357062840022,-0.2057949944818545
3403,-1.0239903141053421,-0.6264750575081307,0.39751517706733663,-0.7106011561554014,-0.11025256095677048,0.8205447436494668,-0.3966648306171995,-0.3376907404979193,-1.4032400815763983,-0.7249399048904233,-0.34360621433849853,-0.19300655595940258
3404,-1.0335334023721936,-0.6284927325956853,0.4050406368127985,-0.7199258636469803,-0.10951489999159261,0.8296853070562935,-0.40427984422720487,-0.3398178752389836,-1.406210912699224,-0.7313076746771446,-0.352037056738589,-0.19175709829877574
3405,-1.0361534280090647,-0.5863898593926826,0.4497636381908204,-0.7418679386580169,-0.06922438503418958,0.8109751411850801,-0.4237141691059978,-0.3527327148058345,-1.4194852446494866,-0.7513562393875566,-0.3683411050349308,-0.19967992804306783
3406,-1.0365969595397782,-0.6326290695364251,0.4039679645565868,-0.7164714125680044,-0.11433055248991919,0.8308019277813067,-0.41921201337083136,-0.34299165746975757,-1.417698776321764,-0.7469595847497275,-0.3582357062840022,-0.190550908390993
3407,-1.0306411508518083,-0.6670884578256111,0.3635526915965198,-0.696026809584187,-0.1479765381935365,0.8440730951835924,-0.4098703739804205,-0.33847086288454675,-1.4196589775297532,-0.7415557153654717,-0.3540286380861496,-0.18053381531160526
3408,-1.0236223996476888,-0.6181145284671992,0.40550791836812805,-0.7151586933107074,-0.10460788713485794,0.8196838164984089,-0.417266184206578,-0.3517674265126157,-1.4319440804864723,-0.7589792036579055,-0.36596641834812654,-0.1907404470496636
3409,-1.0187987274658945,-0.6207201912567502,0.39807859401219237,-0.7083386100216772,-0.11095692110190179,0.8193391246921866,-0.4162297774079802,-0.3447998667640052,-1.4281950015630949,-0.756880764831388,-0.36174466848998804,-0.1849672037243773
3410,-1.0137308863184111,-0.6554951427577921,0.3582357062840022,-0.6859833149395151,-0.14481869671417955,0.8308019277813067,-0.4039679645565868,-0.32774757137889604,-1.417698776321764,-0.7393375603426051,-0.35061368187687986,-0.1676847978930092
3411,-1.0161141737033692,-0.6060990513206357,0.41001512729488176,-0.7103524885683704,-0.09634781929052517,0.806677408330791,-0.407035891592595,-0.33204026182539936,-1.421137138826531,-0.7437249506221882,-0.3551907669990264,-0.17768656668871557
3412,-1.0306103747796862,-0.5805517873192289,0.4500586533879716,-0.7355728133002243,-0.06701496374732464,0.8026100503262691,-0.41585686265477123,-0.3348292099200353,-1.4245474709024593,-0.7427346985297074,-0.3579239945742218,-0.18389085911913644
3413,-1.0350311156393257,-0.6352560413001386,0.3997750913682099,-0.7144954175748273,-0.11615327235473538,0.8306256520716355,-0.4076068286910927,-0.3247595969811454,-1.4120516311879638,-0.7271754405088364,-0.3464708580742209,-0.1718936068410777
3414,-1.0289749351326558,-0.625006970576069,0.4039679645565868,-0.7164714125680044,-0.10670850944448843,0.823179977927418,-0.411589988963709,-0.3353695957860184,-1.417698776321764,-0.7393375603426051,-0.35061368187687986,-0.1829288839838707
3415,-1.0326372917652051,-0.5759400284824567,0.4566972914717998,-0.7454230330601705,-0.05873183750992835,0.8041873190752381,-0.43193694450510467,-0.35592858559127,-1.4378726422813493,-0.760330431886404,-0.36542233947431474,-0.1992837988728159
3416,-1.0389336927415451,-0.6105305074276285,0.42840324118844586,-0.7312662561923933,-0.09158768796340887,0.8227633624054559,-0.42760243465623515,-0.35421700937910133,-1.4315835745065386,-0.7565739356837784,-0.35759860802467625,-0.18814364854813453
3417,-1.0321588535807196,-0.6253252025763512,0.40683373154682845,-0.7159977380583659,-0.1090363086498579,0.8251370619040621,-0.4187828762677364,-0.3517226109611421,-1.4257741666470725,-0.7570564088063243,-0.3510089219305951,-0.18556565800703856
3418,-1.0213528361722997,-0.5640307007658567,0.45732220995967676,-0.7393375603426051,-0.05335425472224421,0.7926918057456951,-0.434456062185076,-0.3658577679677414,-1.4481868739502535,-0.7774476823782167,-0.3658577679677414,-0.2057949944818545
3419,-1.0187303614152934,-0.5718774963060875,0.44685293398022585,-0.733468225770145,-0.0626087840184155,0.7958467184380229,-0.4331879301653064,-0.3638121039062806,-1.4469820840601264,-0.7759810790938376,-0.36394753934548885,-0.20435201060487795
3420,-1.023422541957826,-0.6255219235885361,0.39790070370325126,-0.7097715391441016,-0.1137167738011843,0.82395425981831,-0.4154372410964068,-0.34822389992973024,-1.4270931168973178,-0.7581588397426648,-0.34824472297887477,-0.18812504238331534
3421,-1.0164732127499667,-0.5885249937535612,0.4279482796592091,-0.7229395593292749,-0.08032644831653837,0.8028013450379898,-0.4248773626403793,-0.35466234439828376,-1.438724993838596,-0.7670974059391046,-0.3544972235412286,-0.1946287117899585
3422,-1.006108787358055,-0.5640307007658567,0.4420781238688152,-0.7240934369751267,-0.06097629310809787,0.7850697813385727,-0.434456062185076,-0.3582357062840022,-1.4481868739502535,-0.7698257325243281,-0.3582357062840022,-0.19817295143642377
3423,-1.0055573367359558,-0.6213632292886871,0.38419417978411785,-0.6911741198956155,-0.11873846926902731,0.8108576824616887,-0.4205040527476871,-0.34332681000983745,-1.4272251884217277,-0.7430675777544975,-0.3441152836705144,-0.18424683815075216
3424,-1.0014820833933094,-0.6157995214010359,0.3856825970780687,-0.6917147172320139,-0.11371358712193363,0.8033672708975809,-0.4272789203484857,-0.35282600583293156,-1.4319688529130752,-0.7458670223069329,-0.34917969470700755,-0.18923574622849856
3425,-0.9971629231451667,-0.5711337549807587,0.42602910465468147,-0.7114331203517952,-0.06772200193049316,0.7819393582884835,-0.44522377748800346,-0.36691771858709277,-1.4498207898568891,-0.7647911829322431,-0.35826309498278786,-0.19785401478137182
3426,-0.9984868375041666,-0.6173849834455636,0.381101816781986,-0.6859833149395151,-0.11433055248991919,0.8079359291131736,-0.434456062185076,-0.35061368187687986,-1.4329428251360088,-0.7469595847497275,-0.34299165746975757,-0.17530684093843993
3427,-0.9918005583437521,-0.6462806266448213,0.34551996973818694,-0.6642175621054053,-0.15036639274803973,0.8155176307699692,-0.4291837486789629,-0.3457358191531401,-1.4202958914658241,-0.7343267624142844,-0.3386570695958486,-0.16300477997719068
3428,-0.991167971937227,-0.593420164067079,0.3977478061277445,-0.6913556567748373,-0.09578939738118922,0.7904326220984799,-0.4441100521037186,-0.3571212527261738,-1.4334196609024712,-0.7490695760952355,-0.34874563500765393,-0.17844410980368675
3429,-1.0009168817846759,-0.6002611197479905,0.40065572630917623,-0.6964879345583214,-0.09622581034420528,0.8002465070424638,-0.43582543067700896,-0.34315005535902143,-1.4262226969414116,-0.7397875801161984,-0.3361928809821022,-0.1674583280072866
3430,-1.006108787358055,-0.6478731183506697,0.3582357062840022,-0.678361215979159,-0.14481869671417955,0.823179977927418,-0.4268340377779537,-0.3353695957860184,-1.417698776321764,-0.7317155359354828,-0.32774757137889604,-0.15244073044045608
3431,-1.0054101229642092,-0.6119360546160948,0.3934741508514364,-0.6986217584574839,-0.10977998097439237,0.80715592626462,-0.44982296237604186,-0.3594702451421762,-1.439486710847835,-0.7609098736843376,-0.3459894220526152,-0.17577468484482928
3432,-1.0049485721027538,-0.588153992052088,0.41679461755014185,-0.7114896889776618,-0.08513610618551908,0.7978036759088225,-0.45865407350872667,-0.36358455966882197,-1.4493617797150173,-0.7688148983243184,-0.34707324076094637,-0.18148775053108704
3433,-1.0056820446496864,-0.6445439479415602,0.36113808579953954,-0.6830170548510761,-0.1420060261150511,0.8244306158715576,-0.4462720202535253,-0.3459430791529042,-1.435436613214474,-0.7487297572788176,-0.33151490107523063,-0.16307312349586384
3434,-1.006108787358055,-0.6402510193903137,0.3658577679677414,-0.6859833149395151,-0.1371966536687488,0.823179977927418,-0.45732220995967676,-0.3582357062840022,-1.4481868739502535,-0.762203633563972,-0.34299165746975757,-0.17530684093843993
3435,-0.9955042544706922,-0.5820404745254494,0.4134638151657352,-0.7051877985824591,-0.08402269649265076,0.7895359512545902,-0.46800639685347817,-0.3752094174016999,-1.464762505381353,-0.7796271280856514,-0.35416930351028064,-0.18704428490909347
3436,-0.9799026350327528,-0.6003229760190582,0.37957968022194255,-0.6773133405318321,-0.11086226558609656,0.7878133170149024,-0.45120992800652265,-0.36035968000632856,-1.448146177238415,-0.7627163440183495,-0.3360157443441297,-0.16806068205552865
3437,-0.9737207018996553,-0.60841195114355,0.36530874893382603,-0.6660642614489103,-0.12080058165031292,0.7870827949468864,-0.44139828041065876,-0.35051756237796766,-1.4409517033678858,-0.7553788795972783,-0.3287225485340972,-0.161380256117716
3438,-0.9679985907692097,-0.5335425658607506,0.434456062185076,-0.7012273637537597,-0.04573222099596767,0.7469595847497275,-0.4497001482759375,-0.3658577679677414,-1.4558090474638432,-0.7698257325243281,-0.34299165746975757,-0.17530684093843993
3439,-0.9542489457472534,-0.5171042589598852,0.43714474027231853,-0.6964044583476997,-0.03547590670021224,0.7316717950704698,-0.44106779961822873,-0.3646769073586364,-1.4413369843464283,-0.7564757127230537,-0.33519821469213706,-0.16753694318217283
3440,-0.953644364563188,-0.5588416070331387,0.39480274713320485,-0.6722786587052758,-0.08030646650071653,0.7529366722673161,-0.4240131160038266,-0.34496281688824426,-1.4195870580106729,-0.7328020802177355,-0.31651710071499994,-0.14908033704341744
3441,-0.9614579258342687,-0.5181110721280204,0.4433468193332358,-0.6979519414262232,-0.03775974128874401,0.7353893117960798,-0.430882843980949,-0.3449157093374785,-1.4295687620969488,-0.7463205811582546,-0.32486685733734505,-0.15728998782843723
3442,-0.9603766409153212,-0.4801883204576606,0.4801883204576606,-0.7164714125680044,-3.385187291695292e-20,0.7164714125680044,-0.434456062185076,-0.34299165746975757,-1.4329428251360088,-0.7545816091568497,-0.32774757137889604,-0.16006275484757843
3443,-0.9586366491419689,-0.5248987616937069,0.4337378665038449,-0.6957271706392074,-0.04536494470121656,0.7417285633840697,-0.415194122935496,-0.3223468642964745,-1.4122351316163537,-0.7334721178585779,-0.3076702924918424,-0.14007747460818631
3444,-0.9609725242843382,-0.5114436935693574,0.4495287759243802,-0.7040873363988125,-0.03136870050586671,0.7340010372549486,-0.41487197826419103,-0.32814780948323213,-1.413388351022757,-0.7405947351249881,-0.3101409755377305,-0.14270764660137716
3445,-0.957731407583261,-0.4504258291785695,0.5073055597245207,-0.7277486045121744,0.029136206730205484,0.7008014918390787,-0.42915576644656,-0.3454732798762514,-1.4260514271931646,-0.7540824243614013,-0.32003432143175037,-0.15239152576948609
3446,-0.952754541954965,-0.4801883204576606,0.47256625877392133,-0.708849388160882,3.6386913917933374e-20,0.7164714125680044,-0.411589988963709,-0.32774757137889604,-1.4100767519146418,-0.7240934369751267,-0.2972594364737899,-0.12957461994247227
3447,-0.9516640256742017,-0.5033635403130461,0.4483005315107278,-0.6994550687259626,-0.02296556309166952,0.7247965702184853,-0.393149789874273,-0.3153764975044806,-1.3928192155020396,-0.7046165791483376,-0.2847610241657594,-0.11736016103688299
3448,-0.9503800464973134,-0.4423110970652442,0.5080689635345442,-0.7293735344457883,0.0344776923787967,0.6931134621328182,-0.4063109053604094,-0.3308352448164928,-1.3962280374149643,-0.716693941548488,-0.3002834210407681,-0.13246526189196703
3449,-0.9400420395217282,-0.43601195237516066,0.5040300856233177,-0.7220621936251463,0.033776262624451096,0.689274942656946,-0.39495144381069597,-0.31899024888212785,-1.3750039829038134,-0.6968335539817072,-0.2893599991074931,-0.12211037970429767
3450,-0.9298884687335982,-0.47256625877392133,0.45732220995967676,-0.6936053393466374,-0.007622036638512233,0.7012273637537597,-0.37347979237486373,-0.2972594364737899,-1.3491005566576633,-0.6707391915720368,-0.2743933073374976,-0.10670850944448843
3451,-0.9240722885240072,-0.4209423216935354,0.5031299646605499,-0.7133988519637574,0.03862419006457656,0.6690857265372547,-0.39542535220705416,-0.3132741361187766,-1.3634130915941325,-0.6913878107035052,-0.2973857999365034,-0.1289974415056986
3452,-0.9139014226478479,-0.3746210378498479,0.539280390915861,-0.7271101678873675,0.07701799783727278,0.640457622165398,-0.40358221163252767,-0.31927078739531867,-1.373521925986466,-0.7048431254807157,-0.30387676122695473,-0.14005007177714873
3453,-0.9034721328822339,-0.40916132840492314,0.4943107943230949,-0.6980336861643681,0.040274963632353056,0.6523704916080597,-0.38280009052879016,-0.2988831559077908,-1.358834595737812,-0.6878322215300974,-0.28425328846741693,-0.12537000750014618
3454,-0.899400296551875,-0.38872384118910835,0.5106764180861498,-0.7012273637537597,0.06097629310809788,0.6402510193903137,-0.39634590287284754,-0.3125034852880345,-1.3719666298790303,-0.7012273637537597,-0.2972594364737899,-0.1371966536687488
3455,-0.8930273310771462,-0.31899489811111814,0.5740324208413823,-0.7295068012523581,0.12448131822615843,0.604876986129881,-0.4185621810084945,-0.33624244676228443,-1.3936108249893608,-0.7246023578957903,-0.3150869395780769,-0.1545244930052967
3456,-0.8892463219199873,-0.3275169702759464,0.5617293606483569,-0.7216873155482751,0.11311452326884311,0.6095864882982711,-0.41216012015735387,-0.3232676910740185,-1.3842376651454857,-0.7099831663927905,-0.2980048617643226,-0.13907599880731733
3457,-0.89211439459501,-0.3359569511534661,0.5561574404106929,-0.7207793449063236,0.10607608023168737,0.612768924014392,-0.4167380347430089,-0.3261696881037348,-1.3810396322252407,-0.7026795057559518,-0.2910242191494918,-0.130289567077147
3458,-0.8917782721447527,-0.2743933073374976,0.6173849834455636,-0.7545816091568497,0.1676847978930092,0.5792747868567182,-0.4497001482759375,-0.3582357062840022,-1.4024547275075194,-0.7240934369751267,-0.30488146088091217,-0.14481869671417955
3459,-0.8852286531507438,-0.27054404777757646,0.6146846366185208,-0.7509356621494665,0.17162451620344243,0.5766823784675379,-0.4658297651798109,-0.3570923338638932,-1.3999952993534668,-0.717395016815285,-0.2915644805752115,-0.13323522037201624
3460,-0.8799627251839297,-0.3206262098402497,0.5593364954416159,-0.7170895215259608,0.11786496530630601,0.6014047083509759,-0.4622287364758162,-0.3425849313873763,-1.385471501431954,-0.6950958901183822,-0.267126025659863,-0.1020580508060631
3461,-0.8732711855574665,-0.2963417230524399,0.5769294344567502,-0.7213311415027089,0.1363042403207015,0.5837422672151039,-0.4815668847524067,-0.3578176447910356,-1.4020534256911148,-0.7086534062952137,-0.26989845376436306,-0.10289275088170483
3462,-0.868912124370152,-0.28201535038292835,0.5868968112638405,-0.7240934369751267,0.15244073044045608,0.571652725172979,-0.5030543936790275,-0.37347979237486373,-1.417698776321764,-0.7240934369751267,-0.2743933073374976,-0.10670850944448843
3463,-0.8687614530906744,-0.345143219727563,0.5236182600885474,-0.6916559048304989,0.09051137731533984,0.6028878605089077,-0.496498517120587,-0.3681474268975016,-1.4039417899232158,-0.711122653106937,-0.2620025306082419,-0.08235799014742137
3464,-0.864337218798245,-0.3437625338844349,0.520574638540784,-0.691275858674935,0.0854028079219449,0.600567593883511,-0.5024807829616786,-0.3657488436580492,-1.4078807432433216,-0.7126933717061037,-0.2599068944868916,-0.07591704691537658
3465,-0.8603961204963355,-0.2950264096041731,0.5653697005691207,-0.7122049105574474,0.13205264670070466,0.5736018479440806,-0.5232586210957181,-0.3769125744258568,-1.4300400117697394,-0.7261704239338231,-0.26842766841616217,-0.08488539372599871
3466,-0.868912124370152,-0.34299165746975757,0.5259205414536282,-0.6936053393466374,0.09146444199193535,0.6021408973547021,-0.5182984797698891,-0.37347979237486373,-1.4253209498353538,-0.7164714125680044,-0.25914923988494454,-0.0685983268343744
3467,-0.8713888813623809,-0.3804312920089775,0.4909576461638172,-0.6799480914123686,0.05549971074283047,0.6250026771945216,-0.5126421191159343,-0.362985346669918,-1.4136616731460407,-0.7112815795877209,-0.24897058775145323,-0.057648417318535705
3468,-0.8585587908860614,-0.3185411315415019,0.5400176685323308,-0.7000595902351725,0.11070607200540926,0.5893193444394473,-0.5333263042915203,-0.3769659041058211,-1.4274981446003148,-0.7258199388910449,-0.2595483231954178,-0.06967993200751323
3469,-0.8531569794621758,-0.3189097524542039,0.5342472227470554,-0.693456991563422,0.10722980327102725,0.5852204690287568,-0.5387504520764417,-0.3764015722773937,-1.428178158204372,-0.7163412273121055,-0.2526491638703061,-0.0628333347261861
3470,-0.8612901745162636,-0.381101816781986,0.4801883204576606,-0.6707391915720368,0.04573222099596767,0.6173849834455636,-0.5259205414536282,-0.3582357062840022,-1.4100767519146418,-0.6936053393466374,-0.22866110497983838,-0.04573222099596767
3471,-0.8621321236755365,-0.3532447891894456,0.5088872843111037,-0.685339026419049,0.07299329710164221,0.6031208792753789,-0.5349205085002775,-0.36843067414733044,-1.4122550240745448,-0.6973766577561386,-0.2316782669646603,-0.05535868047727071
3472,-0.8564681654049043,-0.3279214669923741,0.5285467033192988,-0.6931489923537277,0.09924133740256176,0.5906583881863872,-0.5441996598980251,-0.3696209949050815,-1.4166591365993266,-0.6965000510162799,-0.2358500309323604,-0.06345679323301132
3473,-0.851077962382464,-0.3867996316250383,0.46427837055660437,-0.6565757511586591,0.03816235324226223,0.619112250302482,-0.5255784632027891,-0.34063798871305684,-1.3911205215493259,-0.6678021076582197,-0.21182987696718686,-0.04708466836784171
3474,-0.8460460511487851,-0.38872384118910835,0.45732220995967676,-0.6478731183506697,0.030488146554048936,0.6173849834455636,-0.5182984797698891,-0.3353695957860184,-1.3795886542861524,-0.6631171671649144,-0.2057949944818545,-0.04573222099596767
3475,-0.8399535335706085,-0.34583647962629427,0.49411703851279387,-0.6660045725163903,0.0722601093297495,0.5933031825320251,-0.5269050675521662,-0.34487536829619697,-1.387825804258713,-0.6786327078046719,-0.22055915987580021,-0.060033307225544105
3476,-0.8326355622975241,-0.3892778992365181,0.44335770979472533,-0.6385144066483153,0.0303309935388581,0.6089257028996161,-0.5138349420689172,-0.33008737432949564,-1.3727342356506145,-0.6649607516225664,-0.21202385474444396,-0.05583161169915983
3477,-0.8303813685910288,-0.4295759311241823,0.40080550754844796,-0.6155708372783228,-0.011414818374284048,0.6262371014035446,-0.5020797575432244,-0.32032476844301605,-1.3654518370582251,-0.6569152425743263,-0.20844934274625473,-0.0564513591964606
3478,-0.8384240267416627,-0.39634590287284754,0.4420781238688152,-0.6402510193903137,0.022866110497983847,0.6173849834455636,-0.5182984797698891,-0.34299165746975757,-1.3948325539939297,-0.6859833149395151,-0.23628312938696067,-0.07622036522022804
3479,-0.8533527569500148,-0.43076181073584097,0.4225909031844433,-0.63496188744503,-0.0018106628851334698,0.6431993238494265,-0.517783101451105,-0.35402819165736665,-1.4045103296965622,-0.6965802447621579,-0.2467277037037895,-0.07906651418315225
3480,-0.876358214971948,-0.5234662005178787,0.3528920022593579,-0.6115511639221975,-0.07979116170592827,0.697076622762005,-0.49563783202330075,-0.3428236472231231,-1.3976285652750526,-0.688506300409158,-0.24001674414353036,-0.0743436632421455
3481,-0.8970572401211568,-0.5224669160151392,0.3745903192200287,-0.6370992355026144,-0.07175925105826284,0.7065284469365507,-0.49999272995385674,-0.35983157427945534,-1.4186477796044104,-0.7119081433035341,-0.26187620880231405,-0.09108259000665885
3482,-0.9146444199193535,-0.5182984797698891,0.39634590287284754,-0.6554951427577921,-0.06097629310809787,0.7164714125680044,-0.5106764180861498,-0.381101816781986,-1.4405648495431311,-0.7393375603426051,-0.2896373934283591,-0.10670850944448843
3483,-0.932383231043798,-0.5980656696669184,0.3343175420837264,-0.6294736232766804,-0.12853552978391142,0.7656390153550984,-0.4929821981797593,-0.36865264187450464,-1.4338483566786198,-0.7383790368085108,-0.2950262394369116,-0.11059758937212172
3484,-0.9413646180048569,-0.6125540404749462,0.3288106104348636,-0.6333438426904816,-0.1395486823270449,0.7765151987686868,-0.4867582590907028,-0.37056926746494634,-1.4356812693541012,-0.7479273210480522,-0.30715820065488164,-0.1283874054423919
3485,-0.9463977667187122,-0.5706495261163318,0.37574827264317523,-0.6608984463807287,-0.09763417905016747,0.7588161870556038,-0.4968785919099721,-0.3818142627794297,-1.4505261065086565,-0.7648913517808806,-0.32347123217054863,-0.14964221238360786
3486,-0.952754541954965,-0.6173849834455636,0.3353695957860184,-0.6402510193903137,-0.1371966536687488,0.7850697813385727,-0.4801883204576606,-0.3658577679677414,-1.4405648495431311,-0.7545816091568497,-0.32012550969515685,-0.14481869671417955
3487,-0.9519031737199435,-0.6573718841148947,0.294531341655593,-0.6184924501551502,-0.1762714484054695,0.8042669001621741,-0.46231864307617454,-0.3608807518151041,-1.427776196417316,-0.7486933437245442,-0.3222886690461053,-0.1401196183343722
3488,-0.9547274168672393,-0.6143870241907977,0.3403403791320624,-0.6460415387738327,-0.13637516616978226,0.7852953798672601,-0.4756861800665544,-0.37467414764651563,-1.4449040425512474,-0.7670045505670608,-0.3369414327712559,-0.1572117237004243
3489,-0.9617851828054459,-0.6233656428438442,0.33841951403246895,-0.6504005391199873,-0.14157924435676886,0.791560846323357,-0.4758358351312377,-0.36797950623279013,-1.4405452877611613,-0.7643475548393808,-0.32949421931218553,-0.15543097007510168
3490,-0.9679985907692097,-0.6707391915720368,0.2972594364737899,-0.6326290695364251,-0.1829288839838707,0.815557878967062,-0.45732220995967676,-0.35061368187687986,-1.417698776321764,-0.7469595847497275,-0.3125034852880345,-0.1371966536687488
3491,-0.9737611407798542,-0.6346817120748782,0.3390794438713539,-0.6538601685846175,-0.14654190719261598,0.8004094385970824,-0.4655155298099648,-0.3536720115358284,-1.4309951027484562,-0.7603347508853044,-0.3215351967347843,-0.1462066333455746
3492,-0.9748795669176578,-0.6111081600711417,0.3637713983589141,-0.6640393401160132,-0.12466938275199313,0.7888040629564387,-0.47666499448201427,-0.36083325657998516,-1.444246764415325,-0.7780183202195966,-0.33128671282387895,-0.1559654806797266
3493,-0.9754563322669584,-0.6677619526000691,0.3076943776371748,-0.6393302520321853,-0.1794701243327832,0.8186559909107447,-0.4560434235618769,-0.3424227332991065,-1.4242000799109795,-0.7621238180955519,-0.31182432769058976,-0.13708241731032164
3494,-0.9756206897295658,-0.6707391915720368,0.30488146088091217,-0.6402510193903137,-0.1829288839838707,0.823179977927418,-0.4497001482759375,-0.3353695957860184,-1.4253209498353538,-0.762203633563972,-0.30488146088091217,-0.12957461994247227
3495,-0.9635236631627866,-0.6292084294795065,0.3343152115782882,-0.6455561943013589,-0.14819696732238014,0.7940777323588831,-0.4645974042104215,-0.3549273216228393,-1.4452682491539202,-0.783929593331095,-0.31928167377276,-0.14258415814096817
3496,-0.9583840171973903,-0.6667627257321419,0.2916213349797282,-0.6226944292777473,-0.1851516672514163,0.8071877122893268,-0.45332465346412804,-0.352141769619892,-1.4399253634603728,-0.7722563565037921,-0.311562312638605,-0.1419528629774344
3497,-0.9725393832748772,-0.7025083406797048,0.27003108741153864,-0.6217577657439528,-0.2127347433978816,0.8351561350899656,-0.4411886792844397,-0.342296965807918,-1.431777943120819,-0.7631329856965072,-0.3066773684206217,-0.1369543689962144
3498,-0.9756206897295658,-0.6554951427577921,0.32012550969515685,-0.6478731183506697,-0.1676847978930092,0.815557878967062,-0.45732220995967676,-0.3582357062840022,-1.4481868739502535,-0.7850697813385727,-0.32774757137889604,-0.14481869671417955
3499,-0.9614484119242089,-0.6513665678218333,0.31008176898391865,-0.6361485647535685,-0.17152123059852767,0.8060339758698599,-0.4558277326317035,-0.3571612010291302,-1.451239715129348,-0.7779994167370454,-0.32622186100297457,-0.14150426034929298
3500,-0.9622848981105341,-0.703274073334732,0.25901083561358323,-0.6084741025111794,-0.21982354647723523,0.8337743427896516,-0.43901548314137506,-0.33918634102589496,-1.438490166904647,-0.7573412650768369,-0.31205656180051367,-0.1314849065712542
3501,-0.9679905559387596,-0.6733328741871771,0.29465773661925404,-0.6278548522452826,-0.18529537641376312,0.819254808015212,-0.4463348547291598,-0.3488163723585892,-1.442705474385079,-0.7666822710046811,-0.32711395337476157,-0.1428028253774554
3502,-0.9679985907692097,-0.6402510193903137,0.32774757137889604,-0.6478731183506697,-0.15244073044045608,0.8003138301528174,-0.4497001482759375,-0.3582357062840022,-1.4481868739502535,-0.7698257325243281,-0.3353695957860184,-0.15244073044045608
3503,-0.9691417052178357,-0.6954509510808532,0.27369076923788027,-0.6193433782940218,-0.2069501719168608,0.8319213503528464,-0.42990933823614047,-0.3396497489548056,-1.4344585470001368,-0.7546921567993515,-0.3204228090697806,-0.14469562513590517
3504,-0.956473822981002,-0.6933361516939668,0.26313773431899007,-0.6041764158222989,-0.21258524808685367,0.8230585569478612,-0.43273355829587334,-0.3378401835094131,-1.4353995131567912,-0.7629493374631937,-0.3319376904668248,-0.1540220563296851
3505,-0.9411580260542928,-0.6332600488016814,0.3078979901008291,-0.6223496650527786,-0.16375339030087613,0.7836604492099452,-0.45535003787104117,-0.3541748140350875,-1.4505275552061436,-0.7800318058626732,-0.3550432331158337,-0.17079450354254122
3506,-0.9451325175478427,-0.6707391915720368,0.2743933073374976,-0.6097629217618243,-0.19817295143642377,0.8079359291131736,-0.4497001482759375,-0.34299165746975757,-1.4405648495431311,-0.7698257325243281,-0.34299165746975757,-0.16006275484757843
3507,-0.9414571056297555,-0.7080772978984063,0.23337982640969282,-0.58430755334452,-0.23344570349470456,0.8249289975100972,-0.4381100189405573,-0.33090935596626914,-1.4273818121029427,-0.7634805114789474,-0.33592700160342887,-0.15432432078531708
3508,-0.9281548888720479,-0.6445419796688122,0.28361289761889935,-0.6029478885098314,-0.17890767580857708,0.7867868256407261,-0.4559300537423117,-0.3479912993738704,-1.4471065403483223,-0.7846583829275146,-0.3603881420818149,-0.17569636019367857
3509,-0.9334718344104622,-0.6354177927109828,0.29805401136313003,-0.6169612779479441,-0.16824565411175663,0.7833449955192786,-0.46242621076886326,-0.3441620887062352,-1.4510598736656433,-0.7898390380496358,-0.36102404752121475,-0.18067687592175335
3510,-0.952754541954965,-0.6859833149395151,0.2667712829303753,-0.6097629217618243,-0.2057949944818545,0.815557878967062,-0.4420781238688152,-0.32012550969515685,-1.4329428251360088,-0.7774476823782167,-0.34299165746975757,-0.1676847978930092
3511,-0.9643426919394477,-0.6429115822143544,0.32143119943211007,-0.6390721670744319,-0.1567749825787537,0.8030281931754175,-0.4425689505599684,-0.32786314968472624,-1.4450556072210614,-0.7905467688413641,-0.3574010261638555,-0.18162396251102741
3512,-0.9740118717364594,-0.5927052305013087,0.38130667073900587,-0.6757380220128693,-0.10156967075829385,0.7818307821023791,-0.45742087452138214,-0.341027687742266,-1.4651905347886975,-0.8108220514431412,-0.37296440352313837,-0.19993433458339127
3513,-0.986193228708971,-0.619437907565363,0.3667553197132003,-0.6767825706093306,-0.12341395316226719,0.7990114846475567,-0.4409429231073658,-0.33143206470445113,-1.4597866787821177,-0.8035660141121198,-0.3617227021970615,-0.18297645389643757
3514,-0.9908647385438105,-0.5792747868567182,0.411589988963709,-0.7012273637537597,-0.08384239894650461,0.7850697813385727,-0.434456062185076,-0.34299165746975757,-1.4786751206852102,-0.815557878967062,-0.37347979237486373,-0.1829288839838707
3515,-0.9895026661152577,-0.47694217090763336,0.512560548647486,-0.7513992179906592,0.018098073559853368,0.7338081304636256,-0.4547774546148298,-0.37382504681654555,-1.5166239433139919,-0.8536186583471629,-0.4018231811464323,-0.20701467856329245
3516,-0.9937749918094098,-0.4427750167692848,0.5509999633314153,-0.7703723147098783,0.05199526027663006,0.7178060072999631,-0.4470654751379926,-0.3863717421518712,-1.524694628865543,-0.8630977901541003,-0.39874876264372533,-0.18726544861699088
3517,-0.9997274059063557,-0.3884180297766971,0.6113093450205311,-0.8017892814720942,0.10791947644546036,0.694222999844585,-0.44671064030283425,-0.4067888135417986,-1.5416994809829938,-0.8793035170651538,-0.4015679638249642,-0.16569492970860789
3518,-1.006108787358055,-0.24390517243239146,0.762203633563972,-0.8841562477376304,0.25914923988494454,0.625006970576069,-0.4878103448647829,-0.4649442343667991,-1.6006276603056349,-0.9375104931407205,-0.4268340377779537,-0.17530684093843993
3519,-1.0079824177023378,-0.14916296735909063,0.8588194570262015,-0.9344554041484716,0.35517968454963855,0.5788639343193354,-0.507461780831464,-0.5153063422260189,-1.6395808672210455,-0.9680042469211374,-0.416768880039716,-0.14770828820233428
3520,-0.9976561459409777,-0.10090673002723757,0.8967493825855904,-0.9445818622299258,0.3978842933993496,0.5475485831743923,-0.5219668735076542,-0.5444647370132857,-1.6571526392881109,-0.967624887937526,-0.38114609843182856,-0.09998765219029336
3521,-0.9882942377686157,0.030362725786210347,1.0186569289670073,-0.9999780920145054,0.5239524015577312,0.4745737538407957,-0.5771570240961811,-0.6021015435649902,-1.699817581869503,-0.9941969485393864,-0.3590269309462525,-0.07775504216443037
3522,-0.9832427141366882,0.15244073044045608,1.1356834259388358,-1.0594630327611452,0.6402510193903137,0.411589988963709,-0.6402510193903137,-0.6707391915720368,-1.737824248740304,-1.006108787358055,-0.3125034852880345,-0.03811018261011403
3523,-0.9630132443999075,0.1902775383687082,1.153290803327124,-1.0614947238527646,0.6674920632194341,0.3852503408877884,-0.6974221987792681,-0.7099923938929741,-1.7420037019873578,-0.9668822250689958,-0.22372637797651485,0.03465937283154055
3524,-0.926386465774438,0.27933957015006966,1.2057261007199147,-1.0701065721674228,0.7392421849926032,0.32487454062497806,-0.7875551092477897,-0.7607544697410729,-1.7568558319269405,-0.9306707870538288,-0.12665143612039004,0.11132032223614745
3525,-0.8689742721993716,0.41339286493521454,1.282367208467713,-1.079055389316749,0.8436990713812874,0.226279923070068,-0.9105916473186384,-0.8294665891401981,-1.7801353354900216,-0.8875102094398735,-0.009167187614639279,0.20127423560994334
3526,-0.7850697813385727,0.4420781238688152,1.2271479424840048,-1.006108787358055,0.8308019277813067,0.1676847978930092,-1.0442189839469005,-0.8841562477376304,-1.775934519882383,-0.8003138301528174,0.16006275484757837,0.32774757137889604
3527,-0.6887294675359901,0.4271504050197823,1.1158798759027715,-0.9009538605428752,0.7705449637917827,0.13036760127361313,-1.2062905893357836,-0.9523951672766175,-1.7704370390783968,-0.7070552799548779,0.34490898733608605,0.4576925860567472
3528,-0.5829503014457587,0.4208817540761117,1.003832057013605,-0.7969629915356126,0.7133025410149962,0.07935722173658148,-1.4124148998513788,-1.045323985070302,-1.784177965666459,-0.6154886305789717,0.5202725817979135,0.5651921197807357
3529,-0.46052109967864174,0.27165416986273594,0.7321752654480136,-0.5983775357416802,0.5008625767327225,0.0906684778880442,-1.6213837343505748,-1.116963978435816,-1.775394447267728,-0.4997411891527365,0.7165883153550235,0.6812361744753493
3530,-0.34299165746975757,-0.03811018261011402,0.3048814608809122,-0.32012550969515685,0.1295746199424722,0.190550908390993,-1.8140446419179947,-1.1661715981205587,-1.7530684466610165,-0.381101816781986,0.9222664443264759,0.8003138301528174
3531,-0.2528627731045063,-0.38389369271888046,-0.13103093456609183,-0.05981863629565456,-0.2591420247910968,0.3190401867961878,-2.0039418178155612,-1.2186523332123107,-1.75574903197053,-0.29066187397098603,1.0839388209666316,0.8755690498027097
3532,-0.18357616919198586,-0.8400492584379886,-0.6564731138097902,0.23717942955545562,-0.7453017025657376,0.5111219493358599,-2.1690874649816,-1.2535347378325856,-1.7576108618824484,-0.21636038667427804,1.2119440868058988,0.9217022275892196
3533,-0.12676168591832426,-1.4531415046075207,-1.3263798127499729,0.6046281432367577,-1.386174745528691,0.7903608048866163,-2.2797195420474816,-1.2560899426178798,-1.7374289165161219,-0.13071102151095876,1.3339985297112595,0.9648436400752253
3534,-0.0838423989465046,-2.0350837970439444,-1.9512413794591317,0.9375104931407205,-1.9893515014947432,1.0594630327611452,-2.3704533182767293,-1.2576359655592604,-1.7454462731474263,-0.07622036522022804,1.4024547275075194,0.9603766409153212
3535,-0.0483359004916124,-2.5332310360090204,-2.4848951831703596,1.2215733193993312,-2.5043748547696882,1.2902487000858842,-2.442579115925169,-1.2521569355784088,-1.7729523143029444,-0.06632878359905155,1.4132483103980662,0.9119070797376
3536,-0.017310862910865824,-3.052690822940055,-3.0353800054690283,1.5135337357377265,-3.0431075974285484,1.536934081961788,-2.452426589179493,-1.2056383401585133,-1.7583211982200675,-0.0328557287476012,1.4354945073695045,0.8851168948038151
3537,0.008389819004769965,-3.4810524764169317,-3.4894422769226754,1.7519256975884692,-3.4843397160611342,1.7406653195511148,-2.4323843577392354,-1.1340350605041094,-1.7142384135600606,0.013318519600965643,1.4462858081281116,0.854156280450788
3538,0.022866110497983837,-3.719553874934393,-3.7424199481557596,1.882643010688563,-3.727175899341515,1.8521547639536065,-2.4161856138259306,-1.067085131721501,-1.6768480534833254,0.030488146554048932,1.4100767519146418,0.7926918057456951
3539,0.029448261843702025,-3.9120926666427276,-3.941540882699032,1.9846672320164005,-3.926112943662136,1.9423475840598095,-2.363972631609006,-0.9847308394927029,-1.6166447542210642,0.05795339118950038,1.375122849795859,0.7545733830719039
3540,0.032010299254213885,-4.073889922545845,-4.1059001736932395,2.071485516480485,-4.088643929972041,2.0198309442480733,-2.2917569843190444,-0.8898681139232494,-1.5466609748546378,0.08023867314910323,1.3311820241323893,0.7231602948568514
3541,0.014569760446148217,-4.077338690716832,-4.091908423773817,2.0566256539932586,-4.080220544123861,2.0325941357988326,-2.239729742975765,-0.8316150005517525,-1.5194107831561297,0.04201257259022332,1.2358533937124645,0.6502283430092981
3542,-0.022866110497983844,-4.02443514943222,-4.001569076210853,1.9893515014947432,-4.009191100617976,2.0274617726368223,-2.187524583399326,-0.8079359291131736,-1.524407267127944,-0.038110182610114035,1.1128173527174687,0.571652725172979
3543,-0.05648477706746512,-4.002301368530846,-3.9458167038768006,1.9440478376672357,-3.9699274180481896,2.0329569781747026,-2.118426698181293,-0.7873219019972323,-1.535176323788725,-0.1386154665857014,0.9802018714869367,0.5105821794142628
3544,-0.09718947344460194,-3.877659662828336,-3.780470216109897,1.8434271421156445,-3.827347542298928,1.9920898022097688,-2.0508809904963408,-0.7909378915552024,-1.5840284434360894,-0.28880810423789327,0.8152526650558025,0.4314166064553694
3545,-0.1586449973409221,-3.6804927137773147,-3.5218476089382307,1.6862017439543455,-3.6009210578477377,1.922056664947949,-1.9745961569165016,-0.8134763186135003,-1.6629293369917322,-0.47109748262053863,0.6199766657515877,0.33331697752029277
3546,-0.2210390619344076,-3.5594910641718887,-3.338452058152406,1.5625175382700232,-3.445160698065054,1.8902650350956853,-1.8597769374671964,-0.8079359291131736,-1.7149581755189371,-0.625006970576069,0.4420781238688152,0.25152719683951374
3547,-0.27638459014205263,-3.412507205404447,-3.1361228482598853,1.4300692406666484,-3.2700780875105213,1.8477877487739574,-1.7213644392886436,-0.7789539072723684,-1.746028300383198,-0.7602337212824805,0.27901017963067676,0.1693957338483562
3548,-0.34148484916345473,-3.172338159437651,-2.830853253834593,1.2463671354859271,-2.997966147655803,1.75904301228633,-1.581079561560056,-0.7460211050465093,-1.7840120667960269,-0.8945269067466302,0.10467234924496792,0.07256914453473375
3549,-0.4106701332314192,-2.992487147790042,-2.5818166718711035,1.0897901128204721,-2.7837506682493967,1.701677409724973,-1.4069123384196105,-0.6827444630271553,-1.7825146374861056,-0.9683122304191336,-0.031218595811518257,0.004484946777570446
3550,-0.47256625877392133,-2.873507972892075,-2.400941565011686,0.9679985907692097,-2.637224619845413,1.6768480534833254,-1.2195258435236487,-0.6021408973547021,-1.7454462731474263,-0.9984868375041666,-0.12957461994247227,-0.04573222099596769
3551,-0.5386888075277692,-2.6819153059451546,-2.1432265224343534,0.8064106993460918,-2.4134693034606562,1.6145855170140242,-1.071704961034379,-0.5474409496470682,-1.7305942372615244,-1.0461502216629905,-0.25016023544448307,-0.1248670519463241
3552,-0.6141852051598187,-2.506142413321702,-1.8919571046384034,0.6406946333025336,-2.1966978493907656,1.563781354854281,-0.9357246923996322,-0.4990524220775202,-1.714515865887487,-1.0648320458136842,-0.3509843910239754,-0.1952897029520817
3553,-0.6858930035179593,-2.431825981614147,-1.7459328500918248,0.5301109905147343,-2.0848785287066587,1.562228787298421,-0.7905381010316732,-0.43670102259983307,-1.6666075495144717,-1.046321458505928,-0.4067678111748628,-0.23347303146169296
3554,-0.7545816091568497,-2.3247211718339953,-1.5701395626771455,0.411589988963709,-1.9436193550520091,1.5396514650486561,-0.6859833149395151,-0.4039679645565868,-1.646359955854836,-1.0594630327611452,-0.4801883204576606,-0.2896373934283591
3555,-0.8238847340527777,-2.1636781960969373,-1.3397934770710342,0.2627459755965021,-1.7477134625242854,1.4931619033687253,-0.6128272614921032,-0.39586589510967307,-1.6507518588450245,-1.0779059535044375,-0.5616601059776903,-0.3533965377403768
3556,-0.8831593526049759,-2.0752635601813503,-1.1921041917006698,0.15587534421439211,-1.6313719186953985,1.4799710904803978,-0.5266845957038553,-0.36264384042552616,-1.6194153090213368,-1.05519896851474,-0.6004384905091605,-0.3781029455666103
3557,-0.9288795633054047,-1.9846479384841467,-1.0557683902334392,0.06324336534029357,-1.5210783106141963,1.4561757631136698,-0.4495099729500869,-0.32542937020708185,-1.5836839308196264,-1.031514809485438,-0.6304007995929873,-0.3985540117050179
3558,-0.9756206897295658,-1.8140446419179947,-0.8384240267416627,-0.0685983268343744,-1.3262343343298288,1.3948325539939297,-0.4039679645565868,-0.3125034852880345,-1.5777615870842678,-1.0289749351326558,-0.678361215979159,-0.434456062185076
3559,-1.0182928419589106,-1.6849226199654732,-0.6666299184726916,-0.17580105676549942,-1.1723081983530688,1.3549923932860453,-0.34919301119976076,-0.28268373353151555,-1.5479157305611868,-1.004893120449266,-0.6926626802206763,-0.43979475263999984
3560,-1.0418679207395058,-1.6033776241404818,-0.5615098324871739,-0.24019906016041007,-1.0799239516000982,1.325218384939576,-0.2880262033058881,-0.23645386410322253,-1.4982541932605544,-0.9622343711273934,-0.6690817241158337,-0.42569975573312596
3561,-1.0560634587892421,-1.4469021242864246,-0.3908387120081349,-0.3326501739118229,-0.9197735954800677,1.2505885234932068,-0.2591364237482268,-0.21705187726769265,-1.4699211253223656,-0.9382328235743018,-0.6642518689561443,-0.4289807398165524
3562,-1.067085131721501,-1.2957462367013395,-0.22866110497983838,-0.41921201337083136,-0.762203633563972,1.1814156469348034,-0.22866110497983838,-0.19817295143642377,-1.4405648495431311,-0.9070223209589974,-0.6554951427577921,-0.41921201337083136
3563,-1.062496580671348,-1.2319873241926054,-0.16949075127200366,-0.44402006681259215,-0.6973386794419995,1.1481731570601545,-0.1774133321096459,-0.15562868809460395,-1.392044455255119,-0.8522150255632504,-0.613810421447917,-0.38348732715835754
3564,-1.0528222139152152,-1.1381840161649865,-0.08536184868360837,-0.4783636206230432,-0.6090925043858999,1.0928009660811515,-0.165439092669513,-0.13604148906930108,-1.361839204981754,-0.8222913735197189,-0.5907978398394848,-0.3626590126149204
3565,-1.0515406001818421,-1.0025778974002897,0.04896264499885236,-0.5480570547289664,-0.47787611405480623,1.0237961488967344,-0.175482816846067,-0.134767026163745,-1.3511291871797009,-0.8076314194895562,-0.5807796292427886,-0.35335590842489045
3566,-1.0518410829072564,-0.9603766409153212,0.09146444199193532,-0.571652725172979,-0.434456062185076,1.006108787358055,-0.15244073044045608,-0.10670850944448843,-1.3186123099227065,-0.762203633563972,-0.5411645902678729,-0.32012550969515685
3567,-1.0459527297271527,-0.9358918718203617,0.11006086920305262,-0.5745660106253019,-0.4091610618110527,0.9912504350497042,-0.1343335282726662,-0.07869310356171595,-1.2780394101926738,-0.7204199604490985,-0.5069451208217349,-0.2908680981027158
3568,-1.0388783150800043,-0.8275009010977169,0.211377364237471,-0.6230545684223819,-0.3061821573887092,0.932957767451144,-0.14756561079532626,-0.07537788512155365,-1.2664542899005473,-0.7126625871826651,-0.49787563880757013,-0.29298062402089
3569,-1.0345723063746943,-0.7711815173114049,0.26339077704410585,-0.6488994369426438,-0.25380676601776736,0.9029285628478761,-0.14979087890372442,-0.060807064732750576,-1.2466590083421494,-0.6886343992352629,-0.4791035108033215,-0.28224276371781315
3570,-1.0289749351326558,-0.7850697813385727,0.24390517243239146,-0.6326290695364251,-0.2667712829303753,0.9070223209589974,-0.1371966536687488,-0.03811018261011402,-1.2195258435236487,-0.6554951427577921,-0.45732220995967676,-0.25914923988494454
3571,-1.017203698708374,-0.7129857937393181,0.3042178391638715,-0.6562810381671802,-0.19956896660109688,0.8653752691135691,-0.14080023724116877,-0.04174102279311598,-1.2232868111618511,-0.6587034835240857,-0.4560486673651122,-0.26345457072680833
3572,-1.0030283946975382,-0.6351208898864324,0.3679074769133675,-0.6822666207897707,-0.13227397042351227,0.8174192611702823,-0.14672183402163624,-0.04525071723073845,-1.2185531649287409,-0.6588361608409494,-0.45116389462024,-0.2620690605301978
3573,-0.9822181716760952,-0.6604567291170992,0.3217614866884933,-0.6478572857009375,-0.16946639658552165,0.8168738075100641,-0.13002747054160357,-0.020818009600826623,-1.1838072921320217,-0.6283820237293001,-0.4237236244387199,-0.23359977439389581
3574,-0.9603766409153212,-0.6478731183506697,0.3125034852880345,-0.6326290695364251,-0.1676847978930092,0.8003138301528174,-0.12195258621619573,-0.007622036638512233,-1.173793622527681,-0.6097629217618243,-0.4039679645565868,-0.2210390619344076
3575,-0.9467507393810799,-0.5765631708521151,0.370187533366046,-0.6548964965884131,-0.10333741706774131,0.758349291281396,-0.13042236976575253,-0.015524660711099009,-1.1821046904260655,-0.6051843907149499,-0.39893277484321527,-0.22323210595605267
3576,-0.9417382533092483,-0.5975697430777842,0.34416856638119414,-0.6387350754373107,-0.12635333020553235,0.764940523359121,-0.11871800971974256,-0.005530887068085139,-1.1667804354657156,-0.5880642718381329,-0.38490254262193524,-0.20959173845117973
3577,-0.9475089263309142,-0.6334193341266161,0.3140895985175671,-0.6276497056882392,-0.16006465629177263,0.7878298721801928,-0.10404440853777713,0.011242087160153224,-1.144310851154974,-0.5640326754815589,-0.36979097685544504,-0.19500393982820236
3578,-0.9603766409153212,-0.5792747868567182,0.381101816781986,-0.6707391915720368,-0.09908647571821189,0.7698257325243281,-0.10670850944448843,0.007622036638512235,-1.143305450345958,-0.5564086763587344,-0.37347979237486373,-0.19817295143642377
3579,-0.9659912281654153,-0.5726999734534348,0.393291306022931,-0.6805471089495719,-0.0863852755422719,0.7667178030040669,-0.09714128622916415,0.014686943849803234,-1.1346889364415276,-0.547889452235762,-0.3707629510099428,-0.19483982723484392
3580,-0.970421326517627,-0.6344119055474395,0.3360094950818324,-0.6506089126650512,-0.14658977408752122,0.7976122285425237,-0.085554014102003,0.037689666044990314,-1.1128194240809006,-0.5261184276279702,-0.3575426342368588,-0.1841314386884019
3581,-0.9761626271752302,-0.6147844604119543,0.36137818865571664,-0.66541728753364,-0.12756124631756227,0.792573810542624,-0.09631403505238764,0.032907579102195224,-1.1164712192256916,-0.5314203082369533,-0.3751500415024122,-0.19757726124756628
3582,-0.9756206897295658,-0.5792747868567182,0.39634590287284754,-0.6859833149395151,-0.09146444199193535,0.7774476823782167,-0.09908647571821189,0.022866110497983837,-1.1280614015317134,-0.5487866146749952,-0.39634590287284754,-0.21341701888897685
3583,-0.9737787678728105,-0.6262168819147909,0.3475618318464474,-0.6612863297218632,-0.13867995989536958,0.8007648485547998,-0.08099664932713779,0.04523309128518142,-1.1104063033578941,-0.5318487489504768,-0.3789942746412764,-0.20188851461008966
3584,-0.9765910270895766,-0.6300717964845232,0.3465191480255264,-0.6597661025348929,-0.14289352697677088,0.8008927182658598,-0.07361616068803303,0.05856219397475708,-1.1024429986349904,-0.5258572384922077,-0.37480379400511715,-0.20053916564944368
3585,-0.9723083596060216,-0.5689500784387151,0.40335827460130436,-0.6832394850396963,-0.08145868913877836,0.7671692277774605,-0.07641039222667738,0.05209939207886313,-1.115435986213642,-0.5470832337231737,-0.39284874328815733,-0.21776915500488642
3586,-0.9679985907692097,-0.5868968112638405,0.381101816781986,-0.6707391915720368,-0.09908647571821189,0.7774476823782167,-0.0685983268343744,0.0685983268343744,-1.1051953283103464,-0.5411645902678729,-0.381101816781986,-0.2057949944818545
3587,-0.9729412260564775,-0.6204302378276533,0.3525109965932829,-0.6625242471192951,-0.1330403667140357,0.7974088965710603,-0.06135550335057797,0.08542286472766897,-1.0877859114070232,-0.5243403044496022,-0.36874161931194105,-0.18757336361232027
3588,-0.9755759661880077,-0.5653829090696937,0.4101930440319099,-0.6911975353561706,-0.07801658461613933,0.7685187178346442,-0.05974643646900501,0.07545481502765161,-1.0970692234711124,-0.5334012987518293,-0.3866694254535752,-0.20336434670063624
3589,-0.9748260260634943,-0.5460997920223777,0.4287261825814295,-0.6975712605186908,-0.05869032268582937,0.7560179624805217,-0.04777095451574515,0.08257225730974105,-1.090188146192447,-0.5267663589846194,-0.382001877983004,-0.1989443532225112
3590,-0.9756206897295658,-0.5868968112638405,0.38872384118910835,-0.678361215979159,-0.09908647571821189,0.7774476823782167,-0.030488146554048932,0.10670850944448843,-1.067085131721501,-0.5030543936790275,-0.3582357062840022,-0.17530684093843993
3591,-0.9693416489259064,-0.5492641355955376,0.42007757215650915,-0.6905445377058201,-0.06174274195206323,0.7588415735290642,-0.028391749561777035,0.10303883392530769,-1.070688166437708,-0.506710687451503,-0.36709501286543156,-0.19052995741792952
3592,-0.9655094247118952,-0.5040898087019076,0.46141967741542134,-0.7116262372802157,-0.016915197303747766,0.7336277248420752,-0.03141493280384011,0.09971289272445358,-1.0692764931632808,-0.5065331235015971,-0.37398990196348225,-0.19888320438280993
3593,-0.9681175551081949,-0.5548530972458547,0.41326449795403836,-0.6909461779056747,-0.06718887161283887,0.7567213383457971,-0.016432038998980283,0.12254042315637445,-1.0411240765596472,-0.4767446638767358,-0.3486165628134954,-0.17479278114908378
3594,-0.9679985907692097,-0.5640307007658567,0.4039679645565868,-0.6859833149395151,-0.07622036522022804,0.762203633563972,-0.007622036638512235,0.12957461994247227,-1.0289749351326558,-0.4649442343667991,-0.34299165746975757,-0.17530684093843993
3595,-0.9618291345013359,-0.5060997632907978,0.45572937395260815,-0.7093358026760527,-0.023799005200693855,0.7335717299859954,-0.016117502987036972,0.12020566321848809,-1.0302212868059772,-0.472911349941543,-0.35763617378641066,-0.19043110951753736
3596,-0.9565972714155633,-0.5325697400721122,0.4240274443694362,-0.6878932934101887,-0.05581854849616403,0.7434496325485035,-0.002490501867728325,0.13527361226863982,-1.0177211643578434,-0.4620276238682164,-0.3496772524376885,-0.1825310829540021
3597,-0.963871770750504,-0.5759944196242727,0.3878772975662412,-0.6725601326985314,-0.09251714877966849,0.7650439412681388,0.020385021706012665,0.15718064773373902,-1.0014374369260557,-0.44646981952102205,-0.34433901077685203,-0.1753660308503892
3598,-0.9832427141366882,-0.5335425658607506,0.4497001482759375,-0.7164714125680044,-0.03811018261011402,0.7545816091568497,0.015244073277024466,0.15244073044045608,-1.006108787358055,-0.45732220995967676,-0.3658577679677414,-0.190550908390993
3599,-0.9912848854601843,-0.5303260637893832,0.4609588255440233,-0.7261908420079098,-0.034049613643830696,0.7607925723209242,0.01582252521062212,0.15287761263209615,-1.0049128370480822,-0.4622704473144554,-0.37035586260694314,-0.19488272055022166
3600,-0.9849898902919639,-0.5777721049684322,0.40721778099671235,-0.6966089498443437,-0.08420519250366325,0.7793685559328887,0.038857272862919415,0.1761785599835804,-0.9802292285793635,-0.4439439045475629,-0.35848512579818326,-0.1810637577889418
3601,-0.9827221440759981,-0.5418486513039855,0.4408734963444116,-0.7106947432184663,-0.04572161011157083,0.7586592510646722,0.044886181180541426,0.18150776753010187,-0.977954196430342,-0.4453506658716911,-0.37283911481587917,-0.18791950753108574
3602,-0.9832427141366882,-0.49543236927190526,0.4878103448647829,-0.7317155359354828,3.5877138743626774e-19,0.7393375603426051,0.04573222099596767,0.1829288839838707,-0.9832427141366882,-0.4497001482759375,-0.381101816781986,-0.19817295143642377
3603,-0.9673770214909548,-0.5259550333783631,0.4414219577282111,-0.7037088146329638,-0.041460679153655894,0.7473458294278399,0.06925872069626803,0.21216464271972837,-0.9528177341296555,-0.42448479739515904,-0.36063430602032054,-0.18486444549187162
3604,-0.9452265901601832,-0.5134721535191866,0.43175440638761864,-0.6871759274893402,-0.042688258798806646,0.7285235219551556,0.07766626980260856,0.22354306188720707,-0.944743202802878,-0.42436933238623253,-0.3685429319816198,-0.1926256784537882
3605,-0.9344043832105196,-0.44561458067210014,0.4887898162470844,-0.707569114675636,0.017392010811275636,0.6906449302843998,0.06643164801449775,0.21052893793305227,-0.9634005109154563,-0.445877600275862,-0.3934453830179464,-0.22004973278816986
3606,-0.9298884687335982,-0.45732220995967676,0.47256625877392133,-0.7012273637537597,0.007622036638512234,0.6936053393466374,0.09146444199193535,0.23628312938696067,-0.9375104931407205,-0.41921201337083136,-0.37347979237486373,-0.2057949944818545
3607,-0.9224662890141817,-0.4836853456141848,0.43878090115262897,-0.6818225090354681,-0.0177216083733527,0.6996279151611728,0.12692107778969938,0.2721982670072096,-0.9005906925005798,-0.38702947763737006,-0.3533659144672894,-0.1856362118372471
3608,-0.9249763012017947,-0.4330254882208783,0.49195080541349046,-0.7056614075374722,0.028652194791357034,0.6765183935551171,0.12503390970733924,0.268562132097132,-0.9035704639283899,-0.39977262446240547,-0.37328211008259515,-0.20887643645297554
3609,-0.943921096815344,-0.43040487928796084,0.5135162048848123,-0.7253744939310349,0.03810435859817093,0.687993673225644,0.13940471194593734,0.28579515068227845,-0.8884577099824559,-0.38404628137450836,-0.3641039030740884,-0.20538017995242625
3610,-0.9603766409153212,-0.4878103448647829,0.47256625877392133,-0.7164714125680044,-0.007622036638512234,0.7240934369751267,0.17530684093843993,0.32774757137889604,-0.8536680755559074,-0.34299165746975757,-0.3353695957860184,-0.17530684093843993
3611,-0.9650249858844262,-0.46245775525307875,0.5025672805164734,-0.7346603012382213,0.01729382461279556,0.7106557239153887,0.17221915184478098,0.3250350387528733,-0.856186589034123,-0.351021654611257,-0.350516547114923,-0.19456034655910315
3612,-0.9726121489749205,-0.4233755700311531,0.5492366447982321,-0.7585391204353621,0.0598471817428423,0.6936776893999377,0.1702501045104171,0.32379038666840415,-0.8574666207910469,-0.35679891797790914,-0.35822453586186753,-0.2125880409243534
3613,-0.9729268135329189,-0.46758325805113055,0.5053435254228309,-0.7352213948122083,0.019921817089072945,0.7167687990350746,0.2013779518601688,0.36582500060633344,-0.8269717615670026,-0.32327823568633945,-0.3360574049536367,-0.18959805086988096
3614,-0.9603766409153212,-0.4649442343667991,0.49543236927190526,-0.7240934369751267,0.015244073277024466,0.708849388160882,0.21341701888897685,0.38872384118910835,-0.815557878967062,-0.3125034852880345,-0.34299165746975757,-0.190550908390993
3615,-0.947981386079511,-0.3968797083751984,0.5511016785413584,-0.7452473809659453,0.07653019525200287,0.667993767444137,0.21404347227631892,0.38987290357545545,-0.8137949590397473,-0.3166055052653185,-0.3591239798206808,-0.20711400613304554
3616,-0.9359569402895784,-0.40450395625353697,0.5314529652981131,-0.7320592700740097,0.0642099230420102,0.6687271636534566,0.24400231067201153,0.41867388458949795,-0.7865021740128566,-0.29570692742268023,-0.3484982326664643,-0.19290697684379599
3617,-0.9272963042804185,-0.4231290623100425,0.5041672006980994,-0.7155565945218536,0.03999548657648142,0.6749497543959313,0.27295509082431607,0.44827875196039024,-0.765757021013569,-0.279902157059599,-0.34430015056318425,-0.18323364631593772
3618,-0.9298884687335982,-0.3582357062840022,0.571652725172979,-0.7469595847497275,0.10670850944448843,0.6402510193903137,0.2743933073374976,0.4497001482759375,-0.7698257325243281,-0.2896373934283591,-0.3582357062840022,-0.19817295143642377
3619,-0.9391006007299324,-0.3408327630045975,0.5982678233771623,-0.7639138526129651,0.1295788834728383,0.6354387829548519,0.2868016190918642,0.46211661387826763,-0.7517496955296183,-0.2785995249981568,-0.350683048937177,-0.19117480280698484
3620,-0.9566885167633203,-0.39081378997068195,0.5658747570761516,-0.7599711925806846,0.08483092677255585,0.6708988009012808,0.3157941722351624,0.49034628476872766,-0.7151359637504309,-0.24294254673752208,-0.3308340785329682,-0.17037470525126613
3621,-0.9704021547037109,-0.3596846098198741,0.6107175706702879,-0.7903137520218927,0.12235741653356144,0.6604500579829333,0.31663930334291834,0.4930678297728838,-0.7102704361194048,-0.2392352706837821,-0.34174857525031255,-0.18272122575824976
3622,-0.9756206897295658,-0.3125034852880345,0.6631171671649144,-0.815557878967062,0.17530684093843993,0.6402510193903137,0.3125034852880345,0.49543236927190526,-0.708849388160882,-0.24390517243239146,-0.35061368187687986,-0.19817295143642377
3623,-0.9809855652027577,-0.34880380008418277,0.6321817158407851,-0.8015828473581933,0.13928549325267323,0.6648862853477734,0.33604057870310455,0.5246318382967475,-0.6733060007862832,-0.2144658371156788,-0.3308416618294966,-0.18603126804090397
3624,-0.9830420802539487,-0.33953224745802474,0.6435098271892682,-0.812567943179663,0.14701692671508362,0.6591397538338712,0.34378913338559125,0.5381782515722078,-0.6554182192609959,-0.20284909921074895,-0.33475906786917076,-0.18637370997087932
3625,-0.982419218125729,-0.27009180159637924,0.712327439382872,-0.8464182588632551,0.21796416887666373,0.62285274927866,0.33316354962920103,0.5321676514699676,-0.6648841395504614,-0.21631118831791252,-0.3545098169983523,-0.20216700435380514
3626,-0.9832427141366882,-0.28201535038292835,0.7012273637537597,-0.8384240267416627,0.2057949944818545,0.6326290695364251,0.35061368187687986,0.5487866146749952,-0.6478731183506697,-0.19817295143642377,-0.34299165746975757,-0.19817295143642377
3627,-0.9817171669649072,-0.30381256036975807,0.6779046050656885,-0.8289803180304105,0.18243616156978812,0.6405438664185857,0.37243500808624147,0.5695001297412443,-0.6197101298885331,-0.17014658266183447,-0.33198700519686186,-0.1941681277815579
3628,-0.9862699576147765,-0.24344799428946687,0.7428220257552175,-0.8636368709752206,0.24835547252989681,0.609523724520302,0.3679306065060033,0.569524304759721,-0.6184776812904494,-0.1695040239921251,-0.34572056210164986,-0.20888903185798516
3629,-0.9902128601694113,-0.22722731895682052,0.7629855714128309,-0.8717783142828001,0.26753328029380447,0.6062474477915362,0.36878196561887006,0.575609382210925,-0.6112498472816212,-0.1619250879369896,-0.3482709451912472,-0.21107022485128094
3630,-0.9832427141366882,-0.2667712829303753,0.7164714125680044,-0.8460460511487851,0.2210390619344076,0.625006970576069,0.38872384118910835,0.5945188729475798,-0.5868968112638405,-0.1371966536687488,-0.3353695957860184,-0.19817295143642377
3631,-0.9715539165434128,-0.22435284522409793,0.7472011428902803,-0.858664944731959,0.2569299677297944,0.5955762421881624,0.3920981274459593,0.5966163731414826,-0.5833082900148747,-0.1292576716354441,-0.3384658366632026,-0.20184712447548267
3632,-0.9547683536857434,-0.16781899106438553,0.7869494334764248,-0.8715478969159784,0.30668569516039157,0.5557954323092902,0.3852150398086104,0.5928877253014324,-0.5859605062104376,-0.1239071498741125,-0.3457220378159897,-0.20581802745994854
3633,-0.9270177417399893,-0.19690627171866856,0.7301114459352899,-0.8276781502883972,0.26202083918103664,0.5598947458838439,0.4046657902109898,0.6075262517676479,-0.561736942760245,-0.09657330381868307,-0.32729331801771705,-0.1800723930440712
3634,-0.9070223209589974,-0.190550908390993,0.7164714125680044,-0.8079359291131736,0.25914923988494454,0.5487866146749952,0.411589988963709,0.6097629217618243,-0.5564086763587344,-0.0838423989465046,-0.32012550969515685,-0.1676847978930092
3635,-0.9005192769573066,-0.12328128968519932,0.7772380278695041,-0.8348124104940767,0.32694654985914984,0.5081983154231187,0.38536000185918584,0.5940653786286658,-0.5731340132414263,-0.08789374588212295,-0.3308073249191311,-0.17806212820688994
3636,-0.8936102026980496,-0.13054272950591342,0.763067495481491,-0.8247288487612556,0.3141793554092719,0.5105291205719671,0.3864128542094855,0.6052496895473374,-0.5519798859515646,-0.06463368058868396,-0.30780395301820174,-0.15595099449342364
3637,-0.8917856484131782,-0.16286749783831586,0.7289181731270288,-0.8064793935978416,0.279544078264796,0.5266881718780582,0.394943767977574,0.616827586778046,-0.531097409310367,-0.042115183412365545,-0.2877796233819106,-0.13501496890119502
3638,-0.899400296551875,-0.11433055248991919,0.7850697813385727,-0.8384240267416627,0.3353695957860184,0.5030543936790275,0.3658577679677414,0.5945188729475798,-0.5487866146749952,-0.05335425472224421,-0.30488146088091217,-0.15244073044045608
3639,-0.9039808972128471,-0.09712102651768548,0.8068599099172546,-0.8514330592123637,0.35283217570460723,0.499729621507939,0.3530007362735263,0.5877226232700079,-0.5425608203842768,-0.0481889106741792,-0.29444878218366355,-0.1473227624737857
3640,-0.9137236229891375,-0.15235644439075188,0.7613672087040962,-0.8351433890514197,0.29879324966654536,0.5318273028947231,0.36905868841027734,0.6080998567218143,-0.5176722907726922,-0.01667991089675003,-0.25869464622058325,-0.1183304331179211
3641,-0.9230614463938147,-0.1351924350919224,0.7878690233876526,-0.8564265906777395,0.32424449326370725,0.5250689188572961,0.3579157586186982,0.6041141352345057,-0.5218335250311052,-0.008059944773869438,-0.25266386282934905,-0.11707681149156214
3642,-0.9146444199193535,-0.09146444199193535,0.823179977927418,-0.868912124370152,0.3658577679677414,0.5030543936790275,0.3353695957860184,0.5868968112638405,-0.5259205414536282,-0.007622036638512234,-0.25152719683951374,-0.12195258621619573
3643,-0.896187660668001,-0.1317335158861644,0.7644541517122325,-0.8266578720228224,0.3132259342165902,0.5150907023639808,0.3357076727220266,0.5916469500236978,-0.5071250567997486,0.015796516039030005,-0.22777205057110725,-0.1045758007325393
3644,-0.8826721150464821,-0.13490701630898144,0.7477651062584788,-0.8131095482401295,0.30253114027656924,0.5062737933243642,0.322607455941446,0.5891669585998328,-0.5044828104327347,0.025319506899431025,-0.21689311319190013,-0.09752993522552338
3645,-0.8723854259018982,-0.0741617752746548,0.7982236476854483,-0.8357477661746028,0.35797124686583837,0.4692509619863699,0.28452156767099335,0.5620552368238079,-0.5234858435062755,0.01126406096221595,-0.22078015132415332,-0.11046643682950906
3646,-0.8612901745162636,-0.09146444199193535,0.7698257325243281,-0.815557878967062,0.3353695957860184,0.47256625877392133,0.2667712829303753,0.5564086763587344,-0.5182984797698891,0.022866110497983837,-0.19817295143642377,-0.09908647571821189
3647,-0.844369448004033,-0.11976854929476086,0.7246009136241567,-0.7846630282338813,0.3019613806654669,0.48083692926748245,0.2594008941149261,0.5620571905657891,-0.5053325612676733,0.04095642204666823,-0.16983953784981048,-0.07169028756175615
3648,-0.8247084144555015,-0.06076113389721334,0.7639472943344429,-0.792757138643586,0.3501603284457732,0.44412738066408863,0.2279582728694476,0.5323495679741997,-0.5310314176489097,0.02326979930185715,-0.17034917090291343,-0.07243539496500012
3649,-0.8116527662966865,-0.045821085166110706,0.7658316483709661,-0.7842231752401645,0.3559457217930698,0.4272811329771581,0.19821180808268488,0.5051622219654163,-0.549928574207273,0.018586047301461794,-0.16023621708798338,-0.07339706134340879
3650,-0.8079359291131736,-0.09908647571821189,0.708849388160882,-0.7545816091568497,0.30488146088091217,0.4497001482759375,0.1829288839838707,0.5030543936790275,-0.5411645902678729,0.03811018261011402,-0.12957461994247227,-0.05335425472224421
3651,-0.8071940133375256,-0.0794205916985744,0.7277733683002834,-0.7665640528237041,0.32563139738502767,0.44264674597257425,0.14630483866234004,0.4776129224756357,-0.5590799322647175,0.024473813476610748,-0.12590414921573118,-0.050404017258978986
3652,-0.8058213985961011,-0.04583642692661674,0.7599849222583386,-0.7839093628125958,0.3536992762746382,0.4247363937154153,0.10221077753598382,0.44573598142177423,-0.5876187503654569,0.008586434518445804,-0.1278452638444879,-0.0530882202195913
3653,-0.7943376927107982,-0.09794250906771702,0.6963951764903726,-0.7441829412514094,0.29652026801386216,0.441466367355264,0.08961627597623452,0.44206374115365166,-0.582145741634016,0.032959566438080866,-0.09206945412751641,-0.027391352413335943
3654,-0.7774476823782167,-0.11433055248991919,0.6631171671649144,-0.7164714125680044,0.2743933073374976,0.4420781238688152,0.0685983268343744,0.4268340377779537,-0.5868968112638405,0.03811018261011402,-0.0685983268343744,-0.007622036638512233
3655,-0.7698880422659716,-0.0743986735739383,0.6954893577005411,-0.7315052041523697,0.307600747003817,0.41886876958408903,0.019928273579828584,0.3851888484521827,-0.6174537928692553,0.011834571730587305,-0.07741717716848164,-0.009584115808160196
3656,-0.7648582030029082,-0.11188103056669925,0.6529771476252144,-0.7099158819155318,0.26652438366619047,0.4337075642905159,-0.004808470196239832,0.3588503767889042,-0.6282371859079772,0.011434654925090404,-0.0594624525421111,0.00587035253410292
3657,-0.7462503283396345,-0.15737567579104317,0.5888746916471583,-0.6666497585246414,0.21168265481043486,0.4490631220136559,-0.025995901088359162,0.34353062262098266,-0.6391898701543539,0.01106042814505671,-0.03230949705316059,0.027678842879035576
3658,-0.7240934369751267,-0.11433055248991919,0.6097629217618243,-0.6631171671649144,0.24390517243239146,0.41921201337083136,-0.07622036522022804,0.30488146088091217,-0.678361215979159,-0.022866110497983844,-0.03811018261011402,0.022866110497983833
3659,-0.706398352273341,-0.10997185525968288,0.5964264854087908,-0.6468717718062328,0.2429903922656691,0.4058861840473735,-0.10486484331050018,0.2703292905931972,-0.6995588694772205,-0.039347686392249684,-0.03172259010368084,0.028583906843862656
3660,-0.6880374877084126,-0.16688081754944273,0.5211566553406464,-0.6030733872593826,0.17518215505954185,0.42195687802535026,-0.11131422911576906,0.2638530148716262,-0.7048639314264298,-0.037855809137416686,-0.007012581804163525,0.057616212385883214
3661,-0.674201299966966,-0.15461004771565395,0.5195912597442562,-0.5970250421720029,0.1790305478357136,0.41226533517156705,-0.14354250115698466,0.23878714214551205,-0.7375635157763758,-0.06598012987169022,-0.013730125362302295,0.0554386176113102
3662,-0.6707391915720368,-0.1371966536687488,0.5335425658607506,-0.6021408973547021,0.19817295143642377,0.4039679645565868,-0.1829288839838707,0.19817295143642377,-0.7774476823782167,-0.09908647571821189,-0.030488146554048932,0.03811018261011403
3663,-0.6742439041270297,-0.2059390999579745,0.4683048446483706,-0.5718179823410029,0.12883309940880908,0.4366438379899803,-0.19613398328339776,0.18510135426315602,-0.789793116810879,-0.10494870558385426,-0.01961068374196406,0.05402187560675675
3664,-0.6861302173619189,-0.2402559751231721,0.44587425653112156,-0.5637008375708116,0.09788254229718753,0.4610876971811271,-0.20797916990115245,0.16940400852443818,-0.8041934638133935,-0.11954550850494848,-0.01641322986255992,0.06378526137225367
3665,-0.6954216233274685,-0.21611384444130405,0.4793077494501299,-0.5838939840364596,0.1283211211442262,0.45574981536278375,-0.23987045646852143,0.13188764834937747,-0.8443900936507773,-0.157164883380269,-0.03737763991748816,0.04855599589736442
3666,-0.708849388160882,-0.2743933073374976,0.434456062185076,-0.571652725172979,0.07622036522022806,0.4878103448647829,-0.25914923988494454,0.10670850944448843,-0.868912124370152,-0.17530684093843993,-0.03811018261011402,0.05335425472224421
3667,-0.7326243027760417,-0.3497142221028634,0.38291006052437715,-0.558229315310933,0.012331065387496067,0.5364254429843751,-0.27132211763760855,0.08642207892122945,-0.8796195748940259,-0.18660906179036554,-0.02785274936550773,0.059116387086671815
3668,-0.744049241835363,-0.32599658347057636,0.4180525935756129,-0.5806566606002751,0.04389484086846225,0.533476455093153,-0.30916584241623446,0.05201670963242495,-0.9240357286051493,-0.22832433500345112,-0.04165204328691504,0.03664521178152405
3669,-0.7488954460193493,-0.33599903113979507,0.412896409815821,-0.5810582924759737,0.039281400858800455,0.5428478926865342,-0.3295798134698089,0.022526920690267814,-0.9587067769663253,-0.25580890988888166,-0.04144991596284672,0.03453188277087156
3670,-0.762203633563972,-0.411589988963709,0.35061368187687986,-0.5564086763587344,-0.030488146554048932,0.5868968112638405,-0.32774757137889604,0.007622036638512233,-0.9679985907692097,-0.25914923988494454,-0.022866110497983833,0.05335425472224421
3671,-0.7682506715950316,-0.39918590642264246,0.3690647050544085,-0.5687975776068847,-0.018671282471676164,0.5808656793926668,-0.35931667066598083,-0.018030511181351575,-1.0095274994551378,-0.29489910986803547,-0.040964923049230065,0.0395645549658965
3672,-0.7723552927472199,-0.3677798486966955,0.4045754200021575,-0.5870794179313011,0.016252827812904068,0.5654811116579324,-0.3877155254474093,-0.05226310347798174,-1.0534430367864378,-0.3372165745143357,-0.0699562754313421,0.020005773310614403
3673,-0.7782516587418118,-0.4289423647356645,0.34930939699035946,-0.559029081106008,-0.03940434463546214,0.6002775531343052,-0.37512325902427845,-0.06189395015979677,-1.0589412316114808,-0.3428241558296213,-0.06506596017292218,0.025263620717872193
3674,-0.7774476823782167,-0.4497001482759375,0.32774757137889604,-0.5487866146749952,-0.060976293108097865,0.6097629217618243,-0.381101816781986,-0.07622036522022807,-1.0823291805357458,-0.3658577679677414,-0.07622036522022807,0.015244073277024468
3675,-0.7716910378546291,-0.3995889601473485,0.3721020315763452,-0.5716661760817355,-0.011226038556335327,0.5810292363001145,-0.4086195719209694,-0.10938817266623825,-1.1215700053879178,-0.4111211866519152,-0.10997657237587966,-0.006044282361369987
3676,-0.7621734718502424,-0.42418210743149976,0.3379913699300574,-0.5485686374071712,-0.03800844996849594,0.5919638641149364,-0.4041401517333703,-0.11061544788538244,-1.1259612018702896,-0.42139026132535146,-0.10978671954004665,-0.0027680108504937245
3677,-0.750493657751255,-0.47226033768838904,0.27823332603651824,-0.5099194125297075,-0.09439869458746107,0.610858453086769,-0.3975508770922819,-0.1115219778952476,-1.1345829705221995,-0.4364182219764269,-0.11145051239528693,-0.0033462244706388153
3678,-0.7469595847497275,-0.434456062185076,0.3125034852880345,-0.5259205414536282,-0.060976293108097844,0.5868968112638405,-0.41921201337083136,-0.14481869671417955,-1.173793622527681,-0.4801883204576606,-0.1371966536687488,-0.022866110497983837
3679,-0.7468752302153543,-0.4280057975447502,0.318869423775634,-0.529410066403989,-0.054640470881417096,0.5833951201886891,-0.42331077998756894,-0.1549401961912941,-1.1885305525923264,-0.49042267976738163,-0.13010967677545646,-0.01654768292125715
3680,-0.7451102847500092,-0.4976136260478663,0.2474966493292064,-0.49194519202247633,-0.12507220154151136,0.6174749769134151,-0.4128730370207907,-0.15269104695275174,-1.1925230115362817,-0.4878740593580125,-0.11142947550444234,0.007254086713892612
3681,-0.7474563973044341,-0.5000319269139674,0.2474244263339714,-0.49438814537605374,-0.1262340559043548,0.620541721132975,-0.4250074567872761,-0.1781084565226543,-1.222540055881047,-0.5121708577023241,-0.11791994229063316,0.003549360111081307
3682,-0.7469595847497275,-0.47256625877392133,0.2743933073374976,-0.5106764180861498,-0.09908647571821189,0.6097629217618243,-0.434456062185076,-0.19817295143642377,-1.2423919167450157,-0.5259205414536282,-0.12195258621619573,-8.35971267269193e-20
3683,-0.743517168883212,-0.5275991778713853,0.21591798165306153,-0.48046639244148676,-0.1561575169150546,0.6360192530501297,-0.421834700006292,-0.19264100539226864,-1.2344744087918271,-0.5182397329105717,-0.1153196593702248,0.019353025475630194
3684,-0.7579610098855617,-0.5568131078414117,0.20114787034268872,-0.47731551170902786,-0.17616923877005752,0.6568943156379823,-0.4223975205324595,-0.19342934413419083,-1.2436175642193017,-0.5276820020503437,-0.11800117966274058,0.016530082320185924
3685,-0.7714395593432405,-0.5100436485088301,0.2613959027840021,-0.5123871825570696,-0.11983932030540365,0.6410530953633418,-0.43811770208063805,-0.2118565235954625,-1.2730073889961868,-0.5581184700826394,-0.13535534069233668,-0.005915419858234559
3686,-0.7698257325243281,-0.5259205414536282,0.24390517243239146,-0.5030543936790275,-0.1371966536687488,0.6478731183506697,-0.4268340377779537,-0.21341701888897685,-1.2728801634799725,-0.5640307007658567,-0.1371966536687488,2.222670659915474e-20
3687,-0.7783502985013436,-0.5736713264127622,0.20467892282915276,-0.48755375281073104,-0.18127039483284005,0.675650131004768,-0.40877773049503985,-0.2034431812242304,-1.2594654199908235,-0.5573984823702292,-0.13129289072025546,0.006422282623532124
3688,-0.7947369895620828,-0.5426916027629187,0.25204539418241945,-0.5200116894534973,-0.14043137788410984,0.6694364569021973,-0.4256208076409378,-0.21839511050565905,-1.2854909178776812,-0.5861981880468573,-0.15892657768589505,-0.019719134862299717
3689,-0.8009013579672225,-0.5329753659016744,0.2679259927360756,-0.530087480055113,-0.13007948674304343,0.6659368342133009,-0.4313858712375679,-0.2281126388186608,-1.302934563176143,-0.6012290108114018,-0.17545192046120311,-0.028273944186880843
3690,-0.8079359291131736,-0.5868968112638405,0.2210390619344076,-0.5106764180861498,-0.1829288839838707,0.6936053393466374,-0.411589988963709,-0.21341701888897685,-1.2881242122942171,-0.5868968112638405,-0.16006275484757843,-0.007622036638512234
3691,-0.8148536980855805,-0.5696306547958692,0.24522304550288,-0.5298630344810746,-0.15905487161836313,0.6884276016649076,-0.4188526218277955,-0.21999669888812706,-1.2993995520584545,-0.6055422770598573,-0.1728070650933394,-0.013954419778277823
3692,-0.8112492840000874,-0.5222510970178569,0.2889981871379784,-0.5482091001571647,-0.11395801116304854,0.6625562519039707,-0.4362063801346763,-0.24253403831666934,-1.32517652035015,-0.629555159060083,-0.1949212174244794,-0.03713391584760123
3693,-0.8065910504701235,-0.5586019591724068,0.24798901701856527,-0.5236801901949111,-0.15611069531381422,0.6796261406691372,-0.43136783717168325,-0.24112806243196616,-1.3220027836840231,-0.6198911550735549,-0.18575616234871442,-0.03542076720920912
3694,-0.8079359291131736,-0.5640307007658567,0.24390517243239146,-0.5259205414536282,-0.16006275484757843,0.6859833149395151,-0.434456062185076,-0.24390517243239146,-1.3262343343298288,-0.625006970576069,-0.190550908390993,-0.038110182610114035
3695,-0.798129830382507,-0.4964702508400929,0.3016595674256647,-0.5503819683223298,-0.09700677195917184,0.6473949513208033,-0.4480938450465957,-0.2639907045978803,-1.3503150423935952,-0.6503466930378246,-0.21679626665260182,-0.05794301448227713
3696,-0.7806732675120075,-0.5089223269461138,0.271750966110046,-0.525836102567167,-0.11914635308849611,0.6450797153363098,-0.4436860035784251,-0.2606678498198274,-1.3551403787029646,-0.6537000890946721,-0.2181490368411388,-0.0578286329529714
3697,-0.7779631238178618,-0.5561241873065846,0.22183896722074092,-0.5000122163626051,-0.16642016277315433,0.6662685247765464,-0.43183975227534915,-0.2508209158005802,-1.3470110981426728,-0.647015551456044,-0.21522272305981668,-0.05537781982307699
3698,-0.7850697813385727,-0.5182984797698891,0.2667712829303753,-0.5259205414536282,-0.12195258621619573,0.6478731183506697,-0.4420781238688152,-0.2667712829303753,-1.3643444563654403,-0.6631171671649144,-0.23628312938696067,-0.07622036522022804
3699,-0.7846258860731081,-0.512083610650421,0.2725422484650335,-0.5288739123375149,-0.11505564068381133,0.6443820176283492,-0.44286798297024005,-0.2666022391645947,-1.3706229208617502,-0.6686319692540194,-0.23645522578615405,-0.0765604436948093
3700,-0.7866131225864621,-0.5785492020717714,0.20806391677039152,-0.4956329121564814,-0.18408887744578398,0.6786114606329712,-0.41202349886152667,-0.24409534658365792,-1.3441310469505752,-0.648277967990798,-0.21339125581552898,-0.053321015197079644
3701,-0.7947521955761225,-0.5737937778463684,0.22095841704353966,-0.5034676849095753,-0.17588925983695466,0.6811200780556509,-0.4071478707862214,-0.24894120812693615,-1.3464396436922281,-0.6528333481214532,-0.21863172412797216,-0.05895770239461845
3702,-0.8003138301528174,-0.5411645902678729,0.25914923988494454,-0.5259205414536282,-0.1371966536687488,0.6707391915720368,-0.41921201337083136,-0.25914923988494454,-1.3643444563654403,-0.6631171671649144,-0.22866110497983838,-0.0685983268343744
3703,-0.8002532750535112,-0.586344245048985,0.21390904278760783,-0.5035863309696373,-0.18210653901590074,0.6937125531340198,-0.39598493581120525,-0.2409110367585257,-1.3407215781906556,-0.6383042650237402,-0.21036972050149652,-0.04502240928145548
3704,-0.7985197121126444,-0.5977307583829263,0.20078897919453298,-0.49542423490572535,-0.1948210033687553,0.6977104787500131,-0.3885979414500117,-0.23882055897326918,-1.3325506752394953,-0.6365135015224304,-0.20828781049399003,-0.038652587878593256
3705,-0.8006082475763123,-0.5363417434390393,0.264266515588312,-0.5289552509271332,-0.1322555275418456,0.6687242831382276,-0.40960669505875297,-0.2551633733066619,-1.354060746944902,-0.661645967109199,-0.22538651371701832,-0.05946390071584453
3706,-0.8003138301528174,-0.5411645902678729,0.25914923988494454,-0.5259205414536282,-0.1371966536687488,0.6707391915720368,-0.4039679645565868,-0.24390517243239146,-1.3491005566576633,-0.6554951427577921,-0.2210390619344076,-0.05335425472224421
3707,-0.7975814645825638,-0.5766426488592953,0.22093882122555975,-0.5047994427782417,-0.1735896958078216,0.6868619957753624,-0.3932794403922773,-0.2321404155256307,-1.3423904731504943,-0.6488435059106963,-0.21679972748991402,-0.03711543188538986
3708,-0.8058560077706154,-0.5386622927252875,0.2671936870102456,-0.5350547923585411,-0.13400269336784518,0.6726781125282345,-0.4063964895465656,-0.2506662651656812,-1.363673607507336,-0.6716255164775442,-0.231997819476828,-0.047428773951095515
3709,-0.8048520797872905,-0.5229034808872546,0.28194854148096676,-0.5431098160553054,-0.1203880862236418,0.6635017866672687,-0.40858809504290744,-0.2568141749936051,-1.367967157412651,-0.6740958881596981,-0.2330178050764009,-0.050965262279583985
3710,-0.8003138301528174,-0.571652725172979,0.22866110497983838,-0.5106764180861498,-0.1676847978930092,0.6859833149395151,-0.38872384118910835,-0.23628312938696067,-1.3491005566576633,-0.6554951427577921,-0.21341701888897685,-0.030488146554048932
3711,-0.8120092633792769,-0.5593840998960865,0.252625198390146,-0.5278367405394281,-0.14844588880389323,0.6865182499164925,-0.3841439756214665,-0.23665658404652523,-1.3546730122531834,-0.6634026946063167,-0.21396908998264894,-0.0308285610924637
3712,-0.8127904285920411,-0.5184210283975609,0.2943693662258219,-0.5506350898174142,-0.11104306148317221,0.6628918434639931,-0.3948112926587537,-0.2551366876833057,-1.3736254267598595,-0.6749603995446887,-0.23234308637362688,-0.04980131893684462
3713,-0.8067992056166686,-0.5620283426732724,0.24477081976873838,-0.5212811531225613,-0.15806278597049322,0.6813188021373061,-0.3813523074368559,-0.24472537773351904,-1.3525827808178912,-0.653679489520943,-0.22155829895042248,-0.039311192942825916
3714,-0.815557878967062,-0.5868968112638405,0.22866110497983838,-0.5182984797698891,-0.17530684093843993,0.7012273637537597,-0.37347979237486373,-0.23628312938696067,-1.3414783831440735,-0.6478731183506697,-0.21341701888897685,-0.03811018261011402
3715,-0.8163104923802258,-0.5387168842654622,0.27759365856113993,-0.5467405043512454,-0.12621201775229493,0.6749358969371588,-0.393111755412749,-0.25579051381074863,-1.3674787522490572,-0.6682688171224747,-0.23836600789797938,-0.07054195263700655
3716,-0.8152189103287613,-0.5581901869839067,0.25702872966653645,-0.5344836675231578,-0.14846239884831738,0.682096425874241,-0.38761254806766227,-0.2509719862243321,-1.3585698492449887,-0.6603534534194817,-0.23953512221862924,-0.07084154239234121
3717,-0.8272539870838298,-0.6127898390656319,0.21446412114592003,-0.5165852073461049,-0.2000250823970921,0.7164610313802451,-0.37073101103157197,-0.233207192823505,-1.3381859797834115,-0.6466032959527934,-0.22780386730458044,-0.06241858008234387
3718,-0.8384240267416627,-0.5868968112638405,0.25152719683951374,-0.5411645902678729,-0.1676847978930092,0.708849388160882,-0.38872384118910835,-0.25152719683951374,-1.3643444563654403,-0.6707391915720368,-0.25152719683951374,-0.09146444199193535
3719,-0.8433167715284109,-0.5829430578213596,0.2603737322834144,-0.5478556340299652,-0.15755493970290219,0.7118337667829526,-0.39499118267292443,-0.2634977467761561,-1.37577866759319,-0.6779387590900894,-0.26351746863899,-0.0984635456921737
3720,-0.8498494449355332,-0.6399731009370448,0.20987633584356843,-0.5276527580288127,-0.21323868821310837,0.746236291744429,-0.3736869531302894,-0.24598482730301918,-1.3603766472003094,-0.6533983000758519,-0.24853343458213029,-0.07725000085503281
3721,-0.8529968706854838,-0.6232989847361222,0.2296978480866459,-0.542028318643767,-0.1965769577912167,0.7368594345593328,-0.37912058341403665,-0.24850793972952118,-1.368992376045381,-0.6635660763862606,-0.25816259967839805,-0.08047420462578446
3722,-0.8460460511487851,-0.5792747868567182,0.2667712829303753,-0.5564086763587344,-0.15244073044045608,0.708849388160882,-0.39634590287284754,-0.2667712829303753,-1.3795886542861524,-0.6859833149395151,-0.2743933073374976,-0.09146444199193535
3723,-0.8332362014044183,-0.6083445518582837,0.22489171957338955,-0.5262414536207886,-0.18740515939499522,0.7194840519335223,-0.384760426765331,-0.25745867465325956,-1.3609672247954063,-0.6638070242982276,-0.2578554301263563,-0.08078148602146468
3724,-0.8273274639948393,-0.6010756972926121,0.22625183760084658,-0.5218564623906953,-0.1840595191281908,0.7155660028986219,-0.38522760170844855,-0.2476546785098832,-1.356494955916946,-0.6528558383357481,-0.25064096891067855,-0.07451703887882519
3725,-0.8332124029703694,-0.5393875185940118,0.29382492877215555,-0.5610168548092824,-0.11877021972186722,0.6849314595162419,-0.4120874880401542,-0.2660235043653062,-1.3778327247840927,-0.6789842612009661,-0.2756091833738306,-0.08933759711034427
3726,-0.8460460511487851,-0.5640307007658567,0.28201535038292835,-0.5640307007658567,-0.1371966536687488,0.7012273637537597,-0.411589988963709,-0.2667712829303753,-1.3795886542861524,-0.678361215979159,-0.28201535038292835,-0.09146444199193535
3727,-0.8572494980245713,-0.6086408634006004,0.24860860089333564,-0.5499320171368335,-0.1761185767907325,0.7318953610680043,-0.3951062940425384,-0.25006138906568465,-1.368470231069444,-0.6654232053412096,-0.27216297312082555,-0.08225081856189842
3728,-0.8657753182791346,-0.5655795534950192,0.30019573676255873,-0.5799919346359802,-0.13018523959486578,0.7164247618292431,-0.40584863162446105,-0.2645154161073241,-1.3834445633445447,-0.6892848119877675,-0.2847956971338505,-0.09343724625469908
3729,-0.8684555629451518,-0.5586532279881118,0.3098023498338861,-0.5903017036049476,-0.12545562588505216,0.7131638083838732,-0.4081764110637859,-0.2721176476565472,-1.3935217028167108,-0.698347495366656,-0.28584695555104833,-0.0964174900940895
3730,-0.868912124370152,-0.625006970576069,0.24390517243239146,-0.5564086763587344,-0.190550908390993,0.7469595847497275,-0.38872384118910835,-0.25152719683951374,-1.3795886542861524,-0.678361215979159,-0.2667712829303753,-0.07622036522022804
3731,-0.8646652440388027,-0.6101799150538224,0.25448528738603615,-0.5560463011813306,-0.17412204420497657,0.7379444555198045,-0.3911699783709352,-0.25845206308512675,-1.3803257185590891,-0.6860008297000598,-0.27036724522287214,-0.07332658149052794
3732,-0.8489305878738516,-0.5542594658476135,0.2946710698735012,-0.5682930971472369,-0.12777667281378,0.6996752509128988,-0.3988047461946972,-0.2752637596469768,-1.393425652079279,-0.6976894834765995,-0.2731411310048417,-0.07560680235680135
3733,-0.833488004790678,-0.5906110932623131,0.2428769069975245,-0.5338954436080066,-0.17423457675844323,0.7077110414677392,-0.38173429171202505,-0.2589526442059045,-1.3780949980146528,-0.67715288855151,-0.25089690096694245,-0.051113453910783105
3734,-0.823179977927418,-0.6021408973547021,0.2210390619344076,-0.5182984797698891,-0.190550908390993,0.708849388160882,-0.381101816781986,-0.25152719683951374,-1.3643444563654403,-0.6707391915720368,-0.24390517243239146,-0.03811018261011402
3735,-0.8097281087261511,-0.5298042400839122,0.2799238090178468,-0.5445680319286005,-0.12526598408205167,0.6687405028280868,-0.40132941891727214,-0.2657322702495619,-1.3711928916644949,-0.6798730443065936,-0.2520854124039418,-0.05141548943649471
3736,-0.8082372809735565,-0.5349976002234276,0.2732396605550248,-0.5390840647620324,-0.12892663102168037,0.6727263458390581,-0.39718225012202873,-0.25697482637071783,-1.3600837244765198,-0.665071790428608,-0.24325844111886955,-0.04720074572452563
3737,-0.8181032362802683,-0.5765087648319541,0.24159449753754686,-0.5256413814846038,-0.16367605564889612,0.6961095451252084,-0.38876030892164615,-0.24152271298542638,-1.34680346446193,-0.6552993437413546,-0.23637736466496403,-0.03795408703599095
3738,-0.823179977927418,-0.5259205414536282,0.2972594364737899,-0.5564086763587344,-0.11433055248991919,0.6707391915720368,-0.411589988963709,-0.25914923988494454,-1.3643444563654403,-0.6707391915720368,-0.25152719683951374,-0.060976293108097865
3739,-0.8230114644114016,-0.5068251226518647,0.31618633096527826,-0.5653819193148911,-0.0964587742053302,0.6613102969049218,-0.4229946915038318,-0.270824212641228,-1.3683098909585942,-0.6680193858991481,-0.2601320230440491,-0.07824893504910763
3740,-0.8193591074585032,-0.5692753876125644,0.25008374668109534,-0.533092239407292,-0.1568736204074983,0.6897585684558782,-0.40877547051492163,-0.25397195629161423,-1.3532988414104532,-0.6560119380517708,-0.2561034135143315,-0.06807248269215317
3741,-0.8131972159317729,-0.5677296491280972,0.24546760071701285,-0.529010232212465,-0.1574517947045427,0.687869187062893,-0.4179876332360035,-0.25534289025080986,-1.3609227305609641,-0.6689015160093709,-0.2622713418024517,-0.07329394210874218
3742,-0.815557878967062,-0.5411645902678729,0.2743933073374976,-0.5411645902678729,-0.12957461994247227,0.678361215979159,-0.434456062185076,-0.2667712829303753,-1.3719666298790303,-0.678361215979159,-0.2667712829303753,-0.0838423989465046
3743,-0.8175349796948944,-0.5923662819120552,0.2251687303338375,-0.5195569685049681,-0.1790124882788554,0.7018332165746077,-0.4174690491966011,-0.24975371707272076,-1.3537915070551896,-0.6607356775735198,-0.25016876674955035,-0.06222556212393946
3744,-0.8040199834563373,-0.6068886374163338,0.1971313756067321,-0.5025213339832737,-0.20376474336314238,0.7028064072976934,-0.41156595262468776,-0.24404777499244823,-1.348217971669146,-0.6529899075718224,-0.2382375811948131,-0.04625940379184135
3745,-0.7877463169845702,-0.5422286846070442,0.24551761744629877,-0.5148766987975635,-0.1476354678859173,0.6657229255526582,-0.43322858265473674,-0.26574432889593524,-1.3702769419836611,-0.6667958491684757,-0.2468227650044522,-0.05698720408237734
3746,-0.7850697813385727,-0.5411645902678729,0.24390517243239146,-0.5106764180861498,-0.14481869671417955,0.6631171671649144,-0.4268340377779537,-0.25914923988494454,-1.3643444563654403,-0.6554951427577921,-0.23628312938696067,-0.04573222099596767
3747,-0.7893232372886215,-0.5711452653870377,0.2181779779574991,-0.5033085189883845,-0.17531095723986642,0.6801925516691476,-0.4039302339724487,-0.23605087847048098,-1.335145546207806,-0.6266447758933711,-0.20847363574126473,-0.022718248730090488
3748,-0.7990472559115716,-0.5281848154728909,0.27086240319110405,-0.5335767066525597,-0.12932544457639294,0.6623673726596855,-0.4147300721110348,-0.2478242522388605,-1.340153260797818,-0.632219601821222,-0.21217934483402612,-0.03467981916783185
3749,-0.8112250915707632,-0.5195996940240002,0.2916253175998561,-0.5469623875691031,-0.11387517793050404,0.660631111636581,-0.42704809713775604,-0.25882977976374294,-1.346036901598909,-0.6375745710023297,-0.22044959248444346,-0.04557864707247242
3750,-0.823179977927418,-0.5868968112638405,0.23628312938696067,-0.5259205414536282,-0.17530684093843993,0.7012273637537597,-0.411589988963709,-0.24390517243239146,-1.3262343343298288,-0.6173849834455636,-0.2057949944818545,-0.030488146554048932
3751,-0.829983692954297,-0.5873806771475534,0.24260303963092716,-0.5325744820115923,-0.1695815998011528,0.7083297094591291,-0.4165430354345161,-0.25050618602167474,-1.3312002841970951,-0.6231721255547139,-0.21255122815271438,-0.03724510932918595
3752,-0.8287341761249682,-0.5530529041408525,0.2756813252100256,-0.5494909543224368,-0.13424389660986152,0.689701761770139,-0.44359711484599595,-0.2709924936712163,-1.3532572688009894,-0.6443932558077476,-0.2325065929465643,-0.05781139812874751
3753,-0.8319967433190366,-0.6012237027581656,0.23077309343840902,-0.5325491735358244,-0.18164469726073373,0.7117715231765555,-0.43465673237210956,-0.25992358666135823,-1.340507982924012,-0.6335843375415301,-0.22288013030847018,-0.04671088631008139
3754,-0.8308019277813067,-0.625006970576069,0.2057949944818545,-0.5182984797698891,-0.2057949944818545,0.7240934369751267,-0.4268340377779537,-0.25152719683951374,-1.3338563587369512,-0.6326290695364251,-0.2210390619344076,-0.03811018261011402
3755,-0.807675389041726,-0.5671649311972612,0.24051048221055238,-0.5202012821311007,-0.1595671535382157,0.6873088870686871,-0.45276082553246977,-0.2698923983561644,-1.3577302329557759,-0.6584264340879715,-0.24177758115314424,-0.05226304661160887
3756,-0.7890534039280599,-0.5669547232315901,0.22209868594031787,-0.5039300849436408,-0.16828758955266288,0.6762702653386163,-0.4484556222935499,-0.2727270102600127,-1.3617116154631002,-0.6570294382421243,-0.23417215515357834,-0.04388446660817089
3757,-0.7824399159720024,-0.5964169256107754,0.18602299460272131,-0.4839248811846661,-0.20212833336030306,0.68519252458817,-0.4330902570284479,-0.2664743781919943,-1.3566088867259165,-0.6475509310520132,-0.2192431465567246,-0.027793178233669537
3758,-0.7774476823782167,-0.5411645902678729,0.23628312938696067,-0.5030543936790275,-0.15244073044045608,0.6554951427577921,-0.45732220995967676,-0.28201535038292835,-1.3795886542861524,-0.6707391915720368,-0.23628312938696067,-0.03811018261011402
3759,-0.7767294093730557,-0.5110155365328908,0.26571392998153176,-0.516934159267427,-0.12302013787689223,0.640027404244871,-0.4638387901351737,-0.29095132020158254,-1.3892600068372138,-0.6767986778417806,-0.2411792340125158,-0.041383592016372414
3760,-0.7757768331512361,-0.5640273422663805,0.21174953798301976,-0.49038367435393443,-0.17576093217357253,0.6663649778987908,-0.44267830214361126,-0.28611792912907613,-1.3782354095500065,-0.6558935155126184,-0.2263770078245922,-0.033249058664886005
3761,-0.7793214665752862,-0.5586969320631134,0.22062456728685215,-0.49597352849103804,-0.16930050374822586,0.6647973659395556,-0.4462595067087147,-0.29307846345547534,-1.3814602897821848,-0.6597555402027454,-0.23365458799030842,-0.04336065965945316
3762,-0.7926918057456951,-0.5259205414536282,0.2667712829303753,-0.5259205414536282,-0.12957461994247227,0.6554951427577921,-0.45732220995967676,-0.2972594364737899,-1.3872106786932747,-0.6707391915720368,-0.24390517243239146,-0.05335425472224421
3763,-0.7991952907482658,-0.58032548886527,0.2188698171066256,-0.5051260566081466,-0.17804079645706936,0.6894177216916507,-0.4409808564899212,-0.28007407062570644,-1.3697379652720838,-0.6530737290521303,-0.22719529778787967,-0.04230561580249731
3764,-0.7998336608824996,-0.6106211490004234,0.18921253661215523,-0.4920346037557604,-0.20564149638157822,0.7036267631777894,-0.43002352841237457,-0.271478515653002,-1.3592233339656512,-0.647870336146942,-0.2179369288727326,-0.03706725712123298
3765,-0.7986989758899583,-0.5630201977994815,0.2356787895446956,-0.5181969267150152,-0.16122416290371547,0.6769406189780013,-0.4496398392415876,-0.2880850288389834,-1.378876365757797,-0.6698731638381303,-0.23473530887619642,-0.05015186226869928
3766,-0.7926918057456951,-0.5792747868567182,0.21341701888897685,-0.5030543936790275,-0.1829288839838707,0.6859833149395151,-0.45732220995967676,-0.2896373934283591,-1.3872106786932747,-0.6707391915720368,-0.23628312938696067,-0.04573222099596767
3767,-0.7856032934131114,-0.6231083633685207,0.16249493527943948,-0.47037228216579496,-0.22742696895825285,0.7055549185541401,-0.4475064124855026,-0.27430388118892773,-1.3717804550937893,-0.6597074740836938,-0.2216678109688408,-0.025374357660206025
3768,-0.7834771550948116,-0.5774986761806573,0.20597845621050825,-0.49261175354468056,-0.18150618734718002,0.6777058864783669,-0.4618334552967568,-0.2825914641840432,-1.37820791916731,-0.6761457003370631,-0.22580275137002087,-0.026266308567546137
3769,-0.7849354913734998,-0.5505649132455849,0.23437054465584725,-0.5101158004111129,-0.1543501426141006,0.6640982403255409,-0.47175111083534604,-0.28795463747262184,-1.3852898859682292,-0.6843376828847489,-0.22580059963175003,-0.028944612017063713
3770,-0.7850697813385727,-0.5945188729475798,0.190550908390993,-0.4878103448647829,-0.19817295143642377,0.6859833149395151,-0.45732220995967676,-0.2743933073374976,-1.3719666298790303,-0.6707391915720368,-0.21341701888897685,-0.015244073277024463
3771,-0.7837272357235006,-0.5718585572290331,0.21186865750715983,-0.49792249187460424,-0.17651863158310158,0.6731975906977882,-0.4644858624260999,-0.28269439092724175,-1.3785833268417216,-0.6784946700909018,-0.227094389398797,-0.022490931767301315
3772,-0.7858738706987688,-0.5153518428079693,0.27052198301498376,-0.5267317458430236,-0.11771093297670433,0.6495043832260041,-0.4808396630888881,-0.29609337859526186,-1.3943233704809819,-0.6925554953046973,-0.2474588501707361,-0.04197233038639745
3773,-0.7821822080306895,-0.540754698170786,0.24142754111974182,-0.5072201018215151,-0.14717868422968816,0.6607525471586884,-0.46420673015153346,-0.2840330074826479,-1.378329538322053,-0.6795532126701396,-0.238800610064058,-0.03240321232602006
3774,-0.7774476823782167,-0.5564086763587344,0.2210390619344076,-0.49543236927190526,-0.1676847978930092,0.6631171671649144,-0.45732220995967676,-0.28201535038292835,-1.3719666298790303,-0.678361215979159,-0.23628312938696067,-0.030488146554048936
3775,-0.7819997767631242,-0.5145343444318046,0.2674653968960795,-0.5215787854100744,-0.12020761583053617,0.6471977962894914,-0.47736940774754816,-0.2962483313168928,-1.3910081100386884,-0.6936480415095412,-0.2507035545084798,-0.05687685125445857
3776,-0.7881328949702275,-0.533184539602004,0.2549483035521095,-0.516564737226595,-0.13695652188757218,0.6601456623526223,-0.4711202106014669,-0.28794937886727706,-1.3854214955595487,-0.6792200544556044,-0.24192078200927083,-0.05158975140041
3777,-0.7944400264208622,-0.580146997330773,0.21429302032098044,-0.5019735506108657,-0.18286342265547695,0.6821209398949966,-0.45395936402616,-0.27067698036637233,-1.3673121886772523,-0.6591717716547705,-0.22493153189425596,-0.02334011318153517
3778,-0.8003138301528174,-0.5487866146749952,0.25152719683951374,-0.5259205414536282,-0.14481869671417955,0.6707391915720368,-0.4649442343667991,-0.28201535038292835,-1.3795886542861524,-0.6707391915720368,-0.22866110497983838,-0.030488146554048932
3779,-0.7989376872404994,-0.5375570207583027,0.2613806674251566,-0.5269584864861944,-0.13371527127332544,0.6682863135460783,-0.4685011764028896,-0.29270348969763266,-1.3839153241128899,-0.6745476138915909,-0.2256054281173085,-0.03706681027084792
3780,-0.805757738408973,-0.600138370279361,0.2056194117037405,-0.5030997815579334,-0.19391724665124888,0.7010899593813258,-0.4566342829998566,-0.2779271929118522,-1.3652363904151024,-0.6612485633453101,-0.21270481323476653,-0.012832164933684744
3781,-0.8180035075966341,-0.5956837144749612,0.22231982026076935,-0.5208940793526691,-0.18270263992863187,0.7026413101208483,-0.4604759194139507,-0.2779549821045375,-1.3678295630040307,-0.6677354646859925,-0.21681248348567778,-0.012185996607663566
3782,-0.815557878967062,-0.5487866146749952,0.2667712829303753,-0.5411645902678729,-0.1371966536687488,0.678361215979159,-0.47256625877392133,-0.2972594364737899,-1.3872106786932747,-0.6859833149395151,-0.22866110497983838,-0.030488146554048932
3783,-0.8029935457014287,-0.5802965297211768,0.2226970556212306,-0.5127300384297946,-0.17477154981749132,0.6878479017213873,-0.4684538076734348,-0.29426329996452866,-1.3828042000278786,-0.6823561911530235,-0.2246440992919632,-0.02048803790786442
3784,-0.7948122100783368,-0.5883551003649352,0.20645712218924153,-0.49954577942254746,-0.18873379766797008,0.6879249789297355,-0.46024718616272364,-0.284411331402081,-1.37412191645595,-0.6727878289822256,-0.21671229907250777,-0.013792865867406568
3785,-0.7912987855864455,-0.5166461537184975,0.2746526028972226,-0.5280205344868142,-0.12168193279048141,0.6498918760328742,-0.4680454330799654,-0.2929923292996283,-1.3812862622828455,-0.6817197790064343,-0.22415664065142027,-0.0268913541361073
3786,-0.7926918057456951,-0.5106764180861498,0.28201535038292835,-0.5335425658607506,-0.11433055248991919,0.6478731183506697,-0.4649442343667991,-0.2896373934283591,-1.3795886542861524,-0.678361215979159,-0.2210390619344076,-0.022866110497983837
3787,-0.7934574778493853,-0.5423717891653989,0.2510856721540367,-0.5222971433078175,-0.14510774274011506,0.6673077314338032,-0.4440528014427048,-0.26970409733203254,-1.3652882360043364,-0.6525800243246073,-0.2009118637979951,-0.0138713198892957
3788,-0.7854515271459686,-0.48682682620851037,0.2986247354493302,-0.5399987539712434,-0.0950615621953011,0.6351364369000496,-0.4480470084415405,-0.26897963028828936,-1.3636535142496835,-0.6462122061832054,-0.20121398413375302,-0.021566313266617974
3789,-0.7732519180815812,-0.44801811309749334,0.32523382611907425,-0.5456131366330774,-0.06016538820638133,0.6057625765390593,-0.45646091869830496,-0.2730495035777282,-1.3591552797031121,-0.6436371604061235,-0.20354206760224225,-0.019286310905581458
3790,-0.7698257325243281,-0.4878103448647829,0.28201535038292835,-0.5259205414536282,-0.09908647571821189,0.625006970576069,-0.434456062185076,-0.25152719683951374,-1.3338563587369512,-0.6173849834455636,-0.1829288839838707,1.4277805683196164e-19
3791,-0.7654012567396709,-0.46583641598485664,0.29956482631141557,-0.5333490784835524,-0.08207049808179935,0.6153370997703614,-0.42304140671679563,-0.2395963392365048,-1.3211615330177824,-0.6105426840485688,-0.17824790915357772,0.0037989955111944434
3792,-0.7521595047324923,-0.40749843657602536,0.34466107812915653,-0.5462078747042471,-0.032107176366256304,0.5785121989910911,-0.4330161409988006,-0.2540560165119015,-1.3348568026286376,-0.628649694738811,-0.18935369364334317,-0.007805821455741372
3793,-0.7456114485244724,-0.4355206216252844,0.31009082295558055,-0.5236244609504892,-0.06243565593022916,0.5858478519842165,-0.4178907332575449,-0.24342311929688143,-1.3259459542322105,-0.6165299833227532,-0.1758649753167679,-0.004065914502757007
3794,-0.7469595847497275,-0.4497001482759375,0.2972594364737899,-0.5182984797698891,-0.07622036522022804,0.5945188729475798,-0.39634590287284754,-0.2210390619344076,-1.3109902855155842,-0.6021408973547021,-0.1676847978930092,0.007622036638512233
3795,-0.7451930853167781,-0.39113747492691914,0.3540556106164803,-0.548650883286566,-0.018624721699056233,0.5676901705531432,-0.40140629228339353,-0.2311743325541207,-1.3269713861376204,-0.6201617798004831,-0.18639065808596758,0.003419164969932954
3796,-0.7530157419817974,-0.3947428554877217,0.35827288845437705,-0.5564658447522817,-0.018234812734557557,0.5738582779684569,-0.39901129126702184,-0.23604481196008992,-1.3327480104593648,-0.6199221151411961,-0.18817888182287396,-0.003373362949866405
3797,-0.7640655736932843,-0.43146656799549865,0.3325990020997761,-0.5477919628233467,-0.04932785608740679,0.5980349480997278,-0.38594663454390116,-0.2276569508771005,-1.3245394610158772,-0.6085362669746027,-0.18420343559272112,0.002389233044595024
3798,-0.762203633563972,-0.381101816781986,0.381101816781986,-0.571652725172979,8.357106858128924e-20,0.571652725172979,-0.4039679645565868,-0.25152719683951374,-1.3491005566576633,-0.6326290695364251,-0.2057949944818545,-3.879391113156981e-19
3799,-0.7552128297567241,-0.34202278062947955,0.4131900827564263,-0.5851123575360239,0.032876498214355454,0.5453831588797242,-0.4256444007859971,-0.27500263399245584,-1.3667089536894104,-0.6449087944835541,-0.2113040989940351,-0.00875215304825953
3800,-0.7531147337597666,-0.3757837967229951,0.37733095959891294,-0.5624041649621594,-0.004118294232923913,0.561697144532025,-0.4245998086348652,-0.2659834380490753,-1.3502348547727672,-0.6259929040298873,-0.19310699782398352,0.0005789340262110986
3801,-0.7539588002106358,-0.3565167804040808,0.3974420150384627,-0.5726807312452891,0.0177400308211868,0.5562573095924307,-0.44504194127724017,-0.2730292610393956,-1.3531559397925412,-0.6297861601257936,-0.19300149663134455,0.008258929061248305
3802,-0.7469595847497275,-0.30488146088091217,0.4420781238688152,-0.5945188729475798,0.0685983268343744,0.5259205414536282,-0.4801883204576606,-0.2972594364737899,-1.3719666298790303,-0.6478731183506697,-0.19817295143642377,0.007622036638512233
3803,-0.7330298034967575,-0.3293831110922705,0.40364666794668425,-0.5655281723900298,0.037284477966897316,0.5277507080615124,-0.48195909876926635,-0.2886932877526679,-1.3603713700919404,-0.6375989673798664,-0.1814590160848814,0.023681008634181176
3804,-0.7315415608252823,-0.3418672840514715,0.3896742266925911,-0.5574386138221503,0.023801193767389754,0.5340700326203706,-0.4848943251960805,-0.2773039871757944,-1.3570037571301385,-0.6298522468524927,-0.17041472222356344,0.038106711056486144
3805,-0.7283524830207821,-0.2852723094881846,0.44308014959074987,-0.5869666752462631,0.0789317913582905,0.507872895187227,-0.5108644973151082,-0.2970213067551416,-1.3766296235467832,-0.6446923063711779,-0.1773131900768004,0.037933774743353486
3806,-0.7164714125680044,-0.2896373934283591,0.4268340377779537,-0.571652725172979,0.0685983268343744,0.5030543936790275,-0.5106764180861498,-0.2972594364737899,-1.3719666298790303,-0.6402510193903137,-0.1676847978930092,0.04573222099596767
3807,-0.71458110346721,-0.34082788519890894,0.37375325579152635,-0.5405139106483539,0.016508597610631125,0.5239088548775074,-0.4986213383527708,-0.2797681003355088,-1.3597236812206095,-0.6283692645546206,-0.15615294452248546,0.049394877212383045
3808,-0.7170235914921113,-0.32107172940706585,0.39595189637055583,-0.5541573093438318,0.03722625649599086,0.5172665981191286,-0.5204125777263009,-0.2982665043551107,-1.3775148478093655,-0.6474599465636383,-0.17502979731117496,0.03500517791534579
3809,-0.7147098227321595,-0.31074589212018133,0.4039639715655562,-0.5601356608018253,0.04719901248285672,0.5125330894001451,-0.5326980195217892,-0.3124324389764627,-1.3839364564303256,-0.6509918764129474,-0.17975222541896815,0.03268312879671755
3810,-0.708849388160882,-0.3658577679677414,0.34299165746975757,-0.5259205414536282,-0.007622036638512231,0.5335425658607506,-0.5182984797698891,-0.2972594364737899,-1.3643444563654403,-0.625006970576069,-0.16006275484757843,0.04573222099596767
3811,-0.7008282176165054,-0.36057738669624706,0.34025083609957063,-0.5173374037800341,-0.00783484521568561,0.5260950662513199,-0.530842586747937,-0.30507027955902427,-1.3647190491992787,-0.6260522398324302,-0.16811591674284515,0.037415359349308216
3812,-0.7041851038350201,-0.3198943159132728,0.3842907985988263,-0.5402072950156399,0.027860503506499906,0.5102857705583494,-0.5533456025230574,-0.3193728781203431,-1.3782369158026926,-0.6366199556245655,-0.18020823284449916,0.022493352615477746
3813,-0.7087049668993248,-0.3659101938805791,0.34279482014162926,-0.5219457537645467,-0.013131661023861523,0.5378839288928323,-0.5425297057649874,-0.3068474468666472,-1.3635620901817371,-0.6157892846695722,-0.15807687138843662,0.03859315973165091
3814,-0.708849388160882,-0.4039679645565868,0.30488146088091217,-0.5030543936790275,-0.04573222099596767,0.5564086763587344,-0.5411645902678729,-0.30488146088091217,-1.356722431958318,-0.6097629217618243,-0.14481869671417955,0.05335425472224421
3815,-0.7144380836429421,-0.3645459756108306,0.34989211174219026,-0.5285532098190042,-0.006789622361322262,0.5362152989315373,-0.5616655099345871,-0.3141754381665957,-1.3707431372896628,-0.6251597522157681,-0.15301524693088941,0.04553494669081988
3816,-0.7139489504400236,-0.3779650700384821,0.3359838870918741,-0.5206280825359151,-0.019159178310021053,0.5432051472299935,-0.5545446098621007,-0.2983949711117747,-1.3574632914673788,-0.6099504615454882,-0.1397286109170169,0.05776103844975365
3817,-0.7055321599144853,-0.42993951489715176,0.27559266566955537,-0.48763091605538983,-0.0737616521177278,0.5687914218712466,-0.5379758035877854,-0.2771429400895136,-1.3367206607201938,-0.5919685400288773,-0.11620024827174652,0.08199613620196376
3818,-0.7012273637537597,-0.39634590287284754,0.30488146088091217,-0.5030543936790275,-0.04573222099596767,0.5487866146749952,-0.5487866146749952,-0.28201535038292835,-1.3491005566576633,-0.6097629217618243,-0.12195258621619573,0.07622036522022804
3819,-0.6952605038764657,-0.36796451352108545,0.3272959583079052,-0.5114556002037338,-0.017570329957822806,0.528045145790196,-0.5478691453597373,-0.281015261991339,-1.3478586285824565,-0.6145476642007509,-0.12690889032427935,0.07120893629279244
3820,-0.6886800387443638,-0.41768847432718076,0.2709915256048965,-0.4798194143212842,-0.07033240149035894,0.5508065577531251,-0.5248938668637995,-0.25774897480521064,-1.3254115058618556,-0.5989999445805136,-0.10857994089558709,0.08901282800092747
3821,-0.6840871776427526,-0.4146779650111765,0.26940917477704823,-0.4766273497486436,-0.0735701121649791,0.550130420657708,-0.5181820420607788,-0.25359617823034636,-1.330746590877688,-0.6076608237124279,-0.1115645281064135,0.08690240278377401
3822,-0.6859833149395151,-0.381101816781986,0.30488146088091217,-0.49543236927190526,-0.03811018261011403,0.5335425658607506,-0.5182984797698891,-0.2667712829303753,-1.3491005566576633,-0.625006970576069,-0.12957461994247227,0.0685983268343744
3823,-0.6967287966486645,-0.4437165470673226,0.25301223696366343,-0.4754560456316941,-0.0951685720242694,0.5696103445504704,-0.5005745180415033,-0.2663625682000855,-1.342414991980252,-0.623801365380562,-0.12821546947983078,0.06856381359670777
3824,-0.7054274401766508,-0.49783987132449864,0.2075875925238643,-0.4541886298735489,-0.14406837997456112,0.6027422100738928,-0.493110050259171,-0.27447406203565977,-1.3478050257365015,-0.6352357775450113,-0.14378604037107767,0.05868712733311569
3825,-0.7102542582166638,-0.46900086821409454,0.24125342801650468,-0.47226780591661977,-0.10894850416717047,0.5882640460446218,-0.5075144659999569,-0.29545923898021376,-1.3827263405827348,-0.6630489757626203,-0.17700398861737704,0.028831837348262813
3826,-0.7240934369751267,-0.5030543936790275,0.2210390619344076,-0.47256625877392133,-0.1371966536687488,0.6097629217618243,-0.5030543936790275,-0.2972594364737899,-1.3948325539939297,-0.6631171671649144,-0.1829288839838707,0.022866110497983837
3827,-0.7417564248330557,-0.5852948690244753,0.15646156746404963,-0.4496523383703772,-0.21428981618305712,0.6628331469344981,-0.4819254884296811,-0.2937157851834688,-1.3838999890935328,-0.6515820030063411,-0.1840828976136977,0.02291269052349812
3828,-0.7514465024433967,-0.5790133480829721,0.1724331818591099,-0.46136204875735437,-0.20164193526541885,0.6641755709120145,-0.4839579294408744,-0.30743986344553403,-1.3992754876432363,-0.6695588904313755,-0.2080942706159193,-0.007721875346009742
3829,-0.7557898737419945,-0.5710115068819496,0.18477833921684592,-0.4706517268646909,-0.188773462692409,0.6586899471278006,-0.4845212612263227,-0.3096170284365385,-1.407141466334836,-0.6750816194415709,-0.22232983904790202,-0.022904184745841515
3830,-0.7698257325243281,-0.6402510193903137,0.12957461994247227,-0.4497001482759375,-0.25152719683951374,0.7012273637537597,-0.4649442343667991,-0.2896373934283591,-1.3872106786932747,-0.6554951427577921,-0.21341701888897685,-0.007622036638512233
3831,-0.7834107748774398,-0.6543034630393216,0.1291072387792907,-0.4558262418789983,-0.258961412362087,0.7156676336534261,-0.465719277787052,-0.2849957794610585,-1.3874734997425313,-0.6623108963737969,-0.21541294855113272,-0.015401466093633914
3832,-0.7827095022514419,-0.6185388732590167,0.1641705623720546,-0.4742806784322637,-0.22323880511312347,0.6957999426408683,-0.48238936533584453,-0.2981221688299095,-1.4028185324627938,-0.6805688101680395,-0.23031355174676693,-0.030922100516184613
3833,-0.7880176109412371,-0.6622314872878053,0.12578607163760927,-0.45579095923097773,-0.2644427899110586,0.7225006703204893,-0.47442847378565517,-0.29254021551323084,-1.3978586616423194,-0.6737064983688196,-0.2236033037070044,-0.015660026900228108
3834,-0.8003138301528174,-0.6936053393466374,0.10670850944448843,-0.4497001482759375,-0.2896373934283591,0.7469595847497275,-0.4649442343667991,-0.28201535038292835,-1.3948325539939297,-0.6707391915720368,-0.21341701888897685,-0.007622036638512233
3835,-0.7995639983850313,-0.6413928123042462,0.15817122674614242,-0.4752366222201839,-0.23790581605324265,0.7202996623399393,-0.4767064318620903,-0.29279486793431153,-1.4056659195642083,-0.6828482049220892,-0.2249542454788132,-0.025879404810701247
3836,-0.8049646133396415,-0.6514685346275424,0.15349611584439096,-0.4746804781572115,-0.24490711271010146,0.7289165281258747,-0.4763535925192275,-0.29764196551657074,-1.408618789888686,-0.6837772444350947,-0.2275291265008526,-0.0300719529945502
3837,-0.8195286653392624,-0.7039580998461541,0.11557061317469436,-0.46496309200089897,-0.29068584081305926,0.7605875262065797,-0.45990329234594696,-0.2855904411466571,-1.3978572694085645,-0.6763775488797102,-0.21990162285456058,-0.0215803694680972
3838,-0.8308019277813067,-0.6707391915720368,0.16006275484757843,-0.49543236927190526,-0.25152719683951374,0.7469595847497275,-0.4649442343667991,-0.2896373934283591,-1.4024547275075194,-0.6859833149395151,-0.23628312938696067,-0.03811018261011403
3839,-0.8420468599633602,-0.6485082263975862,0.19353863014022168,-0.5146082343572025,-0.2228876209639743,0.7443405560540108,-0.474559377841002,-0.29898765111656694,-1.410865247266663,-0.6945760213330558,-0.2524651913911466,-0.05495143588428618
3840,-0.8495174137978967,-0.7014486165057023,0.14806880447566642,-0.49638090295306475,-0.275565440789104,0.7758140193736109,-0.46185002972435746,-0.2872671758087356,-1.4008143293830875,-0.6884239538412379,-0.24429714762937732,-0.04512077925357748
3841,-0.8553112255460273,-0.7088159222397488,0.1464952755734832,-0.5010731048709546,-0.2804686243423499,0.782228740684819,-0.4591254471156256,-0.28356391685130666,-1.4068351268562551,-0.6996540587730762,-0.24765883223296375,-0.05156032721057524
3842,-0.8612901745162636,-0.678361215979159,0.1829288839838707,-0.5182984797698891,-0.24390517243239146,0.7698257325243281,-0.47256625877392133,-0.2972594364737899,-1.4253209498353538,-0.7164714125680044,-0.25914923988494454,-0.0685983268343744
3843,-0.8555207850330158,-0.7083188818341932,0.14720186244485425,-0.496437040341269,-0.279284052962608,0.7785275949044267,-0.46803504423547027,-0.2934228454565304,-1.413517377430027,-0.7047798500821951,-0.24783004942972708,-0.052768274934205106
3844,-0.8508860647313238,-0.7301952550807376,0.12069082313307902,-0.4845318144331199,-0.30566663299723285,0.7882410148787943,-0.4637795077667932,-0.2873966326902399,-1.4107209438282595,-0.7030103584232477,-0.24379974161286483,-0.042686145787745454
3845,-0.8541152977869779,-0.6834741073100471,0.17064120766383498,-0.5124821156651054,-0.2560054407665918,0.7692587343637659,-0.4763709167830663,-0.3030347324001566,-1.428962593431621,-0.7204787132236934,-0.2534855387639693,-0.05850591845939412
3846,-0.8536680755559074,-0.6859833149395151,0.1676847978930092,-0.5106764180861498,-0.25914923988494454,0.7698257325243281,-0.47256625877392133,-0.30488146088091217,-1.417698776321764,-0.708849388160882,-0.24390517243239146,-0.05335425472224421
3847,-0.8514893682198872,-0.7319919374708251,0.1194974880494078,-0.48570111865991256,-0.3064445776899561,0.7921603840472137,-0.45714336314375226,-0.28956900819748893,-1.3940210582526589,-0.6857010381590967,-0.23391206128270128,-0.03741125251387947
3848,-0.8594509707554245,-0.7022278385065683,0.15722314471242282,-0.506919301237344,-0.27239922280589696,0.7785883710302286,-0.4644406505230064,-0.29944111454414757,-1.4018602072825574,-0.6938664914867748,-0.24513331936200955,-0.04873795447839251
3849,-0.8718892207815737,-0.6819683334086134,0.18992089203226514,-0.5261246737099539,-0.24569758474599557,0.7735363879025753,-0.4724823307512279,-0.3144656278815719,-1.4076161640779261,-0.6991165473978335,-0.2510074666876993,-0.06377654612097952
3850,-0.8765342233305082,-0.7393375603426051,0.1371966536687488,-0.5030543936790275,-0.2972594364737899,0.8079359291131736,-0.4649442343667991,-0.30488146088091217,-1.3948325539939297,-0.6859833149395151,-0.24390517243239146,-0.060976293108097865
3851,-0.8750550204815186,-0.7364501630388551,0.13860479459852718,-0.5067410893113458,-0.2938415240481209,0.803531097994074,-0.47286700796055714,-0.3059723436552433,-1.4011179853292044,-0.6933069968011347,-0.2520918466188394,-0.06925310871796189
3852,-0.879590510904749,-0.6842241427617339,0.19536635724098217,-0.5356570262772471,-0.243865021941817,0.7765608254587892,-0.48962240156414066,-0.32259926326546307,-1.4196060989529682,-0.7103260360284693,-0.26909725639737503,-0.0867570123703161
3853,-0.8837306846341143,-0.7090742412649793,0.17465642303648762,-0.5250664947062996,-0.26612007521615233,0.7939518222948116,-0.4826260444184761,-0.3134057709385629,-1.4107683829437683,-0.7043220852076958,-0.26131763232596134,-0.07823305226692798
3854,-0.8765342233305082,-0.7240934369751267,0.15244073044045608,-0.5106764180861498,-0.28201535038292835,0.8003138301528174,-0.47256625877392133,-0.2972594364737899,-1.4024547275075194,-0.7012273637537597,-0.25152719683951374,-0.0685983268343744
3855,-0.8679359414783506,-0.6623297741405587,0.20560621224820466,-0.5325331431652165,-0.2278083043419733,0.7626772887563986,-0.47388418925500253,-0.30242922825487906,-1.4136912908841177,-0.7133192407321459,-0.26343802835218105,-0.08144978681556686
3856,-0.872387502822475,-0.6508071319925375,0.22158037904799255,-0.5452450901702309,-0.21302635102608025,0.7562628186219646,-0.45911776266403276,-0.30194678570532774,-1.4136312594620393,-0.7134450370284252,-0.2650906212286447,-0.07906739780163605
3857,-0.8756153542144229,-0.669488771258928,0.2061265576023422,-0.5410527677538385,-0.22794355679412734,0.7703140715491684,-0.4356566922362515,-0.2975396074513462,-1.4104555144794104,-0.7093524240854934,-0.2593700257348423,-0.06644410423632853
3858,-0.868912124370152,-0.5945188729475798,0.2743933073374976,-0.571652725172979,-0.16006275484757843,0.7317155359354828,-0.4420781238688152,-0.32012550969515685,-1.4405648495431311,-0.7393375603426051,-0.28201535038292835,-0.07622036522022804
3859,-0.8620406019430953,-0.5125873544130928,0.3494532111873943,-0.6064173622475267,-0.07969386297597111,0.6839491612753248,-0.45157239718899794,-0.3451764017514759,-1.4718441927886439,-0.7775761549957138,-0.30423771962468266,-0.0757509942635878
3860,-0.8596706329361693,-0.49118057133654164,0.36848997765520497,-0.611423652672918,-0.05532992219676857,0.6731993958235915,-0.44092411922455804,-0.36165480316434184,-1.488678340884673,-0.7964275591552455,-0.3059774091579478,-0.05693470352903508
3861,-0.8617585637838998,-0.4106987370049715,0.4510598022251982,-0.6533703354118153,0.02170049831643124,0.6362984291380238,-0.4615257177980417,-0.40812198013641043,-1.5360228331420722,-0.8442058433257665,-0.3336000983642776,-0.06944278458195699
3862,-0.8612901745162636,-0.2743933073374976,0.5868968112638405,-0.7240934369751267,0.15244073044045608,0.5640307007658567,-0.5106764180861498,-0.47256625877392133,-1.6006276603056349,-0.9146444199193535,-0.3658577679677414,-0.0838423989465046
3863,-0.854411867683499,-0.19440933067746452,0.6600024974263521,-0.7542243182034812,0.2312377449805143,0.5195090288606662,-0.528918479388761,-0.5089215690994996,-1.6305125804775513,-0.9424258922743936,-0.3519754154794711,-0.05187239752723685
3864,-0.8536626477703745,-0.1119219704513174,0.7417406904474657,-0.7949612979167353,0.3165487114207689,0.481639475957982,-0.549764460455707,-0.5418930190204579,-1.6591427910712402,-0.9553733566649689,-0.3360390039508544,-0.02436746792891752
3865,-0.8516545887487731,0.037509134080231384,0.889163749442142,-0.8711327266986861,0.461763500115983,0.40671480432414914,-0.606399398519071,-0.598477618658865,-1.7053487079036713,-0.9837231330413687,-0.3317335828335831,-0.021153201610054594
3866,-0.8460460511487851,0.1371966536687488,0.9832427141366882,-0.9146444199193535,0.5564086763587344,0.35061368187687986,-0.6554951427577921,-0.6402510193903137,-1.722580349032527,-0.9756206897295658,-0.28201535038292835,0.015244073277024468
3867,-0.8334511880436244,0.1909884854161503,1.0244396256100303,-0.9312649019986509,0.6070849213496303,0.3163852326915879,-0.6987930658512244,-0.6601053381731036,-1.7135558905469364,-0.9293403325038825,-0.19749604581908556,0.07863149901551533
3868,-0.7911483521879531,0.31189426262341935,1.1030425774856154,-0.952448821387542,0.7064035309338914,0.23861784260548677,-0.7878764345878765,-0.6988682356126054,-1.71920361963379,-0.8861343919730134,-0.10727095694661647,0.13833716344757574
3869,-0.7364925618289159,0.4109220188181789,1.1474145918834715,-0.9443747315450775,0.7743674131419382,0.16212171596750702,-0.9095456074724517,-0.7455576261245844,-1.717518762938002,-0.8170862408597752,0.01586848331993248,0.22368170176661098
3870,-0.678361215979159,0.411589988963709,1.0899512049428681,-0.8841562477376304,0.7469595847497275,0.12957461994247224,-1.0442189839469005,-0.7850697813385727,-1.6920921022975701,-0.708849388160882,0.18292888398387067,0.34299165746975757
3871,-0.5859155190472157,0.43351423876148515,1.019429751057636,-0.8028971060916172,0.7259226033826939,0.07468306743535,-1.2184786499454008,-0.8442681993549255,-1.6719897329771563,-0.6053427369027118,0.35918592768280855,0.45780791879687466
3872,-0.4716244399995089,0.4274396517441484,0.899064101846767,-0.684746327786186,0.6634620276096699,0.023552098448682595,-1.4269607201456516,-0.9128757919662577,-1.6550622803264177,-0.49305106587187125,0.5447669440425714,0.5762210273784721
3873,-0.359122729893961,0.23826028211466702,0.5973830034849708,-0.47892840048614527,0.4177678845222515,0.059408152138970896,-1.6261670032783995,-0.9565884674755804,-1.614349910132805,-0.3442008533114346,0.759488213568359,0.7199750266027667
3874,-0.25914923988494454,-0.060976293108097865,0.19817295143642383,-0.22866110497983838,0.06859832683437442,0.16006275484757843,-1.821666666325117,-0.9908647385438105,-1.5777615870842678,-0.2057949944818545,0.9679985907692097,0.8536680755559074
3875,-0.17757432866610148,-0.39693792794949656,-0.219363567109809,0.024810641255731666,-0.30816707492932266,0.2912555161915776,-2.0146896161060193,-1.0273929527961703,-1.5602125208680464,-0.1015697912770652,1.1371430090982706,0.9487935071877613
3876,-0.10242089371600412,-0.8882518853787208,-0.7858310142672349,0.3430251037881147,-0.8369851030847403,0.4966906121537875,-2.1686186439851665,-1.0437761260096077,-1.5342855674343912,0.002156515268832924,1.2890696155053591,1.025223595973568
3877,-0.044806586112160526,-1.4980464748091171,-1.4532398966831364,0.7050190000589883,-1.4757089710935545,0.77210074252467,-2.2846516043767915,-1.0445945060165134,-1.5108118751213344,0.09610940198538215,1.4166313420359042,1.081306033472016
3878,-0.015244073277024468,-2.050327845858189,-2.0350837970439444,1.0137308863184111,-2.0427056723445993,1.0365969595397782,-2.393319391498096,-1.0594630327611452,-1.524407267127944,0.1371966536687488,1.4862971450923326,1.0899512049428681
3879,0.017209765310211466,-2.56468932542779,-2.5818991141516223,1.3001026304824916,-2.5731297525835823,1.2747314114568726,-2.4658667195098922,-1.061320290800243,-1.5401513504138,0.1567763265261916,1.525596621751685,1.0759120289503707
3880,0.05756403850432495,-3.083539283337784,-3.141103116743411,1.6011035748272393,-3.112746258021809,1.5137032630203722,-2.480553015090959,-1.0185214326068528,-1.5245891359267438,0.1977390658832928,1.565728156116806,1.0750969419361165
3881,0.08334875767095978,-3.4666732466761987,-3.550022040827817,1.8201463506238833,-3.507590003498338,1.6966143819286172,-2.473749009750809,-0.9667452210060629,-1.4998584634888958,0.22895933993930628,1.5769297714442052,1.0566898764927093
3882,0.09908647571821189,-3.704309527907213,-3.803396441625673,1.9512413794591317,-3.750041972562882,1.8064227666173398,-2.4542958849680097,-0.9146444199193535,-1.4710529471716203,0.24390517243239146,1.5625175382700232,1.0137308863184111
3883,0.12229754251958326,-3.9129798028430156,-4.035277530978451,2.0815104371559072,-3.9697614828285865,1.8959032421415278,-2.3992369970692775,-0.8349723531669677,-1.4190132662808528,0.2741619210730065,1.553551272804391,0.9839833460915843
3884,0.13996513429948734,-4.031955331516766,-4.171920531936957,2.159036423357363,-4.0999033832178755,1.9456467482827149,-2.338651117779249,-0.7626254158920891,-1.372527435249809,0.2854359012410345,1.5192514200717815,0.951058549962162
3885,0.13237204757032442,-4.0070569490396,-4.139429032683071,2.1348514356492365,-4.073995577319403,1.9375919178636893,-2.2935823972913107,-0.7168631930736373,-1.3487932566811245,0.2538999346806494,1.4430653830187379,0.8942301166314897
3886,0.10670850944448843,-3.9787030029894863,-4.085411344689199,2.096059992300923,-4.032057472052278,1.9359971815384194,-2.2332565807355924,-0.6707391915720368,-1.3338563587369512,0.2057949944818545,1.356722431958318,0.8384240267416627
3887,0.07041802676904384,-3.955345479493266,-4.025763420013294,2.0510137229247243,-3.987083810600862,1.941850130320704,-2.161065881251889,-0.644994443169131,-1.346657025763487,0.1206765583034165,1.241057299865593,0.7752408555462316
3888,0.014260094723377189,-3.823279699434235,-3.837539594903299,1.930833251490708,-3.827980699285179,1.9068262801714044,-2.104064534533551,-0.6633335644585097,-1.4080220463406004,-0.028072253701557935,1.069082923078197,0.6796163827110471
3889,-0.052589655435096555,-3.6660003072693206,-3.6134104830288862,1.7828162167138415,-3.6404647853949856,1.862816053807951,-2.024336245451224,-0.6792100853442883,-1.4734588052562692,-0.18670694166711213,0.88614513159172,0.5773094145508133
3890,-0.1219525862161957,-3.5671130885790108,-3.445160698065054,1.6616038555626134,-3.506136893322033,1.8445328886529517,-1.8978870595028077,-0.6631171671649144,-1.5167852427208217,-0.32012550969515685,0.7240934369751267,0.49543236927190526
3891,-0.19596170446559866,-3.404479869612639,-3.208518085548688,1.5096271678824649,-3.3036117060908525,1.799438140694398,-1.7601791647931786,-0.6492221364999985,-1.5656306717150301,-0.4611593704995242,0.5494043777535471,0.4023763503702366
3892,-0.2673332428426995,-3.1834241974074766,-2.9160906015133974,1.326526214404322,-3.0449298273594314,1.72744928476553,-1.6121109947357846,-0.6357037492012884,-1.6109418349688007,-0.5966074222020747,0.3727124972570166,0.2951829997282199
3893,-0.33427939656732025,-3.037935074601932,-2.703655740154451,1.1847502270835106,-2.8681864474636876,1.690445750670865,-1.4287053685974591,-0.5773338962850953,-1.6095810658110532,-0.6756262987521524,0.24327479972449734,0.22483507569137323
3894,-0.39634590287284754,-2.9039957723076295,-2.507650204924334,1.0594630327611452,-2.7058228395095134,1.6539819802619584,-1.250013941152138,-0.5106764180861498,-1.6006276603056349,-0.7317155359354828,0.12957461994247227,0.1676847978930092
3895,-0.4476377919086203,-2.7031959125706373,-2.2555582334216866,0.908361631884892,-2.476714078428353,1.5762314391220267,-1.1001776736545785,-0.471856957345057,-1.6092841404636282,-0.7982524322615125,0.004288417497708528,0.08069969204668598
3896,-0.5007852128626824,-2.5590636471887334,-2.0582782692957626,0.782020153116668,-2.303931817039186,1.5293011583028762,-0.9470545823977836,-0.41604910835765574,-1.587075538181879,-0.8327303718700432,-0.08414930110240264,0.012677706849013133
3897,-0.5615730602065011,-2.4734585991569387,-1.9118853842807793,0.6792068237372733,-2.189715803361615,1.5181959280585822,-0.7996944538063508,-0.357774198694075,-1.5539893372924092,-0.8436740184891911,-0.15829172010576859,-0.032323514677449906
3898,-0.625006970576069,-2.3247211718339953,-1.6997141267046925,0.5411645902678729,-2.01221757471611,1.4786751206852102,-0.7012273637537597,-0.34299165746975757,-1.5625175382700232,-0.8841562477376304,-0.26677128293037533,-0.10670850944448845
3899,-0.6927924203388052,-2.180756122497603,-1.487963610033352,0.4013434264311565,-1.8352328393851018,1.441617273000362,-0.6181461166732545,-0.32515280494046334,-1.567005433036306,-0.9245415229766913,-0.3604734144598631,-0.17720437254551827
3900,-0.7602654073540178,-2.1201359311755894,-1.3598705340381523,0.3035666106967648,-1.7373389022403127,1.4411032579827676,-0.5212232291419234,-0.2863105492174973,-1.5485476890371324,-0.932082609926541,-0.4189021338186981,-0.21024833070903282
3901,-0.8183045457498572,-2.018332110168697,-1.200027637146414,0.19478902722342145,-1.6059877054611518,1.4191363290162864,-0.4541767201815191,-0.27334655112970513,-1.548768564686878,-0.9428733293337604,-0.4923200528494331,-0.2547851476335761
3902,-0.868912124370152,-1.8673989618743185,-0.9984868375041666,0.0685983268343744,-1.4329428251360088,1.3719666298790303,-0.411589988963709,-0.2667712829303753,-1.547273340349311,-0.952754541954965,-0.5564086763587344,-0.30488146088091217
3903,-0.9107197621296477,-1.780688873912037,-0.8699691118085073,-0.016925474383627407,-1.323011123400091,1.3468521914386569,-0.3478199079669267,-0.2273959327812905,-1.5120858387132528,-0.9311095793342773,-0.5707851007051324,-0.31407104091659754
3904,-0.9391063349238836,-1.6891942954164154,-0.7500879254550188,-0.08986486618057786,-1.2144009873719779,1.313478392885459,-0.2973940113278337,-0.19546407102983904,-1.4859539911155002,-0.9089895425333534,-0.5806287390874224,-0.3162159968006192
3905,-0.9583708109315731,-1.5142243740367356,-0.5558534902532526,-0.19865191346158415,-1.0324867369558772,1.2364493752867154,-0.27300353482698736,-0.1873826250729605,-1.4706042913206854,-0.8907277336040442,-0.5982175676192174,-0.3320663601095361
3906,-0.9756206897295658,-1.3872106786932747,-0.411589988963709,-0.28201535038292835,-0.899400296551875,1.1814156469348034,-0.23628312938696067,-0.16006275484757843,-1.4329428251360088,-0.8460460511487851,-0.5792747868567182,-0.32012550969515685
3907,-0.987301886191809,-1.3207208748138282,-0.3334189787925794,-0.32411679607410815,-0.8271219405364145,1.1566841331496176,-0.1977093916767128,-0.12181424479516298,-1.3895910292982943,-0.7964705615324806,-0.5420265676258493,-0.2937664040228736
3908,-0.9968398486731135,-1.1931714335818644,-0.1963315069954041,-0.39597466017023325,-0.6948752863843928,1.099801808736204,-0.18126658995102685,-0.10650838693903794,-1.3591084841920846,-0.7657954850310023,-0.5222125970565962,-0.28738902569292457
3909,-1.0098077980897278,-1.0747324812489496,-0.06492464190038057,-0.46863556867497336,-0.569344858637525,1.0452009434051441,-0.17007562164008622,-0.09161161385155445,-1.3298622826991227,-0.7338095443694874,-0.5017359225396066,-0.2749814147528114
3910,-1.0137308863184111,-1.0442189839469005,-0.030488146554048932,-0.4878103448647829,-0.5335425658607506,1.0289749351326558,-0.15244073044045608,-0.060976293108097865,-1.2957462367013395,-0.6859833149395151,-0.4649442343667991,-0.24390517243239146
3911,-1.0017508083886393,-0.9797846742456366,0.021966053538375364,-0.5110806622497286,-0.47401132047625394,0.987707621835386,-0.14841376030128053,-0.05021957744879381,-1.2687349920228965,-0.6511460310890761,-0.4382191352265038,-0.22904191681886443
3912,-0.9931310447136916,-0.8818767396587451,0.11125430020070537,-0.5514222308893133,-0.3844387496980337,0.9330997284448493,-0.15836140280426342,-0.05728070157726335,-1.2543394727364579,-0.6420409722458911,-0.4248991462420853,-0.22373035460262097
3913,-0.9872719714574911,-0.8609527297601028,0.12631931312110134,-0.5517481317425363,-0.3665106966220195,0.920975856613591,-0.1444080300367357,-0.03416795762741076,-1.2191213441533002,-0.6095439991760166,-0.3892163050027065,-0.19322043675479625
3914,-0.9679985907692097,-0.8460460511487851,0.12195258621619573,-0.5411645902678729,-0.3582357062840022,0.9070223209589974,-0.12957461994247227,-0.007622036638512233,-1.1890377458951595,-0.571652725172979,-0.3582357062840022,-0.1676847978930092
3915,-0.9385184318245983,-0.7671438281584892,0.171374605811705,-0.5549466974178683,-0.2966520111154207,0.8538386544215203,-0.14238679033271093,-0.013678321632829442,-1.1946796946298874,-0.5708929031293142,-0.3590960400955375,-0.16854788320277242
3916,-0.9122824217762335,-0.7357822971216205,0.17650013303936563,-0.5424584550702652,-0.28052937013933865,0.8211857998070247,-0.13677800078326324,-0.0072858427642320455,-1.1840156975781568,-0.559495278780611,-0.34449707495117277,-0.15720136045603983
3917,-0.8932061799363545,-0.7580822697283446,0.13512391161326087,-0.5104064857914985,-0.31105698459662884,0.8225511481047321,-0.11733645384444952,0.012343361895917723,-1.1593577686787522,-0.5347232623454532,-0.32352111952004486,-0.1421503060314518
3918,-0.8841562477376304,-0.7164714125680044,0.1676847978930092,-0.5259205414536282,-0.2743933073374976,0.8003138301528174,-0.12195258621619573,0.007622036638512235,-1.1661715981205587,-0.5411645902678729,-0.3353695957860184,-0.15244073044045608
3919,-0.8826197187801593,-0.6664829277282548,0.21613674687798043,-0.5505502975887093,-0.22558566192461277,0.7744766809569168,-0.11988221119529067,0.008724315205394295,-1.1647465887699202,-0.5404125178829517,-0.3398936822816046,-0.15627468069832742
3920,-0.8860864068927885,-0.6960434523787328,0.19004293586445958,-0.5351487846781597,-0.251365279417317,0.7917529059815248,-0.10269178087576813,0.030589208236663435,-1.1411413385127458,-0.516136489954855,-0.32347827051594086,-0.14201978399872497
3921,-0.8943135732294818,-0.6996024701649628,0.19471111123381454,-0.5413657604186886,-0.2477863588398682,0.7957195105318758,-0.10044572827438579,0.037537200182780915,-1.1359518768652157,-0.5126426379580399,-0.3214460779570537,-0.13758782325432042
3922,-0.9070223209589974,-0.6554951427577921,0.25152719683951374,-0.5792747868567182,-0.19817295143642377,0.7774476823782167,-0.10670850944448843,0.030488146554048932,-1.143305450345958,-0.5259205414536282,-0.32774757137889604,-0.14481869671417955
3923,-0.913896093921981,-0.6715794166393512,0.2423166812210465,-0.5783512389646444,-0.21446397249217344,0.7922228441913092,-0.09709032201014078,0.039801719060440055,-1.1318669005607958,-0.5163966103454544,-0.31704323726961003,-0.1411324754773235
3924,-0.9106003655583773,-0.6903100786631271,0.22029029030821948,-0.565338182286137,-0.23321285502109818,0.7988178118299494,-0.08518564603909709,0.051983074968885434,-1.1249636668342826,-0.5057542008739812,-0.3097147955343168,-0.1318737839902977
3925,-0.9042519130548843,-0.6315813456960557,0.27267059305225555,-0.5884152476255909,-0.17565970475701506,0.7641951973522203,-0.09697536232095691,0.04012131786191313,-1.1406853067614176,-0.526582059294254,-0.32625808290395486,-0.14203161846901016
3926,-0.899400296551875,-0.6097629217618243,0.2896373934283591,-0.5945188729475798,-0.16006275484757843,0.7545816091568497,-0.09908647571821189,0.03811018261011402,-1.143305450345958,-0.5335425658607506,-0.32774757137889604,-0.14481869671417955
3927,-0.888500581017424,-0.6414582202927339,0.2470423246249702,-0.5682074970286494,-0.19830577095339913,0.7654353186991167,-0.07887131343312029,0.06250016031721652,-1.1236039687118715,-0.5124668112204749,-0.31143033055391794,-0.12973233534096054
3928,-0.8714819654756495,-0.607379818005558,0.2641020715568111,-0.5658447913123639,-0.168924379671605,0.7392825024612686,-0.08055553312484193,0.07074690225136805,-1.1185272720195092,-0.5175468301714312,-0.3247640773231649,-0.1383633578650289
3929,-0.8564581996384375,-0.5659593038782764,0.2904988611796163,-0.5693074154531126,-0.13435538736268232,0.7107208944653334,-0.07970746641578971,0.07052448823351692,-1.1168804639947891,-0.5238050571913084,-0.33358675892914796,-0.1418111394123401
3930,-0.8536680755559074,-0.6021408973547021,0.25152719683951374,-0.5487866146749952,-0.17530684093843993,0.7240934369751267,-0.05335425472224421,0.09146444199193535,-1.0975732293499905,-0.5030543936790275,-0.3125034852880345,-0.12195258621619573
3931,-0.8543673828763325,-0.6034873949796096,0.25088000793490817,-0.5486010465172926,-0.17714982067689033,0.7245799083709024,-0.04940746715944393,0.10147850678122695,-1.0874420425005413,-0.49964833198551195,-0.3137034312836861,-0.12975161197803034
3932,-0.847649681966866,-0.5556919339418726,0.29195776563928677,-0.5676014851094867,-0.12953433711679133,0.698465964943769,-0.055963320883911157,0.09409849969777437,-1.0907305283112096,-0.5018711148891645,-0.32686447805751556,-0.1441735691449454
3933,-0.8469117883906323,-0.5815319718703666,0.26537979739497386,-0.5568385459897878,-0.15409347686022912,0.7099793720163969,-0.03849117365082671,0.10467786711475524,-1.0727467592931748,-0.47815643151924936,-0.3134388382650985,-0.1316737480095789
3934,-0.8612901745162636,-0.625006970576069,0.23628312938696067,-0.5487866146749952,-0.190550908390993,0.7393375603426051,-0.030488146554048932,0.11433055248991919,-1.0518410829072564,-0.4649442343667991,-0.30488146088091217,-0.12957461994247227
3935,-0.8730745907537245,-0.5957395035844522,0.27733504421660443,-0.5723124079966471,-0.15522208834792584,0.7335392790409292,-0.039168443569324876,0.1058361895848925,-1.05151181495485,-0.46741250115035216,-0.3124589087860474,-0.14340610683117022
3936,-0.8819022089771444,-0.5959219969209169,0.2859802341524392,-0.5791647396896185,-0.1515921276235307,0.7396711135475746,-0.02537772382907652,0.12124002295493484,-1.0400150055356714,-0.4500544340101221,-0.30285716900487714,-0.13697874397089918
3937,-0.8959525135660279,-0.6457707278885566,0.25018182087360963,-0.5703868716828465,-0.19348761678565507,0.770032059943096,-0.0021585685503948474,0.15323935887084736,-1.0125927143751974,-0.43051103936192187,-0.2858543276689018,-0.1162697381180911
3938,-0.9070223209589974,-0.625006970576069,0.28201535038292835,-0.5945188729475798,-0.1676847978930092,0.762203633563972,-0.007622036638512235,0.15244073044045608,-1.0137308863184111,-0.4420781238688152,-0.2972594364737899,-0.12195258621619573
3939,-0.9116125952323856,-0.5828112125736991,0.32880134529473776,-0.6177178414001199,-0.12675350048943768,0.7427111958318221,-0.008341402313644296,0.15142175326898677,-1.0188876228825585,-0.4474339268229219,-0.308021963178205,-0.1330459833126021
3940,-0.9190395945156611,-0.6103661434434247,0.30867343301816946,-0.608767433853864,-0.1490874389873467,0.7630375852635483,0.021170816547018936,0.18156473951768934,-0.9953778126367046,-0.4278176739657289,-0.29468093974840565,-0.11651742473219553
3941,-0.9206727351926862,-0.6047334128197001,0.3159393212526702,-0.6156944657233847,-0.1406252879728052,0.7630084704238449,0.02784318262702628,0.18728571580326586,-0.9949153703683953,-0.4321492516012343,-0.3046812892224281,-0.12047144079229145
3942,-0.9146444199193535,-0.5487866146749952,0.3658577679677414,-0.6402510193903137,-0.09146444199193535,0.7317155359354828,0.015244073277024468,0.17530684093843993,-1.0137308863184111,-0.4497001482759375,-0.32774757137889604,-0.14481869671417955
3943,-0.9130590753486365,-0.5629049934034902,0.35015403670816597,-0.6316606186436815,-0.1071719946094071,0.7379814470226954,0.03559853357007476,0.19704790676558348,-0.9969447079131017,-0.43371855156850525,-0.31701422241362287,-0.13524439132517557
3944,-0.9146454483317069,-0.590895905128556,0.32374951689924736,-0.6192726261685056,-0.1325795759116829,0.7526500320319254,0.056277911857958295,0.20916529210206175,-0.9882533616709731,-0.4233350347094945,-0.31407909989184385,-0.12955456824905925
3945,-0.9135086245286128,-0.5443561557745288,0.36915242195496645,-0.6412035015119275,-0.08836630890566909,0.7291450429642319,0.0509862847016905,0.19333089530542716,-1.0001022699658366,-0.43894936435263976,-0.3328692779906566,-0.15230450757821287
3946,-0.9146444199193535,-0.5335425658607506,0.381101816781986,-0.6478731183506697,-0.07622036522022806,0.7240934369751267,0.060976293108097865,0.2057949944818545,-0.9832427141366882,-0.4268340377779537,-0.32774757137889604,-0.15244073044045608
3947,-0.9103362701751727,-0.5766368002658694,0.33369949627909484,-0.622482257224768,-0.11778758678423135,0.7406108424128022,0.08620895782671234,0.2327240970248492,-0.9560971431903141,-0.39369644080369737,-0.3127739486138966,-0.1371068004648021
3948,-0.8947682483403225,-0.5546723826374662,0.3400958940752397,-0.6153900312982828,-0.10535926483809985,0.7202323826374563,0.09336232910341655,0.23482083402801823,-0.9490441775010648,-0.38828237708577357,-0.31656591460364636,-0.14498072901277065
3949,-0.8793659369070005,-0.5231610863100558,0.3562048385607858,-0.6140022416726592,-0.0833883229435792,0.6978276659040539,0.09277382480037005,0.24169107144268495,-0.9383127286832376,-0.38334202046161203,-0.31849377102821697,-0.1518721061193133
3950,-0.8765342233305082,-0.5640307007658567,0.3125034852880345,-0.5945188729475798,-0.12195258621619573,0.7164714125680044,0.11433055248991919,0.2743933073374976,-0.9070223209589974,-0.35061368187687986,-0.30488146088091217,-0.1371966536687488
3951,-0.8768311013056939,-0.5662732160547356,0.31055783875300325,-0.5949854638411449,-0.12310993142342874,0.717343678836966,0.1358457814887398,0.29547290319522057,-0.8840525769083147,-0.33342383739784187,-0.3011440105948796,-0.13347618731350763
3952,-0.8715812994911021,-0.5127826064870945,0.35879868481148314,-0.6120257026729734,-0.07557268521488772,0.6890640736935006,0.1360466649923064,0.29992067665631417,-0.884867174096758,-0.3379533259521137,-0.3102696187987861,-0.1425258372939828
3953,-0.8679744082234407,-0.5218386355861248,0.3461357627606329,-0.6041967030002483,-0.0877399713472868,0.6904284918470828,0.15444870947391903,0.3216406205027533,-0.8657027668092753,-0.3175128901279308,-0.2981052570205312,-0.131003514822777
3954,-0.8765342233305082,-0.5487866146749952,0.32774757137889604,-0.6021408973547021,-0.10670850944448843,0.708849388160882,0.1829288839838707,0.34299165746975757,-0.8384240267416627,-0.2972594364737899,-0.2896373934283591,-0.12195258621619573
3955,-0.8882314930465908,-0.509218534084641,0.37901295500259446,-0.6308914347467562,-0.05978298332259552,0.6986862758781825,0.18249001504863774,0.3417823189238707,-0.8427054129869694,-0.30910100098761656,-0.30877038851655736,-0.13968475158232266
3956,-0.8946687895164049,-0.490642228576399,0.40402654098649804,-0.6449375982830584,-0.04325264521014542,0.6905130477980725,0.19771970878043482,0.35419528363131936,-0.839478719469277,-0.3059380727491421,-0.30486580293134496,-0.1427134736805028
3957,-0.9009957980599187,-0.5165839274121516,0.38441184187620536,-0.6390078747750639,-0.06443323764806325,0.705408340364052,0.24309646320865302,0.3804054458469533,-0.8152600091859196,-0.2833819881856923,-0.285889311370748,-0.12452844741032659
3958,-0.9070223209589974,-0.4801883204576606,0.4268340377779537,-0.6631171671649144,-0.022866110497983844,0.6936053393466374,0.25914923988494454,0.381101816781986,-0.815557878967062,-0.2896373934283591,-0.30488146088091217,-0.1371966536687488
3959,-0.9063661792671301,-0.4262461045175122,0.4801201197142813,-0.692139175392722,0.023833561405646096,0.663986084079212,0.2595879374021435,0.38067577148306786,-0.8153623272559484,-0.29573756436057613,-0.3227958262746839,-0.160466508811756
3960,-0.9068822032785578,-0.447434013268322,0.45944822287422116,-0.6840424998435112,0.0057012669997381325,0.6721121006751295,0.2884505453551457,0.41078870437295195,-0.7842054873793303,-0.2701937510391471,-0.3077085181056738,-0.1492649505175665
3961,-0.904029455215577,-0.4475437468778399,0.4564857423734689,-0.6797634518207538,0.008069665014095288,0.6726655688886153,0.3062511790110185,0.4278513241768276,-0.7682846276172481,-0.2593049757698038,-0.309797695223056,-0.1494190163490515
3962,-0.8917782721447527,-0.39634590287284754,0.49543236927190526,-0.6936053393466374,0.04573222099596767,0.6402510193903137,0.2972594364737899,0.41921201337083136,-0.7774476823782167,-0.2667712829303753,-0.3353695957860184,-0.17530684093843993
3963,-0.8876969072543094,-0.409686915721594,0.4780099839772265,-0.6834985366014092,0.02920848260169424,0.6440837710427507,0.3102656029685589,0.4364079389220965,-0.7584316636222305,-0.2462893820085277,-0.3335746125173286,-0.17295964403246755
3964,-0.9003361710698596,-0.44311392727956633,0.4572222633912717,-0.6766346982862713,0.004257311427573872,0.6702921784604875,0.33387207511768535,0.4719600642612673,-0.7275046762316906,-0.22467693826232038,-0.32047533715369314,-0.1644795435136433
3965,-0.9067713717166579,-0.3985187025714304,0.508252712614897,-0.7034131759061248,0.050617683562199506,0.6527415004435642,0.33422403032721953,0.47950720461513857,-0.7239434661445326,-0.23171834619816475,-0.33350839323233217,-0.18113081742280487
3966,-0.9070223209589974,-0.37347979237486373,0.5335425658607506,-0.7164714125680044,0.07622036522022804,0.6402510193903137,0.35061368187687986,0.4878103448647829,-0.708849388160882,-0.2210390619344076,-0.3353695957860184,-0.17530684093843993
3967,-0.9169121451485286,-0.40328272071224913,0.5136294297235016,-0.7114255241863704,0.05125674232157003,0.6605933150292489,0.3840027761669976,0.518116802457518,-0.6745552629818302,-0.19297024939112892,-0.3146521778078819,-0.1524189187332672
3968,-0.9276909660001366,-0.3772174500965531,0.5504735169111079,-0.7354824208011592,0.08431757273425099,0.6503637930899742,0.3846427649317713,0.5287363419254781,-0.6761051871429571,-0.19777069052469476,-0.31882607420570647,-0.16441109962449774
3969,-0.9289798291372074,-0.33571941651163384,0.5932604058960601,-0.7570037174961957,0.12950607301846118,0.6283297042895307,0.38532358371327063,0.5268663822333706,-0.6840197626164163,-0.2034309899154258,-0.32675372555719945,-0.17405606231266535
3970,-0.9298884687335982,-0.3582357062840022,0.571652725172979,-0.7469595847497275,0.10670850944448843,0.6402510193903137,0.41921201337083136,0.5487866146749952,-0.6554951427577921,-0.17530684093843993,-0.30488146088091217,-0.15244073044045608
3971,-0.9252909632840878,-0.34299201270433455,0.5822989097574193,-0.7532156885617379,0.11676664488974912,0.6297878684824638,0.431176774226557,0.5598084691855767,-0.6377383588350994,-0.16356827655832706,-0.29878842551225143,-0.15278160622275927
3972,-0.912528650951518,-0.2752369283232458,0.6372916921448248,-0.7738821307430689,0.1762148313297213,0.5924666866269078,0.41687083989057905,0.5463512104696902,-0.6447844534393923,-0.17478968087417562,-0.3157831051651686,-0.17111092734332328
3973,-0.9045331177694571,-0.2761181739317712,0.6284149366135128,-0.7616215049063018,0.17347951931427907,0.589826674477097,0.4240491483480107,0.5546714713558414,-0.6330520769323776,-0.15866680060404875,-0.3051038594324463,-0.16167263675826157
3974,-0.899400296551875,-0.2972594364737899,0.6021408973547021,-0.7469595847497275,0.15244073044045608,0.5945188729475798,0.434456062185076,0.571652725172979,-0.6173849834455636,-0.1371966536687488,-0.2896373934283591,-0.15244073044045608
3975,-0.8868041130155785,-0.2464177268792963,0.6403864091892741,-0.7631531903354531,0.1968290733452681,0.5651049596430712,0.4268813360067648,0.5645762061836433,-0.6184322165668394,-0.1386871629888718,-0.3018000779146997,-0.1653501218280275
3976,-0.8808844258712345,-0.2204989949694089,0.6603853851218539,-0.7706337839250961,0.22062010637994067,0.5520906635526159,0.4353472767038407,0.5737562987449822,-0.6024488582557999,-0.12202081280377183,-0.2981534509477225,-0.16067720586806056
3977,-0.885374418071172,-0.2535740497442677,0.6318003235062786,-0.7587779598568268,0.1879739952576644,0.568280148180573,0.45331685076323897,0.6021782299478666,-0.5686434840907283,-0.09056198630740858,-0.27585521611387276,-0.13871351536409063
3978,-0.8917782721447527,-0.22866110497983838,0.6631171671649144,-0.7774476823782167,0.21341701888897685,0.5564086763587344,0.4420781238688152,0.6021408973547021,-0.5640307007658567,-0.09146444199193535,-0.28201535038292835,-0.14481869671417955
3979,-0.8973383878608125,-0.18566346615106688,0.7116749237283868,-0.8016274655001981,0.2620375805052811,0.5374649652408335,0.4256549089621614,0.5919778792401008,-0.5733248330787665,-0.09689702868676814,-0.2926971357007345,-0.16103500904754936
3980,-0.899335446796171,-0.22044899545775143,0.6788864530779553,-0.7846269586515198,0.2296238454020208,0.5564265808466907,0.43544484709870646,0.6037034097399067,-0.5589042328608961,-0.07361676744601617,-0.27620360645154046,-0.14857918332679804
3981,-0.8985213041344463,-0.2277129115661121,0.6708083865633806,-0.7812221783652757,0.22163658304623216,0.5589529894477195,0.4408315629543124,0.6084441979434456,-0.546606053152537,-0.059295929299570074,-0.26561261973717004,-0.13493495046396195
3982,-0.899400296551875,-0.17530684093843993,0.7240934369751267,-0.8079359291131736,0.2743933073374976,0.5335425658607506,0.4268340377779537,0.6021408973547021,-0.5487866146749952,-0.060976293108097865,-0.2667712829303753,-0.1371966536687488
3983,-0.8941120199508874,-0.1889019042574336,0.7052101387124667,-0.7954840255138398,0.2549189799531986,0.5409021998006271,0.41935728262533994,0.6075841866842423,-0.5377286760068463,-0.045217893388720856,-0.25063932193046384,-0.1275169800514826
3984,-0.8854776394795743,-0.2194755131686471,0.6660021626215618,-0.7725614513112125,0.2206438721776854,0.5515422623728724,0.4151610525726853,0.605720748908011,-0.5291768526928263,-0.029746046232344437,-0.2359859419779213,-0.11438806482673769
3985,-0.8836729186226956,-0.16815006186389853,0.7155228403367598,-0.7951793047734855,0.27446742196712626,0.5209342117446989,0.39640170335926317,0.5881220745557751,-0.5352131760462271,-0.03132371925086579,-0.23597133884185123,-0.11490919611609998
3986,-0.8841562477376304,-0.14481869671417955,0.7393375603426051,-0.8079359291131736,0.2972594364737899,0.5106764180861498,0.381101816781986,0.5792747868567182,-0.5335425658607506,-0.022866110497983837,-0.2210390619344076,-0.10670850944448843
3987,-0.8734285524139582,-0.18121869219017261,0.6922099373927266,-0.7826631979240618,0.25514463149007716,0.5273420289278294,0.3765714649907364,0.574980741100818,-0.525492124275413,-0.0038680459903135947,-0.1952755186586791,-0.08739609179265605
3988,-0.8587915244990308,-0.15822077383791125,0.7005707803028014,-0.7777817195983351,0.27157574451367567,0.5064682648112413,0.36022635748437537,0.5582606858868671,-0.5308628059469621,0.00173953204951704,-0.18876856613679155,-0.08494282108900073
3989,-0.8506259712559356,-0.12737041076070374,0.7232555306518136,-0.7832842567089787,0.2976854218043749,0.4853718153469155,0.3357167740615013,0.5331199130172138,-0.5441613466254528,0.0009429829655154857,-0.18856230284191797,-0.09238229217772889
3990,-0.8384240267416627,-0.1676847978930092,0.6707391915720368,-0.7545816091568497,0.25152719683951374,0.5030543936790275,0.32774757137889604,0.5259205414536282,-0.5411645902678729,0.015244073277024466,-0.1676847978930092,-0.07622036522022804
3991,-0.8148450162945342,-0.1691697550463139,0.6456752039004977,-0.7308678538828286,0.23867710214266513,0.4928444747417724,0.31083577957423875,0.5199886803751198,-0.5404984518687468,0.020845798811964716,-0.1558036920570972,-0.06378379923684789
3992,-0.7945948726131682,-0.12053720625617209,0.6740576297844125,-0.7336946685843102,0.2749860903155803,0.4554210704240542,0.26515663239872905,0.48337675077971043,-0.5690524740572513,0.0011656333806044656,-0.17118765987442583,-0.08330758869417404
3993,-0.7796621695883206,-0.13473507182677302,0.6449270630275085,-0.7127045530365611,0.25063777789942343,0.4529553112149778,0.23950122922297185,0.4624194898133871,-0.5760012331912243,0.006864421443201356,-0.15750687436085214,-0.07538425018433821
3994,-0.7698257325243281,-0.1676847978930092,0.6021408973547021,-0.6859833149395151,0.21341701888897685,0.4649442343667991,0.22866110497983838,0.4649442343667991,-0.5640307007658567,0.030488146554048932,-0.12195258621619573,-0.04573222099596767
3995,-0.764272609994205,-0.140077487740304,0.6241951642243883,-0.691435786550697,0.2412505168333308,0.4488415009325252,0.18444690281491746,0.4381570200222362,-0.5850767576809064,0.02095616126808631,-0.11544999675772565,-0.05087594962839398
3996,-0.7534689384602623,-0.13076564928775822,0.6227033210291624,-0.6831869790873769,0.24657503529702804,0.43732337523366394,0.1452519928513378,0.41298561603585626,-0.5997321694318636,0.013694864928757173,-0.10049571351755901,-0.044430119122249034
3997,-0.7445957533581407,-0.17388103054571807,0.5707146925248994,-0.655074164428054,0.19802851777467956,0.456757833991206,0.13346466430495116,0.4099395952964816,-0.5924881655898716,0.026943105387374194,-0.06543819898377091,-0.013801320033992554
3998,-0.7469595847497275,-0.1676847978930092,0.5792747868567182,-0.6631171671649144,0.2057949944818545,0.45732220995967676,0.10670850944448843,0.38872384118910835,-0.6097629217618243,0.022866110497983837,-0.05335425472224421,-0.007622036638512231
3999,-0.747272352014844,-0.1379581464538427,0.6093142194495093,-0.6756582392517928,0.23638703961528862,0.4394364066380979,0.06998647566472783,0.36209785232274927,-0.6347615161764888,0.014598990262076984,-0.04528130720894928,-0.0005130486215387961
4000,-0.7431278142374476,-0.17920519815821462,0.563922619844116,-0.6487025161247433,0.1899080687533192,0.45857987612509143,0.04692337051470097,0.3534897217079378,-0.645855805770094,0.01849739614930507,-0.02033737749494173,0.026410356211802814
4001,-0.7360386356160338,-0.2055092448643436,0.5305293840772307,-0.6304257626137394,0.15909458651322989,0.4714843490184123,0.01903939046127934,0.3322886851410755,-0.6622262736437268,0.00974355084761568,-0.004959949894864777,0.039829924327102986
4002,-0.7317155359354828,-0.1829288839838707,0.5487866146749952,-0.6402510193903137,0.1829288839838707,0.45732220995967676,-0.022866110497983844,0.2896373934283591,-0.6936053393466374,-0.015244073277024466,-0.007622036638512233,0.03811018261011402
4003,-0.7320121843711574,-0.22088919394210738,0.5111229604804358,-0.6221844788201011,0.14559915754734756,0.4763894872612023,-0.05419432279444944,0.2580886814600415,-0.7183649893627807,-0.028895241809816005,-0.0038893840777533407,0.047634712209953065
4004,-0.7249817851095517,-0.26836628184259426,0.4566155073930155,-0.5887593802263288,0.09361518887665538,0.49549059384733485,-0.07562676866594639,0.23619171544739306,-0.7342642698266209,-0.036531546487547875,0.005271008100453841,0.06171147862636876
4005,-0.7113460122853084,-0.23603694657511126,0.47530908675892164,-0.5891357714436017,0.11997684367210715,0.4688279444886523,-0.11382543121706629,0.19974868438859916,-0.7663056928036576,-0.06393088553504545,-0.005519862657558911,0.058166699427422495
4006,-0.7012273637537597,-0.23628312938696067,0.4649442343667991,-0.5792747868567182,0.11433055248991919,0.4649442343667991,-0.15244073044045608,0.1676847978930092,-0.7926918057456951,-0.0838423989465046,-0.015244073277024466,0.05335425472224421
4007,-0.6939542381345619,-0.3005918696283639,0.39336233188716363,-0.5398242714180845,0.04363082362357804,0.49711267847544605,-0.16985546450510586,0.15131271385255543,-0.7952745327582247,-0.08589400816363643,-0.00764452343096266,0.05536777080391894
4008,-0.692764160930362,-0.3058147077607497,0.3869494393115439,-0.5372331558841327,0.035547933379737114,0.49770230260822274,-0.19181194001236748,0.12619386776211314,-0.8198218332118481,-0.11325799502422255,-0.014922498161501704,0.044565506383179215
4009,-0.6925679241106036,-0.29193500998539695,0.40063294016490514,-0.5477429019045003,0.05215555871292989,0.4878196078432057,-0.2226726017347501,0.09953078624541839,-0.8541215489424535,-0.14379137087852012,-0.0225641084635419,0.03896730571802698
4010,-0.6936053393466374,-0.35061368187687986,0.34299165746975757,-0.5182984797698891,7.22407331389179e-20,0.5182984797698891,-0.23628312938696067,0.09146444199193535,-0.8612901745162636,-0.14481869671417955,-0.007622036638512233,0.05335425472224421
4011,-0.7036791538677885,-0.38148321330038565,0.32219592769463123,-0.5089702178043685,-0.02477741030700061,0.5415008966778301,-0.24977611842761688,0.07311733013905167,-0.878011626996137,-0.16192216422748124,-0.0039097467132883975,0.05645374977685632
4012,-0.7144781561691577,-0.3538817251499466,0.3605964627839064,-0.5361090563124278,0.004641143513919359,0.535489063175736,-0.27896340040978146,0.03597696537636578,-0.9185812559184177,-0.2007487635598679,-0.014703616271867124,0.04883764743704613
4013,-0.7154334353565596,-0.38456485408902574,0.3308686083328383,-0.5225665685479006,-0.026907834919054095,0.5485185478913827,-0.2898437362945714,0.021325837093181012,-0.9411570712783293,-0.2144798548850688,-0.012992336279782538,0.058417133369581056
4014,-0.7164714125680044,-0.434456062185076,0.28201535038292835,-0.49543236927190526,-0.07622036522022804,0.571652725172979,-0.2896373934283591,0.015244073277024466,-0.952754541954965,-0.2210390619344076,-0.007622036638512231,0.0685983268343744
4015,-0.7171187663971247,-0.4169015189213099,0.3002172773507238,-0.5073789192858013,-0.058761457787625565,0.566558274987413,-0.3163981853920439,-0.018480090591442802,-0.9843847891380098,-0.2540073056220903,-0.01730556118359542,0.05802019374980967
4016,-0.7113684536537543,-0.42778884428585967,0.28357963605023545,-0.4983573307049951,-0.07019866789367696,0.5680328039116965,-0.339586412885485,-0.04423870890754092,-1.0180633912239219,-0.2832190376538182,-0.030601358694932922,0.049650735641136375
4017,-0.7078915364765972,-0.49105169846667507,0.21683983176202568,-0.46201199444855245,-0.1328798309637203,0.5952643641465758,-0.33095441837648554,-0.046160380714931934,-1.0321581786618808,-0.2925712776580467,-0.02907821660626093,0.05499284858095529
4018,-0.708849388160882,-0.4878103448647829,0.2210390619344076,-0.4649442343667991,-0.12957461994247227,0.5945188729475798,-0.3353695957860184,-0.06097629310809787,-1.0594630327611452,-0.32012550969515685,-0.03811018261011403,0.04573222099596767
4019,-0.7070288327845056,-0.4622672955042597,0.244761555145648,-0.47592546489055204,-0.10486811163862271,0.5802758242868491,-0.3560626099453473,-0.08565581029906988,-1.0970063516935071,-0.3582380810837557,-0.0638421598044434,0.030324212108850196
4020,-0.7167126700047699,-0.5145585347584498,0.20215409904612816,-0.4596722451264467,-0.15372549224686224,0.6143704355552106,-0.3532134408381289,-0.09898624920838864,-1.1104503144293125,-0.3721431728561865,-0.06894437987320598,0.03673938868901441
4021,-0.737833838423439,-0.5511297284032077,0.18670408710109873,-0.46159840064530566,-0.18317841248818212,0.6437698291426188,-0.3537583381684494,-0.11253305109505746,-1.1291094756848479,-0.3898412233689214,-0.07201663423740115,0.03384520246436615
4022,-0.7469595847497275,-0.5259205414536282,0.2210390619344076,-0.4801883204576606,-0.15244073044045608,0.6326290695364251,-0.37347979237486373,-0.1371966536687488,-1.1661715981205587,-0.4268340377779537,-0.09146444199193535,0.015244073277024466
4023,-0.7496295602898785,-0.5502238002409016,0.19940576398486565,-0.47026257141343847,-0.17184245801723397,0.6490702847842735,-0.3753336202991576,-0.15665210280883388,-1.1794314449605279,-0.44211172739048626,-0.09871283010825355,0.01892243618772145
4024,-0.7666051635891837,-0.599237253938511,0.167367921571554,-0.4636802443216066,-0.21358494470050926,0.6818994939897217,-0.3735139151205461,-0.16561647914608332,-1.1873038663366637,-0.44349567596194844,-0.10174790614593784,0.02426788202063939
4025,-0.7788054213464182,-0.5704404302911501,0.2083650376699309,-0.48943606335142587,-0.1817531229430572,0.6700310046135027,-0.38470624134305087,-0.18176201013561993,-1.2126067463098633,-0.46739394651016,-0.10859872201450624,0.009416426891990739
4026,-0.7774476823782167,-0.5564086763587344,0.2210390619344076,-0.49543236927190526,-0.1676847978930092,0.6631171671649144,-0.38872384118910835,-0.19817295143642377,-1.2347699668911272,-0.49543236927190526,-0.11433055248991919,-6.802934544754339e-19
4027,-0.7771884841779829,-0.6080506773685541,0.16913786710757334,-0.46982732251577397,-0.2189162452399817,0.6889446570324933,-0.38762252423797083,-0.20342679296234387,-1.2458396418542135,-0.5067974462106388,-0.12628361934766974,0.00044992538017735634
4028,-0.7716917214671426,-0.6025196559152426,0.16917209634845587,-0.46564925553281644,-0.2176304467494034,0.6834239450004618,-0.39198804403857757,-0.21369027989300088,-1.2560198591391405,-0.5209631262641472,-0.1312478538753158,-0.003391795973329272
4029,-0.7557180705352995,-0.5643058722179611,0.19141219042352528,-0.4710660085836088,-0.18526630254199283,0.6558493457131149,-0.3967036918478444,-0.22107846636464584,-1.267411113904327,-0.5369344604728038,-0.1288986364046631,-0.00827281405598214
4030,-0.7393375603426051,-0.5945188729475798,0.14481869671417955,-0.4420781238688152,-0.2210390619344076,0.6631171671649144,-0.38872384118910835,-0.2057949944818545,-1.2652581390728501,-0.5335425658607506,-0.12957461994247227,6.314210511273954e-19
4031,-0.7257457325101003,-0.6021289685052704,0.12361679365978596,-0.4215490278977766,-0.23569315478724256,0.6636511415624107,-0.3839021035985338,-0.2000912644487272,-1.2597117575258592,-0.5340462587662508,-0.1338327770269671,0.004273473752964579
4032,-0.7225413112805158,-0.5518401867077295,0.1707011441291093,-0.44393308768990625,-0.18590837754493406,0.6354263976871113,-0.4010741848346961,-0.2192909517722537,-1.279213436811639,-0.5570854603021715,-0.1438876988581313,-0.011913616269995373
4033,-0.7228319133160556,-0.5604367681471178,0.16239516860192438,-0.4434616226863004,-0.19653135102207048,0.6379038327049619,-0.39866845610990104,-0.21542795726939287,-1.2847972173755415,-0.5615384084610379,-0.14213815094909366,-0.011659805265209856
4034,-0.7164714125680044,-0.5945188729475798,0.12195258621619573,-0.41921201337083136,-0.23628312938696067,0.6554951427577921,-0.381101816781986,-0.19817295143642377,-1.2728801634799725,-0.5564086763587344,-0.1371966536687488,-3.562106486708833e-19
4035,-0.7182342091357352,-0.5653544883367455,0.15287976659037053,-0.4327206844621673,-0.20290206234800273,0.6426084712272853,-0.39153897443816194,-0.2132830434828015,-1.291886889859858,-0.5785296356772721,-0.15409707941462455,-0.01622176806498014
4036,-0.7365778308977361,-0.5646371760750976,0.17194067266213836,-0.44926086668450377,-0.19420644317932848,0.6485957189747188,-0.39390934350884027,-0.22671854733191235,-1.3134929880128132,-0.5914163124000635,-0.16155340886810118,-0.025213943881579576
4037,-0.7487314141781438,-0.6173906616505093,0.13134076284288954,-0.4376412828379886,-0.2429393017032918,0.6786052841102228,-0.3755999380969733,-0.21821619523180313,-1.307088380186535,-0.5854662084604484,-0.14858673223437618,-0.011116621337717993
4038,-0.7545816091568497,-0.6097629217618243,0.14481869671417955,-0.4497001482759375,-0.22866110497983838,0.678361215979159,-0.381101816781986,-0.22866110497983838,-1.3186123099227065,-0.6021408973547021,-0.16006275484757843,-0.022866110497983837
4039,-0.7655505090192792,-0.5801095128220015,0.1854409718245312,-0.47220409088682347,-0.19303754273413767,0.672471257182138,-0.39088735196353674,-0.24459093561462436,-1.3397977002912071,-0.6183381311288707,-0.1822419561230783,-0.04540318979111062
4040,-0.7753169389056814,-0.6177610867072547,0.15755579594489258,-0.46414506650324583,-0.22651930504299306,0.6951350330531474,-0.37832831510956677,-0.23465446487747535,-1.3317877843662833,-0.6073550784463738,-0.17412376418884515,-0.0367509977324942
4041,-0.7907303807451067,-0.6375323120376375,0.15319800349145038,-0.4720597347214647,-0.238762110918956,0.7096553350472454,-0.3750149578475207,-0.229863258231069,-1.3265957900128353,-0.6031524702196874,-0.1697095897168438,-0.03280925246344186
4042,-0.8079359291131736,-0.6021408973547021,0.2057949944818545,-0.5030543936790275,-0.19817295143642377,0.7012273637537597,-0.38872384118910835,-0.24390517243239146,-1.3414783831440735,-0.6173849834455636,-0.190550908390993,-0.05335425472224421
4043,-0.8081783988534186,-0.6153569736470841,0.1928214127969924,-0.49577601657633397,-0.21196460926252433,0.7082591410055381,-0.38544198006421865,-0.24101536383464495,-1.3368564821627111,-0.6190072328853995,-0.1939289720692411,-0.056864991337102176
4044,-0.8075257313297486,-0.6520338052646295,0.1554918911701803,-0.47888937086163036,-0.24736503304453672,0.7256163013612846,-0.3754449832814436,-0.23038902083862312,-1.330921319691751,-0.6161799668282986,-0.18784060687360074,-0.048825259125495034
4045,-0.8050340902533955,-0.6124539344240658,0.19258015615824658,-0.4940622097077306,-0.2106662817139185,0.705166947086471,-0.38561149877206713,-0.24115224566978286,-1.3459700551590599,-0.6304073042142926,-0.20551389169726725,-0.05735588787115195
4046,-0.7926918057456951,-0.5868968112638405,0.2057949944818545,-0.49543236927190526,-0.190550908390993,0.6859833149395151,-0.38872384118910835,-0.24390517243239146,-1.3491005566576633,-0.6402510193903137,-0.21341701888897685,-0.060976293108097865
4047,-0.7854400022743248,-0.6311191490348672,0.15432077933567667,-0.47004493070038333,-0.23473932110415835,0.7041824376259774,-0.3699495047487247,-0.22919600672302615,-1.339130439862247,-0.6378142845606721,-0.1991237372849905,-0.05327248908339925
4048,-0.7808673993465678,-0.6278519802232412,0.15301542734084653,-0.46450311212878537,-0.2354575681344738,0.7010699921783776,-0.36615105839550766,-0.23794693800380856,-1.3510225120507868,-0.6504054286062686,-0.20706291325648118,-0.0600023009791133
4049,-0.7762123464140185,-0.5978682151606091,0.1783441716643723,-0.47413890392485714,-0.20970014888145538,0.6827060716092388,-0.37432144226267794,-0.254192118587767,-1.3655710125324898,-0.6651699870375647,-0.2240488490637416,-0.07010357360476706
4050,-0.7850697813385727,-0.6402510193903137,0.14481869671417955,-0.4649442343667991,-0.24390517243239146,0.708849388160882,-0.3582357062840022,-0.24390517243239146,-1.356722431958318,-0.6554951427577921,-0.21341701888897685,-0.060976293108097865
4051,-0.7974177594656929,-0.6604971487459975,0.1369205970863721,-0.46433523193754833,-0.2571376366625595,0.728656461285248,-0.3413966015047079,-0.2394702776511316,-1.3517290944400095,-0.6501465434283455,-0.20831197969878604,-0.05695969115635972
4052,-0.8005335212341573,-0.614168445823768,0.18636511003836215,-0.49040509674862737,-0.21121295003178964,0.7058053076570001,-0.3502323651743675,-0.25269095487449406,-1.3641009473947285,-0.6673771817791581,-0.22542640493618663,-0.0716131445962809
4053,-0.7994336250627253,-0.6208528719173722,0.17858074083286493,-0.49009081043738323,-0.21642851487617942,0.7058201317247799,-0.3451336174767379,-0.24591081185988833,-1.3580071893227172,-0.6658786388798839,-0.22523269385837608,-0.07479344682303107
4054,-0.8003138301528174,-0.6554951427577921,0.14481869671417955,-0.47256625877392133,-0.25152719683951374,0.7240934369751267,-0.32774757137889604,-0.22866110497983838,-1.3414783831440735,-0.6478731183506697,-0.21341701888897685,-0.0685983268343744
4055,-0.7951900853167709,-0.6179089536715676,0.17728114234972445,-0.4831386288031114,-0.22044805232612058,0.7025761621857038,-0.3374798494205634,-0.23291990089188458,-1.344895589844595,-0.6514214081641735,-0.22321390020107176,-0.0790966058101421
4056,-0.785976811475909,-0.5937729814971431,0.19220381930953878,-0.48453007834722883,-0.1983930240251673,0.6876747476128082,-0.34241080091990894,-0.23439500976219746,-1.345978492219925,-0.653557895699589,-0.23100422318564187,-0.08567392359475894
4057,-0.7855536664667385,-0.62790717471144,0.15764649799504693,-0.46881391585036764,-0.23194070031542324,0.7073487111940867,-0.3195766872984557,-0.21362044438561,-1.32572083393854,-0.6323583081886683,-0.21465194111161517,-0.07041197808788946
4058,-0.7926918057456951,-0.6097629217618243,0.1829288839838707,-0.4878103448647829,-0.21341701888897685,0.7012273637537597,-0.32012550969515685,-0.21341701888897685,-1.3262343343298288,-0.6326290695364251,-0.21341701888897685,-0.0685983268343744
4059,-0.7974447876589721,-0.5675083924492993,0.22993638674648498,-0.5112523007095823,-0.16616655540703812,0.6821624137876621,-0.33653570150695655,-0.22955478584971614,-1.341225419017846,-0.6484589703449408,-0.22370379110523186,-0.07830893463119819
4060,-0.8060955527757028,-0.6031445359056824,0.2029510516578859,-0.49937317936650816,-0.19563188434195203,0.7051052459412037,-0.321824640640859,-0.215643084910436,-1.3279290328664441,-0.6345179792228932,-0.20660536937415286,-0.0633966628656015
4061,-0.8192606964106823,-0.6341769548336065,0.18508382747929636,-0.49963642429565885,-0.2208143158678774,0.7260278052817115,-0.31402209664299824,-0.20716267467977165,-1.3184393296563792,-0.6258331157717254,-0.20045212328999193,-0.05368439145262368
4062,-0.8308019277813067,-0.6097629217618243,0.2210390619344076,-0.5259205414536282,-0.190550908390993,0.7164714125680044,-0.3353695957860184,-0.22866110497983838,-1.3414783831440735,-0.6478731183506697,-0.2210390619344076,-0.0685983268343744
4063,-0.8370918874642419,-0.6296343010210087,0.2074575855078416,-0.5198221546743089,-0.2103366446032558,0.7286639700568764,-0.33364776402592666,-0.22729851375454962,-1.3454267279185874,-0.6511815554372736,-0.21811056310979512,-0.06615838785420483
4064,-0.8356850102660524,-0.667604148183736,0.16808089650401653,-0.49660096802781273,-0.24888612984293496,0.750440660598066,-0.32017517000214485,-0.21295597707621416,-1.332848942623116,-0.6444432869932601,-0.21050729660940862,-0.05482393337172098
4065,-0.8264834145372073,-0.6271540811468468,0.1993294163233826,-0.5105784854049299,-0.2090053394808057,0.726346571106232,-0.33420868209724613,-0.22873241537345496,-1.3483206624720796,-0.6624496598208476,-0.2276638255751014,-0.0666712459288587
4066,-0.815557878967062,-0.5945188729475798,0.2210390619344076,-0.5182984797698891,-0.1829288839838707,0.7012273637537597,-0.34299165746975757,-0.24390517243239146,-1.3643444563654403,-0.6707391915720368,-0.23628312938696067,-0.07622036522022804
4067,-0.8079039207049359,-0.6260211024453753,0.18188281864767886,-0.4919115656458842,-0.22159697447273918,0.7127313607222132,-0.3299457721507054,-0.23734321628343702,-1.3560518427293289,-0.6611028728114033,-0.233655169180616,-0.07395067918896932
4068,-0.807434791123644,-0.6177013923621552,0.18973334930630592,-0.4944937985547093,-0.21409714187440476,0.7091756068235977,-0.32990162000793793,-0.23943488194144438,-1.3627778959666546,-0.674655732346491,-0.2472989584182568,-0.08735733171442488
4069,-0.8066205191131209,-0.5774842644020124,0.22913620489407874,-0.5139506653474661,-0.17419713988562652,0.6879746954478217,-0.33482387281564824,-0.2422253846789915,-1.3699209009390934,-0.6848426999221662,-0.2612708635844569,-0.10113243602948005
4070,-0.8079359291131736,-0.6021408973547021,0.2057949944818545,-0.5030543936790275,-0.19817295143642377,0.7012273637537597,-0.32012550969515685,-0.2210390619344076,-1.3491005566576633,-0.6631171671649144,-0.25152719683951374,-0.09146444199193535
4071,-0.8180184061925179,-0.6201928017105653,0.19782555881272007,-0.5071523837671101,-0.2110332753248548,0.717960445580832,-0.31042206073993195,-0.20933745458464495,-1.3420228762478743,-0.6567091876506119,-0.24656880288577987,-0.08736268138863282
4072,-0.8305996666773796,-0.5802271637328246,0.25037249575925496,-0.5407347553891672,-0.16533384364491086,0.7067200307179838,-0.31826001877319954,-0.2250376341729267,-1.3613328136820602,-0.6754922604955484,-0.26362779826341776,-0.10194798574552721
4073,-0.840811374938137,-0.5928877794363139,0.24792358363627287,-0.5445217311039614,-0.17173620391728764,0.7154331559254168,-0.318100187727718,-0.22524321369860206,-1.3584433585177988,-0.6742628902343091,-0.26301500125882016,-0.10563657182183986
4074,-0.8460460511487851,-0.6402510193903137,0.2057949944818545,-0.5259205414536282,-0.21341701888897685,0.7393375603426051,-0.3125034852880345,-0.21341701888897685,-1.3414783831440735,-0.6631171671649144,-0.25152719683951374,-0.09908647571821189
4075,-0.8449038293514908,-0.615138044037694,0.22976579770340566,-0.534082882086716,-0.18843945811471102,0.7293297860446937,-0.31770889843301653,-0.2188983199944787,-1.3445002429079516,-0.6681988409135226,-0.25809413985332896,-0.09942844342202153
4076,-0.8469364718864463,-0.5978648658174489,0.2490716034595619,-0.5453729904350253,-0.17113529798041488,0.7213718280635782,-0.3189436574960033,-0.21850571256273904,-1.3486019354744896,-0.6665399728999744,-0.25074322072500915,-0.09330902208549363
4077,-0.8422514399354274,-0.6373446884421126,0.2049067432601681,-0.5244270566800999,-0.21196571906549697,0.7350530751588402,-0.30972017322302486,-0.21326156821717418,-1.3361091814353232,-0.6501437756925289,-0.23135242364317582,-0.08040085038779467
4078,-0.8308019277813067,-0.625006970576069,0.2057949944818545,-0.5182984797698891,-0.2057949944818545,0.7240934369751267,-0.32012550969515685,-0.22866110497983838,-1.3414783831440735,-0.6554951427577921,-0.23628312938696067,-0.0838423989465046
4079,-0.8246323446509195,-0.5844671270304557,0.24016520006649378,-0.5295100560575928,-0.17141666743555675,0.701452081051816,-0.3411378153316738,-0.2430164896165028,-1.3562394760870706,-0.6662106839563496,-0.24490254770519604,-0.09235041228440546
4080,-0.8151746270847402,-0.6117286261275577,0.20344596138100884,-0.5044263093829172,-0.20451767880012447,0.7084207347959468,-0.33601335804935323,-0.24057456289061002,-1.3443262876704967,-0.6458297325855595,-0.23648901394104183,-0.08400922471663119
4081,-0.8049397856558471,-0.6299595284901681,0.1749802405092957,-0.48744191204958087,-0.22738023703089177,0.7150785630025485,-0.32657985752762825,-0.23475526593323634,-1.3311579794949224,-0.6307620241930145,-0.22609920867781835,-0.07437920826431241
4082,-0.8079359291131736,-0.5945188729475798,0.21341701888897685,-0.5106764180861498,-0.190550908390993,0.7012273637537597,-0.3353695957860184,-0.23628312938696067,-1.3414783831440735,-0.6402510193903137,-0.22866110497983838,-0.07622036522022804
4083,-0.8180713753747002,-0.6118606937598737,0.2062106701064777,-0.5092347576535332,-0.20276932471222214,0.7119025559600529,-0.33209305145017304,-0.23294292017340523,-1.338004020725906,-0.6309919301350149,-0.23081386203600948,-0.07199087067731004
4084,-0.8314737402643747,-0.6606265745047606,0.170847171174863,-0.49703111090774377,-0.24508038398115498,0.742167299098091,-0.32192551392017926,-0.21971412870562418,-1.3259178622772638,-0.6194263810411318,-0.22385318468146953,-0.06439753916940069
4085,-0.8389335273683994,-0.6291548964033633,0.20977863151274642,-0.5204105906267037,-0.20945856992940443,0.7298888292170557,-0.33244299655733045,-0.22561815377652547,-1.3394302021717217,-0.6418154088565166,-0.23433178502274832,-0.07254873603253982
4086,-0.8384240267416627,-0.6021408973547021,0.23628312938696067,-0.5335425658607506,-0.1829288839838707,0.7164714125680044,-0.3353695957860184,-0.23628312938696067,-1.3491005566576633,-0.6554951427577921,-0.24390517243239146,-0.07622036522022804
4087,-0.8379666602995361,-0.645789949533004,0.19217669982346905,-0.514409235185811,-0.22746789043127136,0.741730185687292,-0.32078008895772614,-0.22373161406319672,-1.334510778500222,-0.6413388101296574,-0.2256048348071191,-0.06333346434656872
4088,-0.8349420524518324,-0.6422242310262455,0.1927178629391171,-0.5138425420208441,-0.2223316995332879,0.7364777632245183,-0.32705706591628997,-0.22528416961598563,-1.3388274622559424,-0.6463801539017007,-0.22183969307888718,-0.0633833506774567
4089,-0.8277742556135474,-0.5999889804641377,0.2277853132038094,-0.52817576177638,-0.1826968515925084,0.7105640980554051,-0.3347235749333768,-0.23864247646763254,-1.3484241648032365,-0.6543124972498335,-0.2286138293567783,-0.06818336893533378
4090,-0.823179977927418,-0.625006970576069,0.19817295143642377,-0.5106764180861498,-0.21341701888897685,0.7240934369751267,-0.32012550969515685,-0.22866110497983838,-1.3338563587369512,-0.6326290695364251,-0.21341701888897685,-0.05335425472224421
4091,-0.8126291449215288,-0.6336430038143305,0.17898608634390595,-0.49206069147843967,-0.22772758818105934,0.7204072377939829,-0.32124667783745653,-0.22398432206206031,-1.328514618284934,-0.6211817433716234,-0.20870422449284612,-0.04852381437728385
4092,-0.7966654294918543,-0.5753377621760424,0.22132765580644573,-0.5074569925870093,-0.17678605846674803,0.6828356269612932,-0.33941088458088636,-0.23979046425156011,-1.341170532397917,-0.6325879717934945,-0.22404064066518364,-0.06515815210696485
4093,-0.7925829594903393,-0.5739781284888383,0.2186048383739797,-0.5049498482619992,-0.1773708544565518,0.6844456164022948,-0.34096802884026994,-0.2412850376270249,-1.3355345289056195,-0.6279356459777272,-0.22743689968487252,-0.06555957547658248
4094,-0.8003138301528174,-0.6173849834455636,0.1829288839838707,-0.4878103448647829,-0.21341701888897685,0.708849388160882,-0.3353695957860184,-0.22866110497983838,-1.3186123099227065,-0.6173849834455636,-0.2210390619344076,-0.05335425472224421
4095,-0.8011079824810712,-0.5928668651337875,0.2082411461078845,-0.5039060334789685,-0.1873405496626323,0.6937560052487491,-0.3447542568815781,-0.23187827033560465,-1.3200406758683811,-0.6271400900063038,-0.22510759447494288,-0.06255680576103173
